0000015	1
0000035	1
0000036	3
0000049	3
0000103	1
0000104	1
0000105	11
0000107	2
0000150	4
0000155	4
0000156	8
0000160	16
0000162	5
0000166	20
0000175	1
0000179	1
0000210	1
0000256	1
0000271	8
0000272	2
0000286	1
0000287	24
0000311	1
0000314	2
0000315	3
0000413	2
0000451	1
0000502	1
0000902	1
0000906	1
0000910	2
0001072	3
0001510	2
0001514	2
0001522	4
0001887	1
0002161	2
0002949	3
0003676	24
0003677	249
0003678	5
0003684	5
0003688	1
0003697	4
0003700	190
0003723	31
0003724	1
0003725	1
0003729	1
0003735	53
0003743	3
0003746	5
0003747	1
0003755	5
0003824	61
0003842	1
0003844	1
0003848	1
0003849	1
0003852	1
0003855	1
0003856	1
0003858	1
0003861	2
0003862	1
0003864	1
0003866	1
0003872	1
0003879	1
0003882	1
0003883	1
0003887	7
0003896	2
0003899	4
0003904	1
0003905	1
0003906	1
0003908	1
0003910	4
0003911	1
0003917	1
0003918	2
0003919	1
0003922	1
0003924	15
0003934	1
0003935	2
0003937	1
0003938	3
0003941	1
0003942	1
0003949	1
0003951	1
0003952	1
0003955	1
0003957	2
0003960	3
0003977	1
0003978	1
0003983	1
0003984	1
0003986	2
0003987	1
0003991	1
0003994	1
0003995	2
0003997	1
0003998	3
0003999	1
0004000	1
0004013	1
0004015	1
0004018	1
0004019	1
0004022	7
0004035	1
0004037	1
0004038	1
0004044	1
0004045	2
0004047	1
0004048	1
0004049	1
0004055	1
0004056	1
0004066	1
0004068	1
0004070	1
0004072	1
0004073	1
0004076	1
0004077	1
0004084	1
0004088	1
0004089	1
0004096	2
0004107	1
0004122	1
0004125	1
0004126	1
0004127	1
0004129	5
0004133	3
0004134	2
0004139	1
0004140	1
0004141	1
0004144	2
0004146	1
0004148	2
0004150	1
0004152	1
0004156	2
0004160	1
0004161	1
0004170	1
0004175	1
0004176	1
0004177	3
0004180	1
0004190	2
0004197	1
0004222	6
0004252	10
0004298	2
0004311	1
0004314	1
0004316	1
0004322	1
0004325	1
0004326	1
0004332	2
0004333	1
0004337	2
0004340	1
0004342	1
0004345	2
0004347	1
0004349	1
0004350	1
0004351	1
0004356	6
0004357	2
0004358	1
0004359	2
0004360	1
0004364	1
0004366	1
0004368	1
0004370	1
0004371	1
0004372	1
0004373	1
0004375	1
0004385	1
0004386	5
0004397	1
0004399	1
0004400	3
0004401	1
0004412	1
0004413	1
0004418	1
0004424	1
0004425	1
0004450	1
0004451	1
0004452	2
0004459	1
0004474	1
0004476	1
0004478	1
0004479	1
0004488	1
0004489	1
0004494	2
0004497	29
0004512	1
0004514	2
0004516	1
0004518	4
0004519	22
0004521	1
0004523	2
0004525	1
0004526	1
0004527	1
0004540	5
0004550	1
0004553	13
0004585	2
0004587	1
0004588	1
0004590	1
0004591	1
0004592	1
0004594	1
0004595	1
0004601	5
0004602	1
0004604	1
0004605	1
0004609	1
0004611	1
0004614	1
0004616	1
0004617	1
0004619	1
0004632	1
0004633	1
0004634	1
0004635	1
0004636	1
0004637	1
0004638	2
0004639	1
0004640	1
0004641	1
0004642	2
0004643	1
0004644	2
0004645	1
0004648	1
0004654	1
0004655	1
0004659	3
0004664	1
0004665	1
0004672	4
0004673	3
0004674	5
0004722	3
0004725	1
0004729	1
0004731	1
0004733	2
0004735	1
0004736	1
0004738	1
0004739	2
0004743	1
0004748	3
0004749	1
0004750	1
0004756	1
0004764	2
0004765	1
0004781	1
0004784	3
0004789	1
0004791	2
0004794	1
0004795	1
0004798	1
0004799	1
0004801	1
0004802	1
0004803	26
0004805	2
0004806	1
0004807	1
0004812	4
0004813	1
0004814	1
0004817	1
0004818	1
0004820	1
0004821	1
0004822	1
0004823	1
0004824	2
0004825	1
0004826	2
0004827	1
0004828	1
0004829	1
0004830	1
0004831	1
0004832	1
0004834	2
0004844	1
0004845	2
0004851	1
0004852	2
0004853	1
0004856	1
0005047	1
0005048	1
0005198	7
0005215	4
0005247	2
0005267	1
0005381	1
0005384	1
0005488	4
0005506	40
0005507	3
0005515	18
0005524	213
0005525	23
0005576	5
0005615	1
0005694	1
0005737	42
0005777	3
0005829	10
0005839	1
0005840	31
0005854	1
0005886	58
0005960	1
0005971	1
0005975	23
0005978	3
0005980	5
0005991	1
0005992	4
0005997	1
0006002	1
0006006	3
0006007	1
0006012	1
0006021	1
0006044	2
0006048	1
0006066	1
0006071	2
0006072	2
0006085	1
0006086	3
0006089	1
0006090	3
0006094	5
0006096	10
0006097	1
0006098	8
0006099	8
0006106	1
0006108	2
0006113	1
0006139	2
0006163	1
0006164	4
0006166	1
0006177	1
0006189	7
0006203	1
0006206	1
0006207	3
0006221	3
0006226	1
0006229	1
0006231	2
0006233	1
0006241	1
0006260	13
0006261	1
0006265	3
0006268	1
0006269	1
0006275	1
0006281	31
0006284	4
0006285	1
0006289	3
0006302	1
0006303	1
0006304	1
0006308	2
0006310	21
0006313	2
0006351	4
0006352	13
0006353	4
0006355	184
0006364	6
0006396	5
0006400	5
0006402	1
0006412	58
0006413	3
0006414	4
0006415	3
0006418	3
0006419	1
0006420	1
0006423	1
0006424	3
0006426	1
0006427	1
0006428	1
0006429	1
0006430	2
0006431	1
0006432	2
0006433	1
0006434	1
0006435	1
0006436	1
0006437	1
0006438	1
0006450	1
0006457	4
0006465	2
0006468	9
0006470	4
0006486	1
0006508	22
0006520	5
0006522	1
0006523	1
0006525	2
0006526	4
0006527	1
0006529	1
0006534	1
0006537	3
0006540	1
0006541	2
0006542	5
0006548	2
0006555	1
0006556	1
0006561	3
0006564	3
0006568	1
0006571	1
0006574	1
0006591	1
0006592	2
0006605	3
0006614	1
0006629	6
0006631	7
0006633	6
0006635	2
0006637	1
0006694	1
0006729	1
0006730	2
0006741	1
0006744	4
0006760	1
0006772	1
0006777	7
0006779	3
0006780	1
0006783	1
0006790	4
0006793	2
0006799	1
0006808	2
0006810	3
0006812	7
0006813	8
0006814	3
0006817	6
0006821	2
0006824	2
0006826	2
0006833	1
0006855	2
0006865	7
0006879	1
0006880	1
0006885	2
0006886	5
0006950	1
0006979	5
0007049	1
0007059	3
0007165	8
0008033	7
0008080	13
0008094	1
0008113	1
0008124	1
0008126	1
0008134	1
0008135	1
0008137	9
0008146	4
0008152	19
0008168	30
0008170	1
0008171	2
0008173	4
0008176	1
0008177	1
0008186	1
0008199	3
0008233	10
0008236	6
0008237	2
0008270	28
0008295	2
0008299	6
0008320	1
0008324	6
0008360	2
0008374	8
0008375	1
0008379	2
0008381	4
0008408	4
0008410	4
0008413	2
0008425	4
0008428	1
0008430	1
0008441	3
0008442	1
0008444	1
0008446	1
0008448	1
0008460	1
0008479	1
0008483	4
0008484	3
0008490	3
0008493	1
0008495	1
0008519	3
0008534	1
0008556	3
0008610	1
0008615	3
0008616	1
0008641	1
0008643	11
0008649	1
0008652	3
0008654	8
0008658	3
0008661	1
0008666	1
0008685	1
0008686	1
0008701	1
0008703	2
0008705	1
0008710	1
0008716	1
0008734	1
0008745	3
0008750	1
0008752	1
0008754	2
0008755	1
0008757	12
0008760	1
0008762	1
0008763	1
0008764	1
0008767	1
0008773	1
0008774	1
0008776	1
0008783	2
0008784	1
0008794	1
0008800	5
0008804	1
0008817	2
0008821	1
0008829	1
0008830	1
0008831	1
0008832	1
0008835	1
0008836	1
0008837	1
0008839	1
0008840	1
0008841	1
0008854	3
0008855	2
0008878	2
0008879	1
0008881	1
0008882	1
0008883	1
0008887	1
0008902	2
0008924	1
0008932	1
0008935	1
0008939	1
0008940	3
0008942	3
0008961	1
0008963	1
0008964	1
0008965	1
0008966	1
0008972	2
0008976	3
0008977	1
0008982	1
0008986	1
0008987	1
0008999	1
0009002	1
0009009	1
0009014	1
0009022	1
0009030	1
0009037	1
0009039	2
0009045	1
0009055	23
0009056	6
0009058	12
0009073	5
0009081	1
0009082	3
0009086	1
0009088	2
0009089	5
0009094	1
0009098	4
0009102	4
0009107	1
0009113	2
0009116	6
0009117	1
0009132	2
0009152	3
0009168	1
0009190	4
0009225	2
0009228	6
0009234	4
0009236	13
0009240	1
0009243	1
0009249	2
0009250	1
0009252	16
0009253	3
0009263	2
0009264	1
0009267	1
0009269	1
0009273	1
0009294	1
0009306	14
0009316	2
0009318	1
0009320	1
0009325	3
0009331	1
0009338	3
0009349	1
0009358	1
0009360	2
0009374	1
0009378	2
0009379	1
0009380	2
0009381	1
0009396	5
0009401	3
0009408	1
0009423	3
0009432	3
0009435	6
0009448	2
0009451	4
0009691	1
0009898	3
0009966	2
0009972	1
0009975	6
0009982	5
0010125	4
0010126	2
0010127	2
0010133	1
0010136	1
0010181	25
0010498	4
0010945	2
0012506	1
0015031	2
0015035	7
0015036	1
0015074	2
0015075	1
0015078	2
0015087	1
0015095	1
0015103	5
0015112	1
0015113	1
0015136	1
0015171	2
0015205	2
0015250	1
0015293	2
0015297	8
0015385	2
0015412	1
0015415	4
0015419	3
0015444	1
0015446	2
0015450	4
0015499	1
0015562	3
0015628	2
0015658	2
0015662	1
0015689	1
0015693	2
0015700	3
0015706	1
0015707	1
0015724	1
0015739	1
0015803	1
0015833	2
0015837	2
0015840	5
0015846	1
0015886	1
0015891	1
0015904	1
0015930	3
0015934	8
0015935	6
0015937	4
0015938	2
0015940	2
0015941	1
0015949	2
0015970	1
0015976	1
0015977	1
0015986	6
0015990	3
0015995	1
0016020	177
0016024	1
0016042	7
0016114	1
0016117	2
0016149	1
0016151	6
0016153	1
0016159	1
0016166	1
0016208	1
0016209	1
0016226	6
0016301	5
0016310	4
0016311	1
0016403	1
0016407	1
0016410	1
0016414	1
0016433	1
0016434	1
0016462	1
0016491	239
0016530	5
0016597	2
0016614	5
0016615	1
0016616	5
0016620	5
0016624	1
0016627	44
0016628	2
0016638	1
0016647	1
0016651	7
0016657	2
0016682	1
0016684	1
0016703	1
0016705	24
0016709	1
0016712	2
0016722	1
0016740	19
0016743	2
0016746	23
0016747	18
0016757	23
0016758	2
0016765	3
0016772	1
0016773	1
0016779	4
0016780	2
0016782	1
0016783	5
0016787	96
0016788	2
0016790	4
0016791	6
0016793	1
0016798	1
0016799	1
0016810	8
0016812	2
0016813	1
0016818	1
0016823	1
0016829	8
0016831	2
0016836	3
0016849	4
0016853	10
0016861	1
0016866	1
0016868	2
0016874	6
0016879	2
0016881	1
0016884	2
0016887	75
0016903	2
0016987	17
0016989	3
0016990	2
0016992	1
0016993	1
0016994	1
0017000	2
0017004	3
0017013	1
0017038	3
0017057	1
0017061	1
0017076	1
0017136	1
0017148	1
0017150	1
0018142	1
0018364	1
0018478	3
0018580	1
0018822	3
0019068	5
0019104	2
0019120	2
0019134	1
0019152	1
0019200	3
0019205	1
0019250	1
0019264	1
0019277	1
0019287	1
0019288	3
0019305	4
0019310	3
0019343	1
0019346	3
0019354	1
0019379	1
0019427	1
0019430	3
0019464	3
0019475	1
0019546	2
0019556	1
0019627	1
0019645	1
0019652	1
0019673	1
0019674	1
0019752	1
0019773	1
0019808	1
0019829	1
0019843	3
0019941	3
0020037	30
0022625	5
0022627	2
0022857	76
0022877	1
0022900	1
0030001	5
0030026	1
0030091	3
0030145	3
0030151	1
0030170	26
0030234	2
0030246	4
0030261	2
0030272	1
0030288	3
0030420	1
0030435	1
0030488	1
0030494	1
0030552	2
0030554	6
0030604	1
0030612	3
0030639	2
0030643	2
0030655	5
0030729	1
0030733	1
0030788	1
0030798	1
0030955	1
0030956	2
0030973	1
0030976	8
0030979	1
0031004	2
0031071	1
0031167	3
0031177	1
0031179	2
0031386	1
0031412	1
0031419	4
0031469	1
0031522	2
0031956	1
0032259	10
0032363	1
0032508	1
0032549	1
0032555	4
0032778	1
0032784	3
0032977	1
0033014	4
0033178	1
0033179	1
0033212	1
0033219	1
0033221	5
0033228	1
0033230	1
0033384	2
0033573	1
0033743	2
0033744	1
0033819	1
0033862	1
0033942	1
0033958	1
0034081	2
0034204	1
0034220	4
0034755	1
0035435	1
0035446	1
0035447	1
0035539	2
0035550	1
0035556	4
0035595	1
0035870	1
0035999	1
0036042	1
0036211	9
0036222	1
0036382	1
0036383	1
0036424	1
0042026	3
0042126	2
0042128	2
0042132	1
0042158	1
0042173	1
0042242	1
0042254	2
0042274	1
0042286	1
0042301	1
0042398	1
0042450	2
0042578	1
0042586	1
0042597	3
0042625	1
0042626	74
0042732	1
0042773	7
0042823	2
0042834	1
0042853	1
0042910	1
0042952	2
0043022	3
0043138	2
0043169	1
0043190	8
0043199	1
0043295	1
0043419	2
0043462	1
0043546	7
0043565	8
0043687	1
0043720	1
0043743	1
0043773	1
0043814	1
0043819	1
0043856	15
0043858	1
0043937	1
0043952	4
0043953	1
0044423	5
0045017	4
0045027	1
0045150	1
0045182	1
0045254	3
0045261	4
0045263	2
0045271	1
0045273	1
0045300	1
0045454	7
0045484	1
0045550	1
0045892	5
0045900	1
0045936	2
0046025	1
0046026	1
0046081	1
0046118	1
0046140	1
0046170	1
0046177	1
0046316	1
0046417	2
0046428	1
0046429	1
0046654	2
0046677	3
0046685	6
0046872	97
0046873	4
0046912	1
0046914	3
0046933	5
0046961	3
0046983	3
0047071	1
0047330	1
0047429	1
0047470	1
0047471	1
0047480	1
0047570	1
0047571	1
0047575	1
0047590	1
0047617	5
0047931	1
0047988	1
0048034	1
0048038	4
0048472	1
0048501	1
0050131	1
0050136	2
0050311	1
0050334	1
0050380	1
0050456	1
0050480	1
0050511	1
0050515	1
0050567	2
0050607	1
0050627	1
0050656	4
0050660	64
0050661	25
0050797	1
0050840	1
0050897	1
0050898	3
0051082	4
0051083	1
0051116	1
0051131	1
0051139	1
0051252	1
0051287	11
0051301	8
0051536	18
0051537	11
0051539	37
0051540	1
0051603	1
0051604	2
0051745	1
0051920	5
0051989	1
0052381	1
0052636	4
0052689	1
0052693	1
0052699	5
0052706	1
0052717	3
0052737	1
0052873	1
0052906	1
0052913	1
0052924	1
0055051	1
0055052	30
0055085	78
0061542	4
0061599	2
0061603	1
0061710	1
0061799	1
0062213	1
0065003	1
0070006	4
0070007	2
0070063	1
0070204	1
0070401	1
0070402	4
0070403	26
0070475	1
0070490	2
0070628	1
0070726	3
0070967	44
0071522	1
0071555	2
0071586	2
0071722	2
0071766	4
0071768	14
0071770	2
0071897	1
0071949	10
0071951	1
0072488	3
0097367	1
0098662	1
0098869	1
0102208	4
0102296	1
0110001	1
0140078	2
0140110	1
0140359	83
0140604	7
0140662	5
0140737	1
1901137	1
1901893	1
1902358	3
1902495	1
1902600	7
1903826	1
1904047	30
1904091	1
1905887	3
1990107	1
1990397	1
1990586	3
1990610	1
