0000015	1
0000035	1
0000036	1
0000049	3
0000098	2
0000104	1
0000105	9
0000107	2
0000150	4
0000155	16
0000156	7
0000160	24
0000162	5
0000166	38
0000175	1
0000179	1
0000210	1
0000256	1
0000270	1
0000271	5
0000286	1
0000287	20
0000311	1
0000314	2
0000315	3
0000413	2
0000451	1
0000502	1
0000774	1
0000902	1
0000906	1
0000910	2
0000917	1
0000976	1
0001000	1
0001216	2
0001510	2
0001514	2
0001522	4
0001539	3
0001727	3
0001887	1
0002100	1
0002161	4
0002949	3
0003676	30
0003677	234
0003678	7
0003684	7
0003688	1
0003697	4
0003700	155
0003723	37
0003724	2
0003725	2
0003729	1
0003735	53
0003743	3
0003746	5
0003747	2
0003755	5
0003774	4
0003796	1
0003824	61
0003825	1
0003844	1
0003848	1
0003849	1
0003852	1
0003855	1
0003856	1
0003857	2
0003858	1
0003861	2
0003862	1
0003864	1
0003866	1
0003879	1
0003883	1
0003887	9
0003899	7
0003905	1
0003906	4
0003908	3
0003910	2
0003911	1
0003916	1
0003917	1
0003918	4
0003919	1
0003922	1
0003924	12
0003934	1
0003935	1
0003937	1
0003938	3
0003941	2
0003942	1
0003949	1
0003951	1
0003952	1
0003954	3
0003960	3
0003977	1
0003978	1
0003983	2
0003984	1
0003985	3
0003987	2
0003989	6
0003991	1
0003994	2
0003995	3
0003997	1
0003999	1
0004000	1
0004013	1
0004015	1
0004018	1
0004019	1
0004030	5
0004035	1
0004037	1
0004038	1
0004040	1
0004044	1
0004045	2
0004047	1
0004048	1
0004049	1
0004055	1
0004056	1
0004067	1
0004068	1
0004070	1
0004072	1
0004073	1
0004075	3
0004076	1
0004077	1
0004084	1
0004088	1
0004096	2
0004107	1
0004108	1
0004122	1
0004124	1
0004125	1
0004126	1
0004127	1
0004129	3
0004133	2
0004134	1
0004139	1
0004140	1
0004141	1
0004146	11
0004148	1
0004150	1
0004152	1
0004156	2
0004160	1
0004169	1
0004170	1
0004175	1
0004176	1
0004177	5
0004180	2
0004181	2
0004190	2
0004222	5
0004252	11
0004298	2
0004308	1
0004309	1
0004314	1
0004315	3
0004325	1
0004326	1
0004328	1
0004329	1
0004332	1
0004333	1
0004335	1
0004340	2
0004345	2
0004349	1
0004350	1
0004351	1
0004352	1
0004356	3
0004357	4
0004358	1
0004359	3
0004360	1
0004364	1
0004368	1
0004370	1
0004371	1
0004372	2
0004373	1
0004375	1
0004385	1
0004386	7
0004397	1
0004399	1
0004400	1
0004401	1
0004412	1
0004413	1
0004418	1
0004424	1
0004425	1
0004450	1
0004451	1
0004452	1
0004471	1
0004473	1
0004474	2
0004475	1
0004476	1
0004478	1
0004479	1
0004488	1
0004497	12
0004512	1
0004514	2
0004516	1
0004518	4
0004519	16
0004521	4
0004523	2
0004525	1
0004526	1
0004527	2
0004529	1
0004534	2
0004536	1
0004540	4
0004550	1
0004553	5
0004585	1
0004588	1
0004590	1
0004591	1
0004592	1
0004594	1
0004595	1
0004601	5
0004605	1
0004611	1
0004614	1
0004616	1
0004617	1
0004618	1
0004619	1
0004634	1
0004635	1
0004636	1
0004637	1
0004638	2
0004639	1
0004640	1
0004641	1
0004642	2
0004643	1
0004644	1
0004645	1
0004648	1
0004654	1
0004655	1
0004658	1
0004659	4
0004664	2
0004665	1
0004672	3
0004673	13
0004674	4
0004721	2
0004722	2
0004725	5
0004729	1
0004731	1
0004735	1
0004736	1
0004738	1
0004739	4
0004743	1
0004748	2
0004749	1
0004750	1
0004756	1
0004764	1
0004765	1
0004766	2
0004784	2
0004791	3
0004793	1
0004794	1
0004795	1
0004797	1
0004798	1
0004799	1
0004801	1
0004802	1
0004803	23
0004805	1
0004807	1
0004812	3
0004813	1
0004814	1
0004817	1
0004818	1
0004820	1
0004821	1
0004822	1
0004823	1
0004824	1
0004825	1
0004826	2
0004827	1
0004828	1
0004829	1
0004830	1
0004831	1
0004832	1
0004833	1
0004834	2
0004844	1
0004845	1
0004846	1
0004852	1
0004853	1
0004854	1
0005047	1
0005048	1
0005198	5
0005215	16
0005216	2
0005247	1
0005267	4
0005298	1
0005315	2
0005375	1
0005488	9
0005506	17
0005507	5
0005509	1
0005515	16
0005524	285
0005525	24
0005542	1
0005576	2
0005694	1
0005737	42
0005739	1
0005777	1
0005802	1
0005829	4
0005839	1
0005840	31
0005854	1
0005886	52
0005948	5
0005960	1
0005971	1
0005975	22
0005978	2
0005980	3
0005991	2
0005992	4
0006006	5
0006011	2
0006012	3
0006021	1
0006048	1
0006071	2
0006072	3
0006086	5
0006090	2
0006094	5
0006096	7
0006097	2
0006098	6
0006099	9
0006106	1
0006108	1
0006116	3
0006139	2
0006144	3
0006163	1
0006164	4
0006166	1
0006177	1
0006188	1
0006189	9
0006203	1
0006206	1
0006207	3
0006221	3
0006226	1
0006229	1
0006231	1
0006233	1
0006241	1
0006259	1
0006260	16
0006261	3
0006265	5
0006269	1
0006275	1
0006281	31
0006282	1
0006284	7
0006285	1
0006289	3
0006298	1
0006302	2
0006303	1
0006304	1
0006308	2
0006310	22
0006313	5
0006351	4
0006352	9
0006353	3
0006355	153
0006364	8
0006396	11
0006400	6
0006402	2
0006412	60
0006413	3
0006414	4
0006415	3
0006417	2
0006418	3
0006419	1
0006420	1
0006423	1
0006424	3
0006426	1
0006427	1
0006428	1
0006429	1
0006430	1
0006431	1
0006432	2
0006433	1
0006434	1
0006435	1
0006436	1
0006437	1
0006438	1
0006450	1
0006457	7
0006465	3
0006468	3
0006470	4
0006486	12
0006508	31
0006520	3
0006522	1
0006523	1
0006525	2
0006526	4
0006528	1
0006534	1
0006535	2
0006537	1
0006540	1
0006541	4
0006542	3
0006548	2
0006556	1
0006561	3
0006564	3
0006567	3
0006568	1
0006569	1
0006571	1
0006592	2
0006601	1
0006605	1
0006614	1
0006629	3
0006631	3
0006633	13
0006635	3
0006729	1
0006730	3
0006741	1
0006760	1
0006777	7
0006779	3
0006780	1
0006783	2
0006793	1
0006797	1
0006799	1
0006801	2
0006808	1
0006810	17
0006811	1
0006812	7
0006813	2
0006814	4
0006817	6
0006821	1
0006825	1
0006826	2
0006833	1
0006855	2
0006865	23
0006873	1
0006885	3
0006886	3
0006935	2
0006950	2
0006972	1
0006979	6
0007059	2
0007155	1
0007165	15
0008033	6
0008080	21
0008081	2
0008094	1
0008108	1
0008113	1
0008115	2
0008121	1
0008124	1
0008135	1
0008137	1
0008152	9
0008153	1
0008168	20
0008171	2
0008173	5
0008176	1
0008177	1
0008186	1
0008198	1
0008199	1
0008219	1
0008233	8
0008234	1
0008236	6
0008237	11
0008251	1
0008253	1
0008254	1
0008263	1
0008270	46
0008276	1
0008289	1
0008295	1
0008299	7
0008324	6
0008360	5
0008375	1
0008380	1
0008381	2
0008408	4
0008409	1
0008410	4
0008422	1
0008428	1
0008443	1
0008444	1
0008448	1
0008460	1
0008479	1
0008483	7
0008495	1
0008519	1
0008534	3
0008556	4
0008615	1
0008641	1
0008643	15
0008649	1
0008652	2
0008654	13
0008658	3
0008660	1
0008661	1
0008666	1
0008677	1
0008685	1
0008686	1
0008687	1
0008703	1
0008706	1
0008710	1
0008716	1
0008725	1
0008728	2
0008734	1
0008743	1
0008752	5
0008753	5
0008754	2
0008755	2
0008757	11
0008760	2
0008761	1
0008762	1
0008763	1
0008764	1
0008783	1
0008784	1
0008795	1
0008808	1
0008817	1
0008821	1
0008829	1
0008832	1
0008835	1
0008837	1
0008839	1
0008840	1
0008841	1
0008855	2
0008864	2
0008867	1
0008878	1
0008879	1
0008881	1
0008882	1
0008883	1
0008887	1
0008890	1
0008893	1
0008897	2
0008902	1
0008909	1
0008924	1
0008932	1
0008935	1
0008940	3
0008955	5
0008961	1
0008963	1
0008966	1
0008968	1
0008972	1
0008976	3
0008977	1
0008986	1
0008999	1
0009001	1
0009002	3
0009009	3
0009014	1
0009022	1
0009030	1
0009035	1
0009037	1
0009055	16
0009056	1
0009058	16
0009060	1
0009073	6
0009081	1
0009082	3
0009086	1
0009088	3
0009089	6
0009094	2
0009097	6
0009098	4
0009099	5
0009102	4
0009103	3
0009107	3
0009113	2
0009115	2
0009116	5
0009117	1
0009132	4
0009146	1
0009152	2
0009168	1
0009190	1
0009220	1
0009225	1
0009228	3
0009234	3
0009236	1
0009240	1
0009245	1
0009246	1
0009249	4
0009250	1
0009252	19
0009253	1
0009263	2
0009264	1
0009267	1
0009269	1
0009288	4
0009294	1
0009297	1
0009298	1
0009306	12
0009307	3
0009310	1
0009313	1
0009316	2
0009317	7
0009318	1
0009320	1
0009325	3
0009330	1
0009331	2
0009349	1
0009358	1
0009360	3
0009374	1
0009378	2
0009379	1
0009380	2
0009381	1
0009396	4
0009408	4
0009423	3
0009424	2
0009431	2
0009432	3
0009435	6
0009448	1
0009451	4
0009691	2
0009898	2
0009972	1
0009975	1
0009982	4
0010124	6
0010125	3
0010126	2
0010127	2
0010136	1
0010181	39
0010498	5
0015031	3
0015035	6
0015036	3
0015074	10
0015075	1
0015078	5
0015079	2
0015103	2
0015112	1
0015136	1
0015171	12
0015205	2
0015250	1
0015252	2
0015267	3
0015288	1
0015293	2
0015297	4
0015385	2
0015412	1
0015415	5
0015416	2
0015419	1
0015424	5
0015444	1
0015450	4
0015562	5
0015628	2
0015645	2
0015648	1
0015658	1
0015662	4
0015663	1
0015689	2
0015693	1
0015697	1
0015716	4
0015739	1
0015740	2
0015803	7
0015824	1
0015833	2
0015846	1
0015851	2
0015890	1
0015891	2
0015930	1
0015934	8
0015935	6
0015937	3
0015940	3
0015949	2
0015969	1
0015970	1
0015986	8
0015990	1
0015995	1
0016020	245
0016024	1
0016042	1
0016051	1
0016052	1
0016075	1
0016114	1
0016116	2
0016117	3
0016149	1
0016151	1
0016153	1
0016159	1
0016166	1
0016208	2
0016209	2
0016226	7
0016301	6
0016310	14
0016311	3
0016405	1
0016407	5
0016413	1
0016421	1
0016433	1
0016434	1
0016462	1
0016491	146
0016530	1
0016597	1
0016614	1
0016616	8
0016620	4
0016624	1
0016627	12
0016628	1
0016639	1
0016646	2
0016651	3
0016655	1
0016682	1
0016702	1
0016703	1
0016705	12
0016706	2
0016709	2
0016717	2
0016722	1
0016740	12
0016746	30
0016747	13
0016755	1
0016757	31
0016758	2
0016765	6
0016772	3
0016773	3
0016776	1
0016779	7
0016780	5
0016782	1
0016783	4
0016787	86
0016788	4
0016790	11
0016791	4
0016793	1
0016798	1
0016799	1
0016810	9
0016811	4
0016812	2
0016813	1
0016817	4
0016818	4
0016829	14
0016830	2
0016831	1
0016832	1
0016836	1
0016846	1
0016849	1
0016853	4
0016868	1
0016872	1
0016874	13
0016879	2
0016881	1
0016884	2
0016887	121
0016893	4
0016901	1
0016903	1
0016987	11
0016989	3
0016992	1
0016998	1
0017000	2
0017004	4
0017038	1
0017057	1
0017076	1
0017148	2
0017150	1
0017168	2
0018364	2
0018467	1
0018480	1
0018578	2
0018817	1
0019104	6
0019134	1
0019172	1
0019184	1
0019200	2
0019205	1
0019213	4
0019239	2
0019264	2
0019277	2
0019287	1
0019288	4
0019290	1
0019305	2
0019343	1
0019346	4
0019350	1
0019427	2
0019430	3
0019441	1
0019464	3
0019491	2
0019538	1
0019556	1
0019628	2
0019629	1
0019634	3
0019645	1
0019646	1
0019674	1
0019700	1
0019752	2
0019773	1
0019808	1
0019825	1
0019829	4
0019835	1
0019843	3
0019941	4
0020037	19
0022625	5
0022627	2
0022841	2
0022857	120
0022904	1
0030001	9
0030091	2
0030145	2
0030151	6
0030170	35
0030234	1
0030245	1
0030272	1
0030288	2
0030366	1
0030420	1
0030429	1
0030435	1
0030488	1
0030494	1
0030527	1
0030552	2
0030554	2
0030604	1
0030612	2
0030638	1
0030639	1
0030643	1
0030729	1
0030798	1
0030955	1
0030956	2
0030973	1
0030976	11
0030979	1
0031004	2
0031012	1
0031071	1
0031167	2
0031177	1
0031317	4
0031386	1
0031402	1
0031522	2
0032049	1
0032196	6
0032259	13
0032508	2
0032555	1
0032784	2
0032787	1
0032977	1
0032993	2
0033014	5
0033194	2
0033228	1
0033230	1
0033232	2
0033286	4
0033288	4
0033294	1
0033295	1
0033308	4
0033617	1
0033743	1
0033744	1
0033816	1
0033818	1
0033819	1
0033862	1
0033942	1
0033971	1
0034067	1
0034200	1
0034204	1
0034220	6
0034257	2
0034258	2
0035435	4
0035446	1
0035447	1
0035556	1
0035870	1
0036211	6
0036222	1
0036297	2
0036424	1
0042026	3
0042126	2
0042132	1
0042173	1
0042254	2
0042274	1
0042286	1
0042301	2
0042398	4
0042450	2
0042578	4
0042586	3
0042597	6
0042625	1
0042626	146
0042773	1
0042802	15
0042803	3
0042823	2
0042834	2
0042853	1
0042910	1
0042918	1
0042952	1
0043022	4
0043039	1
0043093	2
0043138	2
0043169	1
0043190	20
0043462	1
0043546	2
0043565	19
0043682	1
0043743	1
0043885	1
0043934	1
0043937	1
0043952	4
0043953	1
0044183	1
0044780	6
0044781	1
0045027	1
0045127	1
0045182	1
0045227	2
0045240	5
0045254	5
0045259	7
0045273	1
0045454	4
0045550	1
0045892	9
0045893	2
0045900	1
0045927	1
0045936	1
0046081	1
0046118	1
0046167	1
0046177	1
0046274	2
0046278	2
0046292	1
0046316	1
0046349	1
0046392	1
0046417	1
0046421	1
0046428	1
0046429	1
0046449	1
0046496	1
0046653	2
0046654	12
0046677	5
0046685	2
0046688	1
0046820	1
0046835	1
0046872	163
0046873	4
0046912	2
0046933	6
0046983	4
0047307	1
0047330	1
0047355	6
0047429	1
0047443	1
0047448	1
0047470	1
0047471	2
0047475	1
0047480	1
0047575	1
0047617	1
0047789	1
0047834	1
0047850	1
0047952	1
0048034	1
0048038	2
0048473	2
0048501	1
0050136	5
0050380	1
0050440	1
0050456	1
0050480	1
0050511	1
0050515	1
0050518	1
0050567	2
0050607	1
0050627	1
0050660	32
0050661	19
0050896	2
0050897	1
0051082	4
0051083	1
0051087	1
0051119	1
0051131	1
0051139	1
0051156	1
0051213	2
0051252	1
0051287	15
0051301	15
0051304	1
0051470	4
0051536	16
0051537	17
0051539	12
0051540	1
0051603	1
0051604	2
0051745	1
0051775	1
0051920	4
0051989	1
0052381	1
0052621	3
0052851	3
0052855	1
0052856	1
0052873	5
0052906	1
0052913	1
0055051	1
0055052	35
0055085	155
0061599	2
0061603	1
0061710	2
0061799	1
0065003	1
0070006	6
0070007	1
0070063	1
0070069	1
0070085	1
0070204	1
0070273	2
0070401	1
0070402	4
0070403	22
0070475	1
0070490	2
0070628	1
0070726	4
0070905	2
0070967	5
0070968	1
0071111	3
0071522	1
0071555	10
0071586	1
0071704	2
0071705	4
0071805	5
0071949	22
0071951	1
0071973	7
0071978	1
0072488	1
0089714	1
0090529	1
0097266	1
0097351	1
0097367	3
0098662	1
0106411	1
0110001	4
0120225	4
0140078	3
0140098	1
0140110	1
0140359	153
0140658	1
0140662	3
0140737	1
0141098	1
1901023	1
1901135	1
1901137	2
1901576	1
1901893	1
1902495	1
1902600	3
1903424	1
1903425	1
1903663	1
1904047	25
1904091	3
1904680	2
1905887	5
1990204	2
1990397	1
1990586	1
1990594	1
1990610	1
