0000015	1
0000036	3
0000049	5
0000103	1
0000104	2
0000105	10
0000107	2
0000150	4
0000155	7
0000156	11
0000160	28
0000162	5
0000166	22
0000179	1
0000210	1
0000271	5
0000272	2
0000286	1
0000287	16
0000302	1
0000311	1
0000314	3
0000315	3
0000413	5
0000451	1
0000701	1
0000724	2
0000774	1
0000902	2
0000906	1
0000910	5
0001072	2
0001216	4
0001510	2
0001522	7
0001539	2
0002098	1
0002949	3
0003676	13
0003677	142
0003678	6
0003684	4
0003688	1
0003697	5
0003700	64
0003723	26
0003725	1
0003735	54
0003743	3
0003746	4
0003747	1
0003755	9
0003774	5
0003796	1
0003824	30
0003825	1
0003842	1
0003844	1
0003848	1
0003849	1
0003852	1
0003855	1
0003856	1
0003858	1
0003861	4
0003862	1
0003864	1
0003866	1
0003868	1
0003870	1
0003871	1
0003879	1
0003883	1
0003887	9
0003896	1
0003899	5
0003904	1
0003906	1
0003908	1
0003910	1
0003911	1
0003916	1
0003917	1
0003918	4
0003919	1
0003922	1
0003924	12
0003934	1
0003935	1
0003937	1
0003938	1
0003941	1
0003942	1
0003949	1
0003951	1
0003952	2
0003955	1
0003960	1
0003977	1
0003978	1
0003983	1
0003984	1
0003985	2
0003987	1
0003989	3
0003991	1
0003994	1
0003995	1
0003999	1
0004013	1
0004015	1
0004018	1
0004019	1
0004024	3
0004044	1
0004045	1
0004047	1
0004048	1
0004049	1
0004055	1
0004056	1
0004057	1
0004066	1
0004070	1
0004072	1
0004073	1
0004075	1
0004076	1
0004077	1
0004084	1
0004088	1
0004089	2
0004096	4
0004107	1
0004109	1
0004124	1
0004126	1
0004127	1
0004129	7
0004133	1
0004140	1
0004141	1
0004146	1
0004148	2
0004149	1
0004152	1
0004156	1
0004160	1
0004170	1
0004175	1
0004176	3
0004177	4
0004180	2
0004181	1
0004190	2
0004197	1
0004222	8
0004252	8
0004298	1
0004314	1
0004315	2
0004316	1
0004318	3
0004322	1
0004324	1
0004325	1
0004326	1
0004332	1
0004333	1
0004334	1
0004340	1
0004345	1
0004347	1
0004349	1
0004350	1
0004356	1
0004357	1
0004358	1
0004359	2
0004360	1
0004362	1
0004363	1
0004368	1
0004370	1
0004372	1
0004373	1
0004375	2
0004385	1
0004386	6
0004399	1
0004400	1
0004401	1
0004411	1
0004412	1
0004413	1
0004416	1
0004418	1
0004424	1
0004425	1
0004427	1
0004450	1
0004451	1
0004456	1
0004470	1
0004471	1
0004474	1
0004478	1
0004479	1
0004488	1
0004489	1
0004494	1
0004497	10
0004505	1
0004514	1
0004518	6
0004519	4
0004521	1
0004523	2
0004525	1
0004526	1
0004540	3
0004550	1
0004553	17
0004555	1
0004560	1
0004565	1
0004585	1
0004588	1
0004590	1
0004591	1
0004592	1
0004594	1
0004595	1
0004601	5
0004602	1
0004604	1
0004609	1
0004612	1
0004617	1
0004619	1
0004620	2
0004634	1
0004635	1
0004636	1
0004637	1
0004638	1
0004639	1
0004640	1
0004641	1
0004642	2
0004643	1
0004644	1
0004648	1
0004654	1
0004655	1
0004657	1
0004659	2
0004664	1
0004673	9
0004674	1
0004721	1
0004725	2
0004733	1
0004739	2
0004742	1
0004743	1
0004748	1
0004749	1
0004750	1
0004751	1
0004764	2
0004781	1
0004784	1
0004789	1
0004791	1
0004792	1
0004795	1
0004797	1
0004798	1
0004799	1
0004802	1
0004803	62
0004805	1
0004807	1
0004812	3
0004813	1
0004814	1
0004817	1
0004818	2
0004820	2
0004821	1
0004822	1
0004823	1
0004824	1
0004825	1
0004826	2
0004827	1
0004828	1
0004829	1
0004830	1
0004831	1
0004832	1
0004834	2
0004844	1
0004851	2
0004852	1
0004853	1
0004888	2
0005047	1
0005048	1
0005198	7
0005215	5
0005247	1
0005283	1
0005337	1
0005375	2
0005381	1
0005488	1
0005506	3
0005507	4
0005515	20
0005524	169
0005525	19
0005694	3
0005737	43
0005829	6
0005840	31
0005854	1
0005886	37
0005960	1
0005975	32
0005978	2
0005980	1
0005991	1
0005992	2
0006006	2
0006012	1
0006015	1
0006040	1
0006044	1
0006048	1
0006064	1
0006071	2
0006072	1
0006086	2
0006089	1
0006090	2
0006094	4
0006096	7
0006097	1
0006098	3
0006099	8
0006102	1
0006106	1
0006120	1
0006139	1
0006163	1
0006164	4
0006168	1
0006177	1
0006189	7
0006207	4
0006221	2
0006226	1
0006229	1
0006231	1
0006233	1
0006241	1
0006259	1
0006260	15
0006261	1
0006265	5
0006269	1
0006270	1
0006275	1
0006276	1
0006281	23
0006284	3
0006285	1
0006289	3
0006298	2
0006302	1
0006303	2
0006306	2
0006308	2
0006310	23
0006313	3
0006351	5
0006352	11
0006353	3
0006355	86
0006364	6
0006396	2
0006400	8
0006402	1
0006412	58
0006413	3
0006414	4
0006415	4
0006418	2
0006419	1
0006420	1
0006423	1
0006424	4
0006426	2
0006427	1
0006428	1
0006429	1
0006430	1
0006431	1
0006432	2
0006433	1
0006434	1
0006435	1
0006436	1
0006437	1
0006438	1
0006450	1
0006457	8
0006465	3
0006468	1
0006470	3
0006486	1
0006508	26
0006520	2
0006522	1
0006526	3
0006527	2
0006529	1
0006534	1
0006535	2
0006537	1
0006541	2
0006542	1
0006546	3
0006556	1
0006559	5
0006561	3
0006564	3
0006568	1
0006572	4
0006574	1
0006592	1
0006605	3
0006614	1
0006629	4
0006631	9
0006633	15
0006654	1
0006662	1
0006665	1
0006730	3
0006741	1
0006744	4
0006749	9
0006750	3
0006751	1
0006777	5
0006779	4
0006780	1
0006782	1
0006790	2
0006796	1
0006799	1
0006808	3
0006810	25
0006811	2
0006812	7
0006813	5
0006814	5
0006817	7
0006821	1
0006825	4
0006826	1
0006835	1
0006847	1
0006855	2
0006857	1
0006865	1
0006879	1
0006880	1
0006885	1
0006886	3
0006935	7
0006950	1
0006972	1
0006974	1
0006979	9
0007049	1
0007059	5
0007155	1
0007165	11
0008033	10
0008080	12
0008081	1
0008094	1
0008097	1
0008113	2
0008121	1
0008134	1
0008135	1
0008137	7
0008152	8
0008153	1
0008168	18
0008172	1
0008173	2
0008176	1
0008177	1
0008186	1
0008198	1
0008199	2
0008219	1
0008233	8
0008236	4
0008237	6
0008241	1
0008270	28
0008299	4
0008311	2
0008324	4
0008360	5
0008374	1
0008381	3
0008408	7
0008409	1
0008410	3
0008412	1
0008422	1
0008425	1
0008441	1
0008442	1
0008444	1
0008446	1
0008448	1
0008460	1
0008465	1
0008479	1
0008483	1
0008484	1
0008495	1
0008519	2
0008534	1
0008535	1
0008556	3
0008610	2
0008615	3
0008616	4
0008643	2
0008649	1
0008652	1
0008654	6
0008657	4
0008658	2
0008661	1
0008664	1
0008666	1
0008667	1
0008674	1
0008675	1
0008676	1
0008685	1
0008686	1
0008697	1
0008700	1
0008703	1
0008705	1
0008710	1
0008714	1
0008716	1
0008720	1
0008734	1
0008745	1
0008753	1
0008757	5
0008760	1
0008761	1
0008762	1
0008763	1
0008764	1
0008773	1
0008784	1
0008785	1
0008800	5
0008817	2
0008818	1
0008821	1
0008829	1
0008830	1
0008831	1
0008835	1
0008836	1
0008837	1
0008839	1
0008840	1
0008841	1
0008855	2
0008864	1
0008878	1
0008879	1
0008880	1
0008881	1
0008882	1
0008897	1
0008902	1
0008914	1
0008927	1
0008932	1
0008939	1
0008941	1
0008942	2
0008961	1
0008963	1
0008964	1
0008965	1
0008966	1
0008972	1
0008976	1
0008983	3
0008984	1
0008987	1
0009001	1
0009002	1
0009007	1
0009014	1
0009022	1
0009030	1
0009037	1
0009052	1
0009055	17
0009058	7
0009060	2
0009061	1
0009073	4
0009081	1
0009082	3
0009086	5
0009088	2
0009089	7
0009094	1
0009098	6
0009102	4
0009107	1
0009113	2
0009116	2
0009117	2
0009152	2
0009156	1
0009165	1
0009225	2
0009228	6
0009236	10
0009240	1
0009243	1
0009246	1
0009249	2
0009252	18
0009253	1
0009254	1
0009255	2
0009263	1
0009267	1
0009271	1
0009274	1
0009276	1
0009279	32
0009288	3
0009291	4
0009294	1
0009297	7
0009306	17
0009307	3
0009316	4
0009317	4
0009318	1
0009320	1
0009326	1
0009331	2
0009340	1
0009349	1
0009358	1
0009360	1
0009368	2
0009376	2
0009378	2
0009379	1
0009380	2
0009381	1
0009396	3
0009401	3
0009403	1
0009408	2
0009423	3
0009424	1
0009425	1
0009426	1
0009427	1
0009428	1
0009431	2
0009432	4
0009435	5
0009446	1
0009451	4
0009486	4
0009636	2
0009678	1
0009691	2
0009898	1
0009927	1
0009966	5
0009972	1
0009975	5
0009982	7
0010181	9
0010257	1
0010945	1
0015031	5
0015035	1
0015074	6
0015078	3
0015093	1
0015095	1
0015098	1
0015103	2
0015128	1
0015136	1
0015150	1
0015159	2
0015221	4
0015232	1
0015267	1
0015288	9
0015293	5
0015297	2
0015343	1
0015385	1
0015412	1
0015415	3
0015439	1
0015450	4
0015535	1
0015562	9
0015627	10
0015628	11
0015662	2
0015666	1
0015689	2
0015693	1
0015739	1
0015756	1
0015886	2
0015891	2
0015914	2
0015920	2
0015926	1
0015930	1
0015934	8
0015935	6
0015937	2
0015940	2
0015942	1
0015949	2
0015970	1
0015977	1
0015986	6
0015990	4
0016020	179
0016034	1
0016052	1
0016114	1
0016117	1
0016149	2
0016158	1
0016208	1
0016209	1
0016226	5
0016301	3
0016310	4
0016311	2
0016407	2
0016410	1
0016433	1
0016434	1
0016462	1
0016491	59
0016531	1
0016597	1
0016598	1
0016614	1
0016616	4
0016620	4
0016627	7
0016651	10
0016653	1
0016655	1
0016705	4
0016706	1
0016709	1
0016740	15
0016746	11
0016747	9
0016757	22
0016763	1
0016765	1
0016776	2
0016779	2
0016780	1
0016782	2
0016783	2
0016787	52
0016790	3
0016791	4
0016793	1
0016798	2
0016799	4
0016810	4
0016818	1
0016829	5
0016832	1
0016836	3
0016853	2
0016855	1
0016857	1
0016866	2
0016868	2
0016874	3
0016879	1
0016881	1
0016884	1
0016887	37
0016901	2
0016987	12
0016989	3
0016992	1
0016998	1
0017000	1
0017004	3
0017038	2
0017057	1
0017136	1
0017148	1
0017150	1
0018142	1
0018193	2
0018339	1
0018364	1
0018454	3
0018478	1
0018579	1
0018738	1
0019068	3
0019082	1
0019104	1
0019134	1
0019171	1
0019172	1
0019200	1
0019205	1
0019243	1
0019264	1
0019277	1
0019288	1
0019290	1
0019305	4
0019346	1
0019354	2
0019379	1
0019427	1
0019430	1
0019464	1
0019491	2
0019516	2
0019632	2
0019646	1
0019673	1
0019674	1
0019684	2
0019752	1
0019825	1
0019829	2
0019843	3
0019856	1
0019867	18
0019899	1
0020037	18
0022625	5
0022627	3
0022857	72
0022900	1
0022904	1
0030001	2
0030091	4
0030145	1
0030163	1
0030170	15
0030234	2
0030245	1
0030246	2
0030254	4
0030255	1
0030257	1
0030261	3
0030272	1
0030288	3
0030416	1
0030488	1
0030541	4
0030552	4
0030554	1
0030604	1
0030643	1
0030655	3
0030674	1
0030694	2
0030745	1
0030955	1
0030956	2
0030973	1
0030976	4
0030983	2
0031004	3
0031071	1
0031167	3
0031419	2
0031522	2
0031966	1
0031992	2
0032259	6
0032300	1
0032508	1
0032784	4
0032977	1
0032993	1
0033014	3
0033194	1
0033573	1
0033617	1
0033739	1
0033743	2
0033744	2
0033745	1
0033816	1
0033818	1
0033819	1
0033856	1
0033862	1
0033890	2
0033958	1
0034194	1
0034204	1
0034220	1
0034755	1
0035429	1
0035438	9
0035673	1
0035870	1
0036211	2
0036222	1
0036374	1
0036424	1
0042026	2
0042128	1
0042132	2
0042158	1
0042254	3
0042314	2
0042450	2
0042578	2
0042586	1
0042597	7
0042619	3
0042626	17
0042732	1
0042773	4
0042780	1
0042802	6
0042803	5
0042823	1
0042834	4
0042853	1
0042908	1
0042910	2
0042953	1
0043022	4
0043093	1
0043165	1
0043169	2
0043190	9
0043213	1
0043295	2
0043335	1
0043462	1
0043546	1
0043565	4
0043684	1
0043687	1
0043752	1
0043811	1
0043824	2
0043952	4
0043953	1
0044097	1
0044205	1
0044209	1
0044237	1
0044423	2
0044780	6
0044781	1
0045027	1
0045182	1
0045226	1
0045239	1
0045252	1
0045254	2
0045261	2
0045262	2
0045263	1
0045271	1
0045273	2
0045275	1
0045278	1
0045436	1
0045454	2
0045490	3
0045493	1
0045861	1
0045892	3
0045893	2
0045900	1
0045936	1
0046081	1
0046118	1
0046167	1
0046177	1
0046278	1
0046294	1
0046316	1
0046417	1
0046429	1
0046559	1
0046654	1
0046677	1
0046820	1
0046857	1
0046872	65
0046873	2
0046912	1
0046933	4
0046983	1
0047307	1
0047429	2
0047443	1
0047480	1
0047487	2
0047617	4
0047770	2
0047804	1
0047952	1
0048034	1
0048038	5
0048040	1
0048472	2
0048501	1
0050032	1
0050126	1
0050136	1
0050151	1
0050242	1
0050311	1
0050380	1
0050511	1
0050515	1
0050518	1
0050567	2
0050570	1
0050660	17
0050661	7
0050992	1
0051073	1
0051082	4
0051083	1
0051087	1
0051116	2
0051213	1
0051262	1
0051287	18
0051290	4
0051301	6
0051409	1
0051536	12
0051537	5
0051539	18
0051603	1
0051745	1
0051903	2
0051920	2
0051983	3
0051989	1
0052381	1
0052547	1
0052693	1
0052699	2
0052717	1
0052906	1
0052913	1
0055052	7
0055085	75
0061024	1
0061542	2
0061599	1
0061710	1
0061712	1
0061799	1
0070006	3
0070063	2
0070064	1
0070402	2
0070403	18
0070404	1
0070475	1
0070905	1
0070968	1
0071555	2
0071709	1
0071949	8
0071951	1
0071973	10
0072488	2
0089714	1
0097367	1
0098561	3
0098567	1
0098797	1
0102039	1
0102208	1
0110001	1
0120225	1
0140078	1
0140110	2
0140359	19
0140658	2
0140662	2
1901137	1
1901642	1
1902495	2
1902600	5
1903424	1
1903425	1
1904047	17
1905887	3
1990229	1
1990397	2
1990586	1
1990610	1
1990961	1
