0000015	1
0000035	2
0000036	2
0000041	1
0000049	3
0000062	1
0000098	3
0000103	2
0000104	1
0000105	10
0000107	2
0000150	8
0000155	31
0000156	11
0000160	46
0000162	6
0000166	48
0000175	1
0000179	1
0000210	1
0000256	3
0000270	4
0000271	8
0000272	1
0000286	1
0000287	28
0000311	1
0000314	3
0000315	3
0000373	1
0000413	3
0000451	1
0000502	1
0000774	1
0000902	1
0000906	2
0000910	2
0000917	1
0000976	1
0001216	3
0001510	2
0001522	5
0001727	3
0001882	1
0002100	1
0002161	3
0002949	3
0003676	61
0003677	570
0003678	8
0003684	9
0003688	1
0003697	4
0003700	349
0003723	37
0003724	2
0003725	2
0003729	1
0003735	59
0003743	3
0003746	4
0003747	2
0003755	6
0003824	100
0003825	1
0003841	1
0003842	2
0003844	1
0003848	1
0003849	1
0003852	1
0003855	1
0003856	1
0003857	1
0003861	2
0003862	1
0003864	1
0003866	2
0003868	1
0003871	2
0003872	1
0003879	1
0003883	1
0003885	1
0003886	1
0003887	10
0003899	5
0003905	1
0003906	4
0003908	3
0003910	4
0003911	2
0003913	1
0003916	1
0003917	1
0003918	2
0003919	1
0003922	1
0003924	23
0003934	1
0003935	2
0003937	1
0003938	2
0003942	1
0003949	1
0003951	1
0003952	1
0003954	5
0003960	2
0003964	2
0003977	1
0003978	1
0003983	2
0003984	1
0003985	2
0003987	2
0003989	8
0003991	1
0003994	1
0003995	30
0003997	1
0003998	1
0003999	1
0004000	1
0004013	1
0004014	1
0004015	1
0004018	1
0004019	2
0004020	1
0004022	1
0004037	1
0004038	1
0004039	1
0004040	2
0004042	1
0004044	1
0004045	3
0004047	1
0004048	1
0004049	1
0004055	1
0004056	1
0004066	3
0004068	2
0004070	1
0004072	2
0004073	1
0004075	3
0004076	1
0004077	1
0004084	1
0004088	1
0004096	2
0004107	1
0004113	1
0004122	1
0004126	1
0004127	1
0004129	4
0004133	1
0004139	1
0004140	1
0004141	1
0004144	3
0004146	9
0004148	2
0004150	1
0004152	1
0004156	2
0004157	1
0004160	2
0004169	1
0004170	1
0004176	3
0004177	8
0004190	2
0004197	1
0004222	8
0004252	10
0004298	3
0004309	1
0004314	1
0004315	6
0004325	1
0004326	1
0004332	1
0004333	2
0004334	1
0004335	1
0004340	1
0004342	1
0004345	1
0004347	2
0004349	1
0004350	1
0004351	1
0004352	2
0004356	3
0004357	2
0004358	1
0004359	4
0004360	2
0004364	1
0004366	1
0004368	3
0004370	3
0004371	1
0004372	1
0004373	1
0004375	1
0004385	1
0004386	13
0004399	1
0004400	2
0004401	1
0004412	1
0004413	1
0004414	1
0004418	1
0004424	1
0004425	1
0004427	1
0004450	1
0004451	1
0004452	1
0004471	1
0004473	1
0004474	1
0004476	1
0004478	1
0004479	1
0004488	1
0004489	2
0004494	1
0004497	48
0004512	1
0004514	2
0004516	1
0004517	1
0004518	6
0004519	29
0004520	1
0004521	3
0004523	2
0004525	1
0004526	1
0004527	5
0004529	1
0004536	1
0004540	3
0004550	1
0004553	10
0004573	1
0004585	1
0004588	2
0004590	1
0004591	1
0004592	1
0004594	1
0004595	1
0004601	7
0004602	1
0004604	1
0004605	1
0004609	1
0004611	2
0004614	1
0004616	2
0004617	1
0004618	1
0004619	1
0004632	1
0004633	1
0004634	1
0004635	1
0004636	1
0004637	1
0004638	2
0004639	1
0004640	2
0004641	1
0004642	2
0004643	1
0004644	1
0004645	1
0004648	1
0004654	1
0004655	1
0004658	1
0004659	6
0004664	1
0004665	1
0004672	16
0004673	28
0004674	11
0004721	3
0004722	3
0004725	7
0004729	1
0004731	1
0004733	4
0004735	1
0004736	1
0004738	1
0004739	2
0004743	1
0004748	3
0004749	1
0004750	1
0004764	1
0004765	1
0004781	3
0004784	2
0004789	1
0004791	1
0004794	2
0004795	2
0004798	1
0004799	1
0004801	2
0004802	1
0004803	66
0004805	1
0004806	20
0004807	1
0004812	5
0004813	2
0004814	1
0004817	1
0004818	1
0004820	1
0004821	1
0004822	1
0004823	1
0004824	2
0004825	1
0004826	2
0004827	1
0004828	2
0004829	1
0004830	1
0004831	1
0004832	1
0004834	2
0004844	1
0004845	1
0004846	1
0004847	1
0004851	1
0004852	2
0004853	1
0005047	1
0005048	1
0005198	1
0005215	30
0005216	2
0005267	2
0005283	2
0005351	1
0005488	9
0005506	41
0005507	6
0005515	31
0005524	412
0005525	30
0005576	13
0005694	1
0005737	41
0005739	1
0005777	1
0005802	1
0005829	3
0005839	2
0005840	35
0005854	1
0005886	78
0005948	2
0005960	1
0005971	1
0005975	24
0005978	2
0005980	1
0005992	4
0006002	1
0006006	2
0006007	2
0006012	2
0006020	1
0006021	1
0006044	1
0006048	1
0006071	2
0006072	7
0006085	1
0006086	3
0006090	2
0006094	6
0006096	8
0006097	1
0006098	9
0006099	10
0006102	1
0006106	1
0006108	1
0006112	1
0006113	1
0006116	5
0006139	1
0006144	2
0006163	1
0006164	6
0006166	1
0006168	1
0006177	1
0006189	8
0006203	1
0006206	1
0006207	3
0006221	3
0006226	1
0006229	1
0006231	1
0006233	1
0006241	1
0006259	1
0006260	13
0006261	3
0006265	3
0006269	1
0006275	1
0006281	39
0006284	7
0006289	3
0006298	1
0006302	2
0006303	1
0006304	4
0006308	2
0006310	50
0006313	21
0006351	4
0006352	17
0006353	3
0006355	368
0006364	6
0006396	10
0006400	5
0006402	2
0006412	65
0006413	3
0006414	4
0006415	5
0006417	1
0006418	4
0006419	2
0006420	1
0006423	1
0006424	3
0006426	1
0006427	1
0006428	1
0006429	1
0006430	2
0006431	1
0006432	2
0006433	1
0006434	2
0006435	1
0006436	1
0006437	1
0006438	1
0006450	1
0006457	5
0006465	1
0006468	18
0006470	7
0006486	20
0006487	1
0006508	38
0006520	8
0006522	1
0006523	2
0006525	2
0006526	5
0006529	3
0006534	4
0006537	2
0006540	1
0006541	4
0006542	3
0006555	2
0006556	1
0006559	2
0006561	3
0006564	3
0006567	1
0006568	1
0006571	1
0006572	2
0006574	1
0006592	2
0006605	1
0006614	1
0006629	4
0006631	11
0006633	22
0006635	2
0006636	1
0006644	2
0006694	1
0006720	1
0006729	1
0006730	3
0006741	1
0006744	1
0006760	1
0006777	6
0006779	3
0006780	1
0006783	2
0006790	1
0006793	1
0006796	1
0006797	1
0006799	1
0006801	1
0006808	1
0006809	1
0006810	18
0006811	1
0006812	11
0006813	3
0006814	4
0006817	11
0006824	1
0006826	5
0006855	5
0006865	12
0006885	2
0006886	3
0006950	7
0006974	1
0006979	7
0007059	7
0007155	2
0007165	36
0008033	6
0008080	32
0008094	1
0008113	1
0008121	1
0008124	1
0008135	1
0008137	9
0008146	1
0008152	16
0008153	1
0008168	36
0008170	1
0008171	4
0008173	7
0008176	1
0008177	1
0008186	1
0008198	1
0008219	1
0008233	11
0008234	4
0008236	7
0008237	17
0008251	1
0008253	1
0008254	1
0008270	53
0008276	1
0008289	1
0008295	1
0008299	9
0008320	1
0008324	7
0008360	6
0008374	3
0008375	1
0008379	2
0008380	1
0008381	4
0008408	5
0008409	1
0008410	5
0008428	1
0008442	1
0008443	1
0008444	1
0008448	1
0008452	1
0008460	1
0008479	1
0008483	5
0008484	2
0008490	1
0008495	1
0008519	2
0008534	4
0008556	2
0008610	3
0008615	5
0008641	2
0008643	11
0008649	1
0008652	7
0008654	16
0008658	4
0008661	1
0008666	1
0008668	2
0008677	1
0008684	2
0008685	1
0008686	2
0008701	2
0008705	1
0008710	1
0008716	1
0008725	1
0008728	3
0008734	1
0008745	2
0008752	4
0008753	4
0008754	1
0008755	1
0008757	20
0008760	1
0008762	1
0008763	1
0008764	1
0008767	1
0008773	1
0008774	2
0008776	1
0008784	1
0008795	1
0008800	2
0008813	1
0008817	2
0008820	1
0008821	1
0008824	1
0008829	1
0008830	1
0008831	1
0008832	1
0008836	1
0008837	1
0008839	2
0008840	2
0008841	1
0008851	1
0008854	3
0008855	2
0008864	1
0008878	1
0008879	1
0008881	1
0008882	1
0008883	1
0008887	1
0008893	1
0008897	1
0008901	1
0008902	1
0008909	3
0008924	2
0008932	1
0008934	1
0008935	1
0008939	1
0008940	3
0008942	2
0008955	5
0008961	1
0008963	2
0008964	1
0008965	1
0008966	1
0008972	1
0008974	1
0008976	3
0008977	1
0008982	4
0008986	1
0008987	1
0008999	1
0009002	3
0009009	10
0009014	1
0009022	1
0009027	1
0009030	1
0009035	1
0009037	3
0009039	2
0009055	26
0009056	8
0009058	15
0009060	1
0009073	8
0009081	1
0009082	4
0009085	1
0009086	5
0009088	3
0009089	7
0009094	1
0009097	2
0009098	4
0009099	2
0009102	4
0009103	1
0009107	1
0009113	2
0009116	8
0009117	1
0009132	14
0009146	1
0009152	2
0009168	1
0009190	6
0009220	2
0009225	3
0009226	1
0009228	6
0009231	1
0009234	3
0009236	15
0009240	1
0009243	1
0009245	2
0009246	1
0009249	2
0009250	1
0009252	20
0009253	2
0009263	2
0009264	1
0009267	1
0009268	1
0009273	1
0009294	1
0009297	2
0009306	29
0009307	1
0009311	1
0009316	2
0009317	7
0009318	1
0009320	1
0009325	3
0009331	4
0009336	1
0009338	3
0009349	2
0009358	1
0009360	3
0009374	1
0009378	2
0009379	1
0009380	2
0009381	1
0009396	5
0009401	5
0009408	2
0009423	4
0009432	5
0009435	6
0009439	1
0009451	4
0009691	2
0009898	6
0009966	1
0009972	1
0009975	7
0009982	5
0009986	3
0010038	1
0010125	4
0010126	1
0010127	2
0010133	2
0010181	49
0010308	1
0010309	1
0010333	1
0010498	6
0015031	2
0015035	4
0015036	6
0015074	26
0015075	1
0015078	5
0015095	1
0015103	6
0015116	2
0015136	1
0015171	5
0015205	2
0015267	1
0015293	5
0015297	7
0015385	2
0015412	2
0015415	8
0015416	4
0015419	4
0015424	3
0015446	1
0015450	4
0015562	5
0015628	2
0015645	4
0015648	1
0015658	1
0015662	2
0015689	3
0015693	1
0015700	1
0015716	4
0015739	1
0015803	5
0015833	3
0015840	5
0015851	2
0015891	4
0015914	16
0015930	2
0015934	9
0015935	6
0015937	4
0015940	3
0015941	1
0015949	2
0015969	2
0015970	1
0015977	1
0015986	6
0015990	2
0015995	1
0016020	299
0016024	1
0016042	34
0016075	1
0016114	1
0016116	3
0016117	4
0016149	1
0016151	7
0016166	1
0016208	2
0016209	1
0016226	10
0016298	4
0016301	12
0016310	17
0016311	3
0016403	1
0016405	1
0016407	6
0016410	1
0016414	1
0016421	3
0016433	1
0016434	1
0016462	1
0016491	234
0016530	3
0016531	1
0016597	1
0016614	13
0016616	8
0016620	4
0016624	1
0016627	36
0016638	1
0016639	2
0016646	4
0016647	1
0016651	4
0016655	5
0016682	1
0016702	1
0016703	5
0016705	23
0016706	1
0016709	18
0016712	3
0016717	6
0016722	1
0016740	14
0016743	1
0016746	48
0016747	22
0016757	37
0016758	5
0016765	4
0016772	1
0016773	2
0016776	1
0016779	8
0016780	4
0016782	1
0016783	5
0016787	199
0016788	7
0016790	17
0016791	6
0016793	1
0016799	2
0016810	9
0016811	1
0016812	1
0016813	1
0016817	14
0016818	1
0016829	19
0016830	2
0016832	2
0016833	1
0016836	13
0016849	3
0016853	5
0016857	1
0016866	3
0016868	2
0016874	23
0016879	2
0016881	1
0016884	2
0016887	151
0016901	1
0016903	1
0016987	25
0016989	3
0016990	1
0016992	1
0016993	1
0016994	1
0017000	4
0017004	5
0017013	1
0017038	1
0017057	1
0017061	1
0017076	2
0017148	1
0017150	1
0017168	2
0017172	1
0018104	5
0018193	1
0018364	2
0018580	1
0018822	1
0019104	2
0019120	1
0019134	1
0019172	2
0019180	1
0019184	1
0019200	2
0019205	1
0019213	3
0019239	4
0019250	1
0019264	1
0019277	1
0019287	2
0019288	4
0019290	3
0019305	5
0019343	1
0019346	2
0019354	1
0019379	1
0019427	2
0019430	1
0019464	3
0019491	2
0019509	3
0019546	1
0019627	3
0019628	2
0019634	3
0019645	1
0019646	1
0019674	1
0019700	2
0019748	2
0019752	3
0019773	1
0019825	1
0019829	2
0019835	1
0019843	3
0019941	4
0020037	34
0022625	5
0022627	3
0022857	110
0022877	1
0022904	1
0030001	5
0030091	2
0030145	3
0030151	3
0030163	2
0030170	39
0030234	1
0030246	2
0030261	2
0030272	1
0030288	4
0030366	1
0030420	1
0030435	1
0030488	1
0030494	1
0030527	1
0030552	2
0030554	1
0030604	1
0030612	3
0030638	1
0030639	4
0030643	2
0030655	2
0030729	2
0030789	1
0030955	1
0030956	2
0030973	1
0030976	5
0031004	2
0031071	4
0031167	2
0031177	4
0031179	1
0031386	1
0031419	5
0031522	2
0031956	1
0032196	9
0032259	22
0032363	1
0032508	2
0032555	3
0032778	1
0032784	2
0032787	1
0032977	2
0032993	1
0033014	4
0033219	1
0033221	5
0033228	1
0033230	1
0033286	4
0033288	4
0033294	1
0033295	1
0033308	4
0033617	1
0033743	1
0033744	1
0033816	1
0033818	1
0033819	1
0033862	1
0033942	1
0033971	1
0034067	1
0034081	3
0034220	6
0035435	1
0035446	1
0035447	1
0035550	1
0035556	6
0035595	1
0035870	1
0036042	1
0036211	7
0036222	1
0036382	1
0036383	1
0036424	1
0042026	3
0042126	2
0042128	1
0042132	2
0042158	1
0042173	1
0042178	1
0042242	1
0042245	2
0042254	2
0042274	1
0042286	1
0042301	1
0042398	1
0042450	2
0042578	4
0042586	2
0042597	1
0042625	2
0042626	172
0042773	7
0042802	6
0042803	6
0042823	2
0042834	2
0042853	1
0042883	1
0042910	2
0042919	1
0042925	1
0042930	1
0042931	1
0043022	4
0043024	1
0043039	1
0043093	2
0043137	1
0043138	1
0043169	2
0043190	50
0043199	1
0043248	1
0043295	1
0043419	2
0043448	4
0043546	2
0043565	25
0043571	7
0043743	2
0043752	1
0043773	1
0043814	1
0043819	1
0043856	4
0043874	1
0043937	1
0043952	4
0043953	1
0044038	1
0044550	1
0045017	4
0045027	1
0045182	1
0045240	2
0045254	3
0045259	5
0045271	1
0045273	1
0045300	1
0045454	3
0045484	1
0045550	1
0045892	10
0045893	1
0045900	2
0045927	1
0045936	2
0046025	1
0046026	1
0046081	1
0046118	1
0046140	1
0046167	1
0046177	1
0046246	1
0046316	1
0046349	1
0046395	1
0046417	1
0046428	1
0046429	1
0046654	11
0046677	6
0046685	5
0046688	1
0046820	1
0046835	1
0046872	225
0046873	1
0046912	1
0046914	1
0046933	5
0046983	4
0047071	1
0047307	1
0047330	1
0047420	3
0047429	1
0047470	1
0047480	2
0047571	1
0047617	11
0047661	1
0047952	1
0048034	1
0048038	5
0048472	1
0048501	1
0050136	6
0050151	1
0050311	1
0050380	1
0050456	1
0050511	1
0050515	1
0050518	1
0050532	1
0050567	2
0050607	2
0050656	1
0050660	77
0050661	21
0050897	1
0051082	4
0051083	1
0051087	1
0051116	1
0051117	2
0051119	1
0051131	2
0051139	1
0051213	6
0051219	2
0051252	1
0051287	23
0051301	15
0051470	4
0051536	29
0051537	18
0051539	24
0051540	1
0051603	1
0051604	2
0051607	2
0051731	1
0051745	1
0051775	1
0051920	12
0051989	1
0052381	1
0052621	3
0052636	3
0052689	6
0052699	3
0052706	1
0052851	2
0052873	4
0052906	1
0052913	1
0055051	1
0055052	43
0055085	144
0061599	2
0061710	1
0062213	1
0065003	1
0070006	6
0070007	4
0070063	1
0070069	1
0070204	1
0070273	1
0070401	7
0070402	4
0070403	31
0070475	1
0070490	2
0070573	1
0070628	1
0070726	4
0070814	1
0070905	1
0070967	32
0070968	1
0071111	2
0071555	10
0071586	2
0071705	3
0071722	1
0071766	3
0071768	13
0071805	2
0071897	1
0071949	28
0071951	1
0071972	5
0072488	2
0072570	2
0090529	1
0090563	1
0090729	1
0097351	1
0098662	1
0102296	1
0102547	1
0106411	1
0110001	12
0120225	2
0140078	4
0140110	2
0140358	1
0140359	197
0140604	5
0140662	6
0140737	1
0141098	1
1901137	2
1901893	1
1902358	5
1902495	2
1902600	6
1903424	1
1903425	1
1904047	46
1904091	1
1904680	1
1905887	5
1990107	1
1990397	1
1990586	3
1990610	1
