0000015	1
0000028	1
0000030	1
0000035	2
0000036	3
0000049	5
0000105	8
0000107	2
0000150	1
0000154	3
0000155	11
0000156	14
0000160	20
0000162	7
0000166	29
0000179	1
0000271	14
0000272	3
0000286	1
0000287	8
0000311	1
0000314	3
0000315	3
0000413	1
0000451	1
0000774	1
0000902	2
0000910	1
0000917	2
0000918	1
0000921	1
0000976	1
0000987	1
0001510	2
0001522	9
0001558	1
0001727	2
0001968	1
0002098	1
0002100	2
0002161	2
0002196	1
0002949	3
0002953	1
0003676	15
0003677	194
0003678	8
0003684	3
0003688	1
0003697	4
0003700	84
0003723	34
0003725	1
0003729	1
0003735	52
0003743	3
0003746	6
0003755	3
0003824	27
0003844	1
0003849	1
0003852	1
0003855	1
0003856	1
0003866	1
0003871	1
0003872	1
0003879	1
0003883	1
0003886	2
0003887	6
0003899	5
0003908	1
0003911	1
0003916	2
0003917	2
0003918	4
0003919	1
0003922	2
0003924	15
0003937	1
0003938	1
0003942	1
0003949	1
0003978	1
0003989	3
0003991	1
0003999	1
0004016	1
0004018	1
0004019	2
0004022	2
0004044	2
0004045	2
0004048	1
0004049	2
0004055	1
0004056	1
0004066	1
0004067	1
0004070	1
0004071	1
0004072	1
0004073	1
0004077	1
0004084	1
0004088	1
0004107	1
0004113	2
0004124	2
0004126	1
0004132	1
0004134	1
0004139	1
0004140	1
0004151	1
0004152	1
0004170	1
0004176	1
0004177	3
0004180	1
0004181	2
0004190	1
0004197	1
0004222	11
0004252	10
0004298	1
0004314	1
0004315	1
0004326	1
0004329	1
0004332	2
0004333	1
0004335	1
0004350	1
0004355	1
0004356	2
0004358	1
0004360	1
0004370	2
0004372	1
0004373	1
0004385	1
0004386	3
0004399	1
0004400	1
0004412	1
0004414	1
0004417	1
0004424	1
0004425	1
0004450	1
0004471	1
0004473	1
0004475	1
0004476	2
0004478	1
0004479	1
0004488	1
0004489	1
0004497	2
0004516	1
0004518	5
0004519	7
0004521	2
0004523	2
0004525	1
0004526	1
0004527	2
0004534	1
0004536	1
0004540	3
0004553	40
0004556	1
0004557	2
0004560	1
0004568	1
0004574	1
0004585	1
0004588	2
0004590	1
0004595	1
0004602	1
0004605	1
0004612	1
0004618	1
0004619	2
0004632	1
0004633	1
0004634	1
0004635	1
0004636	1
0004637	1
0004638	1
0004639	2
0004640	1
0004641	1
0004642	1
0004643	1
0004644	1
0004648	1
0004654	1
0004659	1
0004664	1
0004672	2
0004673	9
0004674	2
0004721	3
0004722	4
0004725	4
0004731	1
0004733	1
0004735	2
0004743	1
0004750	1
0004751	2
0004765	1
0004788	1
0004789	1
0004793	1
0004795	1
0004797	1
0004798	1
0004803	6
0004807	1
0004812	2
0004813	1
0004814	1
0004816	1
0004817	1
0004818	1
0004819	1
0004820	1
0004821	1
0004822	1
0004823	1
0004824	1
0004825	1
0004826	2
0004827	1
0004828	1
0004829	1
0004830	1
0004831	1
0004832	1
0004834	3
0004844	1
0004845	1
0004849	1
0004856	2
0005047	1
0005048	1
0005198	5
0005215	3
0005216	1
0005283	1
0005381	1
0005384	1
0005436	2
0005488	1
0005506	5
0005515	33
0005524	246
0005525	31
0005534	1
0005576	2
0005618	1
0005694	1
0005737	40
0005829	7
0005840	29
0005854	1
0005886	51
0005975	54
0005978	4
0005980	1
0005997	1
0005998	1
0006002	1
0006006	1
0006012	2
0006044	1
0006064	2
0006066	1
0006071	1
0006072	2
0006082	1
0006090	1
0006094	1
0006096	9
0006098	1
0006102	1
0006106	1
0006109	1
0006113	1
0006139	2
0006163	1
0006164	6
0006166	1
0006168	1
0006171	1
0006177	1
0006189	4
0006206	1
0006207	2
0006210	1
0006212	1
0006220	1
0006221	4
0006226	1
0006231	1
0006233	1
0006241	1
0006259	3
0006260	17
0006261	1
0006265	6
0006269	1
0006270	1
0006275	1
0006281	18
0006282	1
0006284	2
0006285	1
0006289	3
0006298	5
0006304	2
0006308	2
0006310	13
0006313	4
0006351	5
0006352	39
0006353	5
0006354	2
0006355	96
0006364	9
0006396	6
0006400	11
0006402	2
0006412	58
0006413	3
0006414	6
0006415	3
0006418	1
0006419	1
0006420	1
0006421	1
0006423	1
0006424	1
0006425	1
0006426	1
0006427	1
0006428	1
0006429	1
0006430	1
0006431	1
0006432	2
0006433	1
0006434	1
0006435	1
0006436	1
0006437	1
0006438	1
0006457	8
0006465	5
0006468	2
0006470	5
0006486	12
0006493	1
0006508	42
0006520	4
0006522	1
0006526	3
0006529	2
0006534	1
0006535	4
0006537	2
0006541	1
0006542	2
0006556	1
0006561	2
0006564	1
0006567	1
0006568	2
0006592	1
0006605	1
0006614	1
0006629	2
0006633	8
0006654	1
0006730	2
0006741	1
0006772	1
0006779	2
0006799	1
0006810	4
0006812	6
0006813	1
0006814	1
0006826	1
0006855	4
0006865	7
0006886	3
0006950	1
0006979	1
0007059	3
0007165	13
0008033	12
0008061	1
0008080	66
0008081	1
0008094	1
0008113	1
0008135	1
0008137	1
0008152	10
0008168	40
0008170	1
0008172	1
0008173	3
0008176	1
0008186	1
0008233	12
0008235	1
0008236	8
0008237	9
0008251	2
0008253	5
0008270	40
0008289	5
0008295	1
0008299	2
0008320	1
0008324	4
0008360	7
0008374	2
0008381	3
0008408	3
0008409	1
0008422	1
0008443	1
0008444	2
0008448	1
0008460	1
0008479	1
0008483	3
0008484	1
0008610	2
0008615	2
0008616	1
0008641	1
0008643	42
0008649	2
0008652	2
0008654	6
0008658	1
0008661	1
0008664	3
0008685	1
0008697	1
0008705	1
0008716	1
0008720	1
0008728	1
0008740	1
0008742	1
0008753	1
0008754	2
0008755	2
0008757	16
0008760	1
0008761	2
0008762	1
0008763	1
0008764	1
0008767	1
0008782	1
0008783	1
0008784	1
0008795	1
0008818	1
0008821	1
0008830	1
0008831	1
0008836	1
0008837	1
0008839	1
0008840	1
0008841	1
0008855	2
0008878	2
0008879	1
0008880	1
0008881	1
0008887	1
0008893	1
0008897	1
0008902	1
0008927	1
0008930	1
0008932	1
0008939	1
0008948	1
0008955	3
0008961	5
0008963	1
0008966	1
0008972	1
0008973	1
0008976	1
0008982	1
0008993	1
0008994	1
0008998	1
0008999	1
0009001	2
0009002	1
0009009	1
0009022	1
0009052	2
0009055	11
0009058	6
0009073	5
0009081	1
0009085	1
0009086	5
0009088	1
0009089	7
0009094	1
0009098	1
0009103	7
0009113	3
0009116	5
0009117	2
0009132	9
0009143	1
0009146	1
0009152	3
0009164	1
0009166	2
0009190	1
0009220	2
0009225	1
0009228	7
0009236	6
0009240	1
0009243	1
0009245	2
0009249	1
0009252	15
0009264	3
0009265	1
0009273	1
0009294	1
0009298	1
0009306	10
0009307	1
0009311	1
0009317	3
0009318	2
0009320	1
0009330	1
0009331	1
0009358	1
0009360	3
0009368	1
0009372	1
0009376	2
0009378	2
0009379	1
0009380	2
0009381	1
0009408	2
0009423	4
0009432	2
0009435	2
0009451	5
0009898	1
0009966	1
0009972	2
0009975	1
0009982	9
0009986	1
0010124	1
0010181	18
0015031	3
0015035	1
0015036	2
0015074	2
0015078	4
0015079	3
0015081	1
0015093	1
0015095	1
0015109	2
0015136	1
0015205	1
0015267	1
0015293	4
0015297	15
0015424	5
0015440	1
0015444	1
0015450	4
0015628	3
0015643	1
0015648	1
0015662	1
0015693	2
0015703	2
0015739	1
0015740	1
0015803	4
0015851	1
0015926	1
0015930	1
0015934	8
0015935	6
0015937	3
0015941	1
0015949	2
0015970	1
0015976	1
0015986	8
0016020	152
0016024	1
0016032	1
0016052	2
0016114	1
0016149	2
0016192	2
0016226	8
0016298	1
0016301	13
0016310	16
0016311	3
0016430	1
0016433	1
0016434	1
0016462	2
0016491	34
0016600	1
0016616	5
0016620	3
0016639	1
0016646	1
0016692	2
0016740	19
0016742	1
0016746	62
0016747	20
0016757	25
0016763	1
0016765	3
0016773	5
0016774	1
0016776	1
0016779	5
0016780	1
0016782	2
0016783	1
0016787	71
0016788	2
0016790	4
0016791	10
0016793	1
0016798	1
0016805	2
0016810	4
0016812	1
0016817	9
0016818	2
0016829	2
0016830	1
0016831	2
0016832	3
0016833	1
0016836	2
0016853	6
0016857	2
0016861	1
0016868	2
0016874	5
0016879	1
0016887	114
0016891	1
0016903	2
0016987	40
0017000	2
0017004	1
0017013	1
0017038	1
0017113	1
0017136	1
0017148	1
0017150	2
0018104	6
0018339	1
0018364	1
0018455	2
0018580	1
0019068	2
0019082	1
0019104	1
0019200	5
0019205	1
0019213	2
0019239	1
0019264	1
0019277	1
0019288	2
0019299	1
0019301	2
0019305	4
0019346	2
0019509	1
0019569	1
0019634	2
0019674	1
0019829	2
0019835	1
0019843	3
0020037	1
0022625	5
0022627	3
0022857	37
0022900	2
0030001	6
0030091	1
0030145	2
0030170	17
0030245	1
0030246	3
0030261	4
0030272	1
0030388	2
0030420	6
0030488	1
0030527	3
0030551	1
0030552	2
0030554	2
0030604	1
0030955	1
0030976	2
0030983	6
0031071	2
0031167	2
0031176	3
0031179	1
0031267	2
0031317	3
0031522	2
0031564	2
0032259	18
0032508	1
0032549	1
0032784	4
0032923	2
0033232	2
0033573	1
0033744	1
0033840	1
0033862	1
0033958	1
0033980	2
0034220	2
0034702	1
0034755	1
0034979	2
0035556	1
0035598	1
0036211	4
0036376	1
0036431	1
0042026	2
0042158	4
0042254	5
0042274	1
0042279	1
0042450	2
0042578	15
0042586	1
0042597	1
0042625	1
0042626	157
0042732	1
0042780	1
0042802	1
0042803	1
0042834	8
0042853	1
0042910	7
0043022	6
0043039	1
0043093	3
0043094	1
0043101	1
0043107	1
0043139	1
0043169	1
0043190	14
0043213	1
0043295	1
0043448	1
0043565	19
0043752	2
0043768	1
0043805	1
0043811	1
0043856	4
0043937	1
0043952	4
0044010	1
0044205	1
0044341	2
0044423	2
0045148	1
0045182	1
0045227	5
0045239	1
0045259	8
0045312	1
0045490	1
0045493	3
0045892	3
0045910	2
0045982	1
0046081	1
0046110	1
0046118	1
0046167	1
0046373	2
0046429	1
0046500	1
0046556	2
0046677	4
0046835	1
0046872	102
0046873	1
0046914	1
0046933	6
0046983	4
0047334	1
0047429	2
0047475	1
0047480	1
0047617	1
0047661	2
0047761	1
0047804	1
0047850	1
0047952	1
0048472	1
0048473	2
0048501	1
0050136	1
0050188	2
0050242	1
0050380	1
0050511	1
0050515	1
0050660	8
0050661	4
0050797	1
0050992	1
0051060	1
0051073	1
0051082	4
0051083	1
0051087	1
0051205	1
0051287	12
0051301	8
0051304	1
0051353	1
0051536	4
0051537	1
0051539	21
0051540	1
0051603	1
0051745	1
0051989	2
0052381	2
0052621	7
0052689	1
0052693	1
0052906	1
0052913	1
0052929	1
0055052	44
0055085	116
0055129	1
0061503	1
0061710	1
0065007	1
0065009	1
0070006	2
0070007	3
0070063	1
0070064	7
0070402	1
0070403	8
0070404	1
0070475	1
0070726	3
0070905	1
0071111	2
0071421	1
0071555	8
0071586	3
0071704	2
0071949	1
0071951	1
0071972	6
0072344	1
0090729	2
0097351	1
0098662	1
0098847	1
0106409	1
0110001	3
0120225	1
0140078	1
0140098	2
0140110	1
0140358	1
0140359	173
0140657	1
0140662	2
0140741	1
0140911	1
1901137	2
1902495	1
1902600	2
1904047	55
1990112	1
