0000015	1
0000035	1
0000036	1
0000041	2
0000049	3
0000050	1
0000098	3
0000103	2
0000104	1
0000105	10
0000107	2
0000150	1
0000154	2
0000155	15
0000156	11
0000160	26
0000162	6
0000166	48
0000175	1
0000179	1
0000210	1
0000256	2
0000270	3
0000271	6
0000286	1
0000287	32
0000311	1
0000314	3
0000315	3
0000373	2
0000413	2
0000451	1
0000502	1
0000725	1
0000774	2
0000902	1
0000906	1
0000910	2
0000917	1
0000976	1
0001216	1
0001510	2
0001522	5
0001558	1
0001727	3
0002161	1
0002949	3
0003676	50
0003677	324
0003678	9
0003684	8
0003688	1
0003697	4
0003700	223
0003723	39
0003724	1
0003725	1
0003729	1
0003735	59
0003743	3
0003746	4
0003747	1
0003755	5
0003824	114
0003825	1
0003842	2
0003844	1
0003848	1
0003849	1
0003852	1
0003855	1
0003856	1
0003861	4
0003862	1
0003864	1
0003866	1
0003879	1
0003883	1
0003885	1
0003887	10
0003899	5
0003905	1
0003906	3
0003908	2
0003910	3
0003911	1
0003913	1
0003916	1
0003917	1
0003918	2
0003919	1
0003922	1
0003924	14
0003934	1
0003935	2
0003937	1
0003938	3
0003942	1
0003949	1
0003951	1
0003952	1
0003954	5
0003957	1
0003960	3
0003964	2
0003977	1
0003978	2
0003983	1
0003984	1
0003985	4
0003987	1
0003989	4
0003991	1
0003994	1
0003995	28
0003998	1
0003999	1
0004000	1
0004013	1
0004015	1
0004018	1
0004019	1
0004020	1
0004022	1
0004029	1
0004030	3
0004035	1
0004037	1
0004039	1
0004042	1
0004044	1
0004045	3
0004047	1
0004048	1
0004049	1
0004055	1
0004056	1
0004065	2
0004066	1
0004067	3
0004068	1
0004070	1
0004072	1
0004073	1
0004075	3
0004076	1
0004077	1
0004084	1
0004088	1
0004096	3
0004107	1
0004113	1
0004122	1
0004126	1
0004129	1
0004134	1
0004139	1
0004140	1
0004141	1
0004144	6
0004146	4
0004148	1
0004150	1
0004151	1
0004152	1
0004156	2
0004160	2
0004169	1
0004170	1
0004175	1
0004176	2
0004177	7
0004180	1
0004190	2
0004222	7
0004252	11
0004298	2
0004314	1
0004315	3
0004316	1
0004322	1
0004325	1
0004326	1
0004332	2
0004333	2
0004340	1
0004345	2
0004347	1
0004349	1
0004350	1
0004351	1
0004352	1
0004356	6
0004357	3
0004358	1
0004359	4
0004360	1
0004364	1
0004366	1
0004368	2
0004370	2
0004372	2
0004373	1
0004375	1
0004385	1
0004386	13
0004392	1
0004399	1
0004400	2
0004401	1
0004412	1
0004413	1
0004414	1
0004418	1
0004424	1
0004425	1
0004427	1
0004450	1
0004451	1
0004452	1
0004459	1
0004467	3
0004471	1
0004473	1
0004474	1
0004476	1
0004478	1
0004479	1
0004488	1
0004489	1
0004494	1
0004497	39
0004512	1
0004514	2
0004516	1
0004518	9
0004519	17
0004521	7
0004523	2
0004525	1
0004526	1
0004534	1
0004536	1
0004540	9
0004550	1
0004553	14
0004556	1
0004573	1
0004574	1
0004585	1
0004587	1
0004588	1
0004590	1
0004591	1
0004592	1
0004594	1
0004595	1
0004601	8
0004602	2
0004604	1
0004605	1
0004609	1
0004611	1
0004614	1
0004616	1
0004617	1
0004618	1
0004619	1
0004632	1
0004633	1
0004634	1
0004635	1
0004636	1
0004637	1
0004638	2
0004639	1
0004640	1
0004641	1
0004642	2
0004643	1
0004644	2
0004645	1
0004648	1
0004654	1
0004655	1
0004659	4
0004664	1
0004665	1
0004672	6
0004673	14
0004674	3
0004721	2
0004722	2
0004725	4
0004729	1
0004731	1
0004733	2
0004735	1
0004736	1
0004739	2
0004743	1
0004748	3
0004749	1
0004750	1
0004764	2
0004765	1
0004766	1
0004781	3
0004784	2
0004789	1
0004791	1
0004793	1
0004794	2
0004795	1
0004797	1
0004798	1
0004799	1
0004801	1
0004802	1
0004803	23
0004805	2
0004806	8
0004807	1
0004812	4
0004813	1
0004814	1
0004817	1
0004818	1
0004820	1
0004821	1
0004822	1
0004823	1
0004824	2
0004825	1
0004826	2
0004827	1
0004828	1
0004829	1
0004830	1
0004831	1
0004832	1
0004834	3
0004844	1
0004845	2
0004846	1
0004851	1
0004852	2
0004853	1
0005047	1
0005048	1
0005198	1
0005215	18
0005216	4
0005247	1
0005267	3
0005283	1
0005351	1
0005488	10
0005506	34
0005507	3
0005515	27
0005524	311
0005525	20
0005542	1
0005543	2
0005548	1
0005576	4
0005694	1
0005737	39
0005829	4
0005839	1
0005840	36
0005854	1
0005886	56
0005948	2
0005960	1
0005971	1
0005975	28
0005978	2
0005980	3
0005992	5
0006006	3
0006007	1
0006012	2
0006020	1
0006021	1
0006048	1
0006068	1
0006071	2
0006072	4
0006082	1
0006085	1
0006086	2
0006089	2
0006090	3
0006094	4
0006096	8
0006097	1
0006098	6
0006099	9
0006106	1
0006108	2
0006113	1
0006116	5
0006139	2
0006144	3
0006163	1
0006164	4
0006166	1
0006177	1
0006189	9
0006203	1
0006206	1
0006207	3
0006221	4
0006226	1
0006229	1
0006231	2
0006233	1
0006241	1
0006259	1
0006260	13
0006261	2
0006265	3
0006269	1
0006270	1
0006275	1
0006276	1
0006281	36
0006282	1
0006284	6
0006285	1
0006289	3
0006302	2
0006303	1
0006304	2
0006308	2
0006310	19
0006313	6
0006351	5
0006352	9
0006353	3
0006355	232
0006364	7
0006396	8
0006400	7
0006402	4
0006412	65
0006413	3
0006414	4
0006415	3
0006418	3
0006419	1
0006420	1
0006423	1
0006424	3
0006426	1
0006427	1
0006428	1
0006429	1
0006430	2
0006431	1
0006432	2
0006433	1
0006434	1
0006435	1
0006436	1
0006437	1
0006438	1
0006450	1
0006457	6
0006465	2
0006468	7
0006470	4
0006486	14
0006487	1
0006508	35
0006520	6
0006522	1
0006523	1
0006525	2
0006526	5
0006528	3
0006529	1
0006534	1
0006537	3
0006540	1
0006541	2
0006542	6
0006556	1
0006564	3
0006567	2
0006568	2
0006571	1
0006574	1
0006592	2
0006605	2
0006614	1
0006629	3
0006631	7
0006633	14
0006637	2
0006644	1
0006694	1
0006730	2
0006741	1
0006760	1
0006777	6
0006779	3
0006780	1
0006783	2
0006788	1
0006790	3
0006793	3
0006796	1
0006799	1
0006801	1
0006808	1
0006810	13
0006811	1
0006812	9
0006814	5
0006817	5
0006824	2
0006826	2
0006833	1
0006855	5
0006857	1
0006865	11
0006874	1
0006879	2
0006885	3
0006886	4
0006950	1
0006979	10
0007030	1
0007059	4
0007155	1
0007165	22
0008033	6
0008080	19
0008081	3
0008094	2
0008113	2
0008115	3
0008134	1
0008135	1
0008137	12
0008146	2
0008152	18
0008168	28
0008171	1
0008173	5
0008176	1
0008177	1
0008186	1
0008199	4
0008233	9
0008234	4
0008236	5
0008237	10
0008263	1
0008270	47
0008273	1
0008276	1
0008289	1
0008299	7
0008320	1
0008324	5
0008360	4
0008374	3
0008375	1
0008379	2
0008381	3
0008408	5
0008409	1
0008410	12
0008422	1
0008428	1
0008441	2
0008442	1
0008443	2
0008444	1
0008460	2
0008479	1
0008483	10
0008484	2
0008490	1
0008495	1
0008519	3
0008534	3
0008610	2
0008615	3
0008641	2
0008643	6
0008649	1
0008652	3
0008654	14
0008655	1
0008658	3
0008661	1
0008664	1
0008666	1
0008668	2
0008684	1
0008685	1
0008686	2
0008701	1
0008703	2
0008705	1
0008710	1
0008716	1
0008725	1
0008728	1
0008734	1
0008740	1
0008745	2
0008750	1
0008753	1
0008757	15
0008760	1
0008762	1
0008763	1
0008764	1
0008767	1
0008773	1
0008774	1
0008776	1
0008784	1
0008794	1
0008800	1
0008817	2
0008818	1
0008821	1
0008824	1
0008829	1
0008831	1
0008832	1
0008835	1
0008836	1
0008837	1
0008839	2
0008840	1
0008841	1
0008851	1
0008854	3
0008855	2
0008861	1
0008864	2
0008878	1
0008879	2
0008881	1
0008882	1
0008883	1
0008887	1
0008893	1
0008897	1
0008902	1
0008909	2
0008924	1
0008932	1
0008934	1
0008935	1
0008939	1
0008942	3
0008955	3
0008961	1
0008963	1
0008964	1
0008965	1
0008966	1
0008972	1
0008976	4
0008977	1
0008982	1
0008986	2
0008987	1
0008993	1
0008999	1
0009002	2
0009007	1
0009009	1
0009014	1
0009022	1
0009027	1
0009030	1
0009035	1
0009037	1
0009039	2
0009055	22
0009056	7
0009058	15
0009073	6
0009081	1
0009082	4
0009086	4
0009088	2
0009089	6
0009094	1
0009097	2
0009098	6
0009099	2
0009102	4
0009103	1
0009107	1
0009113	2
0009116	6
0009117	1
0009132	9
0009146	2
0009152	3
0009168	1
0009190	5
0009220	1
0009225	2
0009228	6
0009231	1
0009234	3
0009236	16
0009240	1
0009243	2
0009245	1
0009249	2
0009250	1
0009252	18
0009263	2
0009264	1
0009268	1
0009273	1
0009279	1
0009294	2
0009297	4
0009303	1
0009306	16
0009307	4
0009311	2
0009313	1
0009316	4
0009317	4
0009318	1
0009320	1
0009331	3
0009336	1
0009338	3
0009349	1
0009358	1
0009360	3
0009374	1
0009378	2
0009379	1
0009380	2
0009381	1
0009396	5
0009401	4
0009408	3
0009423	3
0009432	4
0009435	6
0009448	1
0009451	5
0009691	2
0009898	2
0009966	3
0009975	8
0009982	5
0009986	1
0010124	1
0010125	4
0010126	1
0010127	2
0010133	2
0010181	43
0010498	5
0015031	2
0015035	4
0015036	2
0015074	4
0015075	1
0015078	5
0015087	1
0015103	3
0015112	2
0015113	1
0015123	1
0015136	1
0015171	7
0015205	3
0015250	1
0015267	1
0015288	1
0015293	5
0015297	8
0015385	4
0015412	1
0015415	4
0015419	5
0015424	2
0015434	1
0015450	4
0015562	3
0015628	2
0015645	3
0015648	1
0015658	1
0015662	2
0015689	2
0015691	1
0015700	1
0015706	1
0015707	1
0015739	1
0015803	3
0015851	3
0015891	2
0015914	8
0015930	3
0015934	8
0015935	6
0015937	4
0015940	2
0015941	1
0015949	2
0015970	1
0015977	1
0015986	6
0015990	1
0015995	1
0016019	1
0016020	254
0016024	1
0016042	16
0016075	3
0016114	1
0016116	5
0016117	6
0016149	1
0016151	3
0016159	1
0016166	1
0016208	1
0016209	1
0016226	5
0016298	2
0016301	14
0016310	19
0016311	4
0016405	1
0016407	3
0016410	1
0016413	2
0016414	1
0016421	3
0016426	1
0016433	1
0016434	1
0016462	1
0016491	242
0016530	1
0016531	1
0016597	1
0016600	1
0016614	5
0016615	1
0016616	9
0016620	3
0016624	1
0016627	37
0016628	2
0016638	3
0016639	1
0016646	2
0016647	1
0016651	5
0016655	6
0016670	1
0016682	1
0016684	1
0016702	1
0016703	4
0016705	22
0016706	1
0016709	14
0016712	3
0016717	5
0016722	4
0016740	15
0016746	37
0016747	23
0016757	33
0016758	5
0016765	4
0016772	4
0016773	1
0016776	1
0016779	10
0016780	4
0016782	1
0016783	5
0016787	141
0016788	6
0016790	18
0016791	8
0016793	1
0016798	4
0016799	4
0016810	6
0016811	2
0016812	3
0016813	1
0016817	9
0016818	4
0016823	1
0016829	29
0016832	2
0016833	1
0016836	10
0016849	2
0016853	6
0016857	3
0016861	1
0016866	1
0016868	1
0016874	19
0016879	3
0016881	1
0016884	2
0016887	105
0016901	2
0016903	1
0016987	12
0016989	2
0016990	1
0016992	1
0016993	1
0016994	1
0017000	4
0017004	4
0017013	1
0017038	2
0017057	1
0017061	1
0017076	1
0017136	1
0017148	3
0017150	1
0017168	2
0018104	3
0018117	1
0018364	2
0018580	1
0019104	3
0019120	1
0019134	1
0019184	1
0019200	1
0019205	1
0019213	3
0019239	1
0019264	2
0019277	1
0019287	1
0019288	4
0019290	2
0019301	1
0019305	5
0019310	3
0019318	1
0019343	1
0019346	2
0019354	1
0019379	1
0019427	1
0019430	1
0019464	3
0019475	1
0019491	2
0019546	1
0019627	2
0019628	2
0019674	1
0019752	1
0019773	1
0019829	2
0019835	1
0019843	3
0019941	4
0020037	29
0022625	5
0022627	3
0022857	99
0022872	1
0022877	1
0030001	6
0030091	4
0030145	2
0030151	6
0030163	1
0030170	34
0030234	1
0030245	1
0030246	3
0030261	2
0030272	1
0030288	2
0030366	1
0030420	1
0030488	2
0030494	1
0030527	1
0030552	1
0030554	5
0030604	1
0030612	1
0030643	1
0030655	1
0030729	1
0030788	1
0030955	1
0030956	2
0030973	1
0030976	11
0030979	1
0031071	1
0031167	2
0031177	2
0031179	1
0031386	1
0031388	1
0031419	3
0031522	2
0032196	1
0032259	16
0032324	1
0032363	1
0032508	3
0032549	1
0032555	2
0032778	1
0032784	2
0032787	1
0032977	1
0032991	1
0032993	3
0033014	4
0033228	2
0033230	2
0033286	3
0033288	3
0033308	3
0033743	2
0033744	2
0033816	1
0033818	2
0033819	1
0033862	1
0033942	1
0033971	1
0034204	1
0034220	9
0034702	1
0034707	1
0035435	1
0035446	1
0035447	1
0035550	1
0035556	5
0035595	1
0035673	1
0036001	1
0036042	1
0036211	3
0036382	1
0036383	1
0036424	1
0036431	1
0042026	4
0042128	2
0042132	1
0042158	1
0042242	1
0042254	2
0042274	1
0042277	1
0042286	1
0042301	2
0042398	3
0042450	2
0042578	6
0042586	1
0042597	1
0042626	101
0042732	1
0042773	8
0042802	9
0042803	7
0042823	6
0042834	3
0042853	1
0042910	1
0042919	2
0042925	2
0042952	2
0043022	4
0043093	2
0043138	3
0043169	1
0043190	25
0043199	1
0043295	2
0043365	1
0043419	2
0043546	4
0043565	19
0043687	1
0043720	1
0043743	2
0043758	1
0043773	1
0043805	1
0043814	1
0043819	1
0043856	2
0043885	1
0043937	1
0043952	4
0043953	1
0044409	1
0044550	1
0045017	8
0045027	1
0045087	1
0045127	1
0045182	1
0045240	1
0045254	2
0045259	6
0045271	2
0045273	1
0045300	1
0045454	5
0045550	1
0045892	4
0045893	1
0045900	1
0045927	2
0045936	1
0046025	1
0046026	1
0046081	1
0046118	1
0046140	1
0046167	1
0046170	1
0046177	1
0046316	1
0046356	1
0046395	1
0046417	1
0046428	1
0046429	1
0046500	1
0046653	2
0046654	6
0046677	4
0046685	4
0046688	1
0046872	218
0046873	3
0046912	1
0046914	2
0046933	5
0046983	5
0047071	1
0047307	1
0047330	1
0047343	1
0047420	1
0047429	2
0047470	1
0047475	1
0047480	1
0047570	1
0047571	1
0047590	1
0047617	7
0047661	1
0047804	1
0047952	1
0048034	1
0048038	11
0048039	1
0048040	1
0048472	1
0048501	1
0050136	5
0050311	1
0050355	1
0050380	1
0050456	2
0050511	1
0050515	1
0050518	1
0050526	1
0050567	2
0050607	1
0050656	2
0050660	72
0050661	16
0050797	1
0050896	3
0051073	1
0051082	6
0051083	1
0051087	2
0051116	1
0051119	1
0051139	1
0051213	6
0051252	1
0051287	28
0051301	12
0051470	3
0051536	32
0051537	29
0051539	23
0051540	1
0051603	1
0051604	1
0051745	1
0051775	1
0051920	6
0051989	1
0052381	1
0052636	5
0052689	2
0052699	2
0052706	1
0052851	1
0052906	1
0052913	1
0055051	2
0055052	25
0055085	112
0055129	3
0061097	1
0061599	1
0061603	1
0061710	1
0061799	1
0070006	6
0070007	2
0070063	1
0070069	1
0070204	1
0070279	2
0070401	6
0070402	5
0070403	41
0070475	1
0070490	2
0070628	1
0070726	1
0070733	2
0070814	1
0070905	2
0070967	33
0070968	2
0071111	1
0071555	6
0071586	2
0071705	2
0071766	5
0071768	8
0071805	3
0071897	1
0071949	17
0071951	1
0071972	3
0072488	3
0090529	1
0090563	1
0090729	4
0097351	3
0098662	1
0098869	1
0102100	1
0102547	1
0110001	18
0120225	6
0120549	2
0140078	3
0140098	1
0140110	2
0140327	2
0140359	114
0140604	6
0140662	9
0140663	1
0140737	1
0141098	1
0160254	1
1901053	1
1901137	2
1901576	1
1902358	3
1902444	1
1902495	1
1902600	7
1903424	2
1903425	2
1904047	35
1904091	1
1905887	3
1990107	1
1990204	3
1990586	2
1990610	1
2000142	2
