0000015	1
0000034	1
0000035	1
0000036	1
0000049	3
0000104	2
0000105	1
0000150	1
0000155	3
0000156	2
0000160	8
0000162	6
0000166	27
0000175	1
0000179	1
0000270	1
0000271	4
0000286	1
0000287	14
0000311	1
0000314	3
0000315	3
0000451	1
0000902	2
0000910	4
0000918	2
0001216	2
0001510	2
0001522	7
0001530	1
0001539	4
0001680	1
0002098	1
0002100	1
0002161	1
0002943	1
0002949	3
0003333	3
0003676	18
0003677	86
0003678	6
0003684	3
0003688	1
0003697	4
0003700	19
0003723	39
0003725	3
0003729	1
0003735	54
0003743	3
0003746	5
0003747	1
0003755	2
0003774	3
0003824	15
0003842	1
0003848	1
0003849	1
0003855	1
0003856	1
0003864	1
0003866	1
0003868	1
0003882	1
0003883	1
0003886	1
0003887	5
0003899	7
0003906	1
0003908	1
0003911	1
0003913	1
0003916	3
0003917	1
0003918	4
0003919	1
0003922	1
0003924	14
0003934	1
0003935	1
0003938	1
0003941	1
0003951	1
0003952	1
0003955	1
0003960	1
0003977	1
0003983	1
0003985	1
0003987	1
0003989	3
0003994	1
0003998	1
0004013	1
0004015	1
0004017	1
0004018	1
0004019	1
0004022	1
0004045	1
0004047	1
0004048	1
0004049	2
0004066	1
0004067	1
0004070	1
0004072	1
0004073	1
0004075	2
0004076	1
0004077	1
0004088	1
0004089	1
0004096	1
0004107	1
0004108	2
0004109	1
0004113	1
0004126	1
0004127	1
0004129	3
0004140	1
0004141	1
0004146	2
0004148	1
0004149	1
0004150	1
0004151	1
0004152	1
0004156	1
0004170	1
0004174	1
0004175	1
0004176	3
0004177	2
0004181	1
0004190	2
0004222	9
0004252	5
0004298	1
0004314	2
0004315	4
0004316	1
0004318	1
0004324	1
0004325	1
0004326	1
0004332	1
0004333	1
0004352	1
0004356	1
0004357	2
0004359	1
0004360	1
0004363	1
0004368	1
0004370	1
0004372	1
0004375	2
0004385	1
0004386	2
0004397	1
0004400	1
0004411	1
0004416	1
0004417	1
0004418	1
0004420	1
0004425	1
0004427	1
0004450	1
0004451	1
0004452	1
0004470	1
0004471	1
0004474	1
0004478	1
0004479	1
0004488	1
0004497	2
0004505	1
0004514	1
0004518	8
0004519	6
0004521	1
0004523	2
0004525	1
0004526	1
0004527	1
0004536	1
0004540	2
0004550	1
0004553	4
0004588	1
0004590	1
0004591	1
0004592	1
0004595	1
0004601	1
0004602	1
0004605	1
0004609	1
0004618	1
0004619	1
0004632	1
0004633	1
0004634	1
0004640	1
0004648	1
0004654	1
0004655	1
0004657	1
0004659	3
0004672	5
0004673	2
0004674	1
0004719	1
0004731	1
0004733	2
0004735	1
0004738	1
0004739	1
0004742	1
0004748	1
0004749	1
0004750	1
0004751	1
0004764	1
0004765	1
0004766	1
0004784	1
0004789	1
0004791	1
0004797	1
0004798	1
0004799	1
0004802	1
0004803	56
0004807	1
0004808	1
0004810	1
0004812	3
0004813	1
0004814	1
0004816	1
0004817	1
0004818	1
0004819	1
0004820	2
0004821	1
0004822	1
0004823	1
0004824	2
0004825	1
0004826	2
0004827	1
0004828	1
0004829	1
0004830	2
0004831	1
0004832	1
0004834	2
0004842	1
0004845	1
0004849	1
0004852	1
0004853	1
0004857	1
0005047	1
0005048	1
0005085	1
0005198	9
0005215	4
0005247	1
0005315	1
0005319	1
0005344	1
0005375	1
0005488	1
0005506	2
0005507	1
0005515	25
0005524	154
0005525	22
0005694	3
0005737	47
0005739	1
0005829	1
0005840	31
0005854	1
0005886	36
0005960	1
0005975	8
0006006	1
0006011	1
0006015	1
0006020	1
0006040	1
0006048	1
0006072	3
0006082	1
0006086	2
0006090	1
0006094	2
0006096	6
0006097	1
0006098	1
0006099	9
0006106	1
0006108	1
0006109	5
0006120	1
0006139	1
0006146	1
0006163	1
0006164	2
0006177	1
0006188	1
0006203	1
0006207	3
0006221	2
0006222	1
0006226	1
0006229	1
0006231	1
0006233	1
0006241	1
0006259	1
0006260	15
0006261	1
0006265	7
0006269	1
0006270	1
0006275	1
0006281	20
0006282	1
0006284	2
0006289	3
0006298	3
0006304	2
0006308	3
0006310	21
0006313	12
0006351	5
0006352	5
0006353	3
0006355	32
0006364	11
0006396	5
0006397	1
0006400	9
0006402	6
0006412	59
0006413	3
0006414	5
0006415	4
0006418	2
0006419	1
0006420	1
0006421	1
0006423	1
0006424	1
0006425	1
0006426	2
0006427	1
0006428	1
0006429	1
0006430	2
0006431	1
0006432	2
0006433	1
0006434	1
0006435	1
0006436	2
0006437	1
0006438	1
0006457	7
0006465	1
0006468	4
0006486	3
0006508	27
0006520	2
0006522	1
0006527	3
0006529	1
0006534	1
0006535	1
0006537	1
0006541	3
0006542	1
0006546	2
0006548	2
0006556	1
0006559	4
0006561	1
0006564	1
0006567	1
0006568	1
0006572	3
0006574	1
0006605	3
0006614	1
0006629	4
0006631	2
0006633	12
0006644	1
0006654	1
0006730	3
0006741	1
0006744	4
0006749	2
0006750	3
0006751	1
0006779	4
0006780	1
0006782	1
0006783	2
0006796	1
0006799	1
0006801	2
0006808	1
0006810	4
0006811	1
0006812	5
0006817	1
0006821	1
0006824	1
0006825	1
0006826	2
0006835	1
0006857	1
0006865	5
0006869	1
0006886	3
0006950	1
0006979	3
0007059	4
0007155	3
0007165	6
0007264	1
0008033	11
0008080	12
0008081	1
0008094	1
0008097	1
0008113	1
0008121	2
0008135	1
0008137	6
0008152	1
0008153	1
0008168	21
0008171	2
0008172	1
0008173	3
0008176	1
0008177	1
0008186	1
0008198	1
0008199	1
0008233	8
0008235	1
0008236	2
0008237	7
0008251	1
0008252	1
0008270	18
0008276	1
0008289	5
0008299	5
0008324	2
0008360	7
0008374	1
0008379	1
0008381	1
0008408	2
0008409	1
0008442	1
0008444	1
0008479	1
0008483	4
0008484	1
0008495	1
0008534	1
0008610	3
0008615	5
0008616	3
0008643	1
0008649	2
0008652	2
0008654	7
0008655	1
0008658	4
0008664	2
0008666	1
0008676	1
0008690	1
0008703	1
0008716	1
0008728	1
0008734	1
0008743	1
0008745	2
0008750	1
0008752	1
0008753	1
0008754	2
0008755	2
0008757	14
0008760	1
0008761	1
0008762	1
0008763	1
0008764	1
0008773	1
0008780	1
0008784	1
0008791	1
0008803	1
0008813	1
0008821	1
0008829	1
0008832	1
0008835	1
0008837	1
0008839	1
0008840	1
0008841	1
0008855	2
0008881	1
0008882	1
0008883	1
0008890	1
0008893	1
0008897	1
0008901	1
0008902	1
0008915	1
0008932	1
0008933	1
0008934	1
0008955	2
0008961	1
0008963	1
0008966	1
0008968	1
0008972	1
0008973	1
0008976	1
0008982	1
0008986	1
0008988	1
0008990	2
0008999	1
0009001	1
0009002	3
0009007	1
0009009	3
0009014	1
0009015	1
0009022	1
0009029	1
0009030	1
0009052	1
0009055	20
0009058	8
0009060	2
0009073	5
0009085	1
0009089	6
0009102	4
0009103	4
0009107	1
0009116	3
0009117	2
0009146	1
0009152	1
0009156	1
0009165	1
0009190	1
0009220	1
0009228	4
0009245	6
0009246	1
0009249	2
0009252	21
0009253	2
0009254	1
0009263	1
0009268	1
0009274	1
0009276	1
0009279	12
0009288	1
0009289	1
0009290	1
0009291	7
0009292	2
0009294	1
0009297	1
0009306	18
0009317	4
0009318	2
0009331	2
0009340	1
0009349	1
0009358	1
0009360	2
0009368	2
0009376	2
0009378	2
0009379	1
0009380	2
0009381	1
0009396	3
0009408	2
0009423	2
0009424	2
0009425	5
0009426	1
0009427	2
0009428	3
0009431	3
0009432	2
0009435	4
0009451	6
0009972	1
0009982	7
0010133	1
0010181	8
0010340	1
0015031	5
0015035	4
0015036	1
0015074	4
0015078	6
0015079	1
0015087	1
0015093	1
0015095	1
0015103	1
0015116	1
0015136	1
0015171	5
0015205	1
0015221	4
0015232	3
0015267	2
0015288	1
0015293	4
0015297	4
0015333	1
0015450	4
0015562	6
0015616	1
0015627	7
0015628	9
0015658	1
0015662	2
0015693	1
0015739	1
0015803	1
0015833	5
0015846	2
0015851	1
0015886	3
0015914	2
0015920	4
0015930	1
0015934	8
0015935	6
0015936	1
0015937	3
0015940	2
0015941	1
0015949	2
0015969	2
0015976	1
0015986	8
0015990	1
0016019	1
0016020	141
0016024	1
0016034	1
0016117	1
0016149	2
0016151	2
0016153	1
0016166	1
0016208	1
0016226	10
0016301	9
0016310	12
0016407	2
0016410	2
0016421	1
0016433	1
0016434	1
0016436	1
0016462	2
0016491	26
0016530	2
0016567	1
0016597	1
0016615	1
0016616	3
0016620	3
0016627	3
0016628	1
0016638	1
0016645	1
0016646	1
0016651	2
0016655	2
0016682	3
0016705	1
0016709	1
0016722	1
0016740	9
0016743	1
0016746	18
0016747	7
0016757	11
0016765	1
0016772	2
0016773	2
0016774	1
0016776	1
0016779	5
0016780	4
0016782	2
0016783	1
0016787	35
0016788	5
0016790	5
0016791	2
0016798	1
0016799	1
0016810	2
0016812	2
0016818	1
0016829	3
0016831	2
0016836	2
0016846	2
0016853	4
0016854	1
0016866	1
0016868	1
0016874	4
0016879	1
0016881	1
0016887	39
0016896	1
0016987	6
0016992	1
0017003	1
0017004	7
0017038	2
0017148	2
0017150	2
0018104	10
0018117	1
0018177	1
0018339	1
0018364	2
0018454	1
0019104	2
0019134	1
0019239	1
0019243	1
0019264	1
0019277	1
0019287	1
0019290	1
0019310	1
0019346	1
0019427	1
0019430	1
0019464	2
0019538	2
0019556	2
0019629	1
0019632	1
0019646	2
0019679	2
0019752	1
0019808	1
0019825	1
0019829	1
0019843	3
0019856	1
0019867	2
0019899	2
0020037	14
0022625	5
0022627	3
0022857	55
0022900	2
0022904	3
0030001	1
0030091	3
0030145	1
0030163	1
0030170	10
0030234	2
0030254	2
0030255	5
0030261	2
0030272	1
0030288	4
0030488	1
0030497	1
0030527	1
0030551	1
0030552	2
0030554	1
0030694	2
0030729	1
0030976	1
0030983	2
0031071	1
0031167	4
0031522	2
0032150	1
0032196	1
0032259	11
0032297	1
0032775	1
0032784	2
0032955	1
0032977	1
0033014	4
0033232	2
0033468	1
0033617	1
0033711	1
0033739	1
0033743	1
0033744	1
0033819	1
0033856	1
0033862	1
0033897	1
0034204	1
0035438	1
0035556	1
0035673	1
0035870	1
0036211	11
0036222	1
0036374	1
0042026	2
0042158	1
0042254	5
0042273	1
0042274	1
0042286	1
0042398	1
0042578	1
0042586	4
0042597	7
0042619	1
0042625	1
0042626	16
0042773	3
0042780	1
0042802	4
0042803	1
0042834	7
0042853	1
0042908	1
0042910	1
0042953	3
0043022	5
0043093	2
0043094	1
0043165	1
0043190	8
0043213	1
0043295	1
0043335	1
0043448	1
0043531	1
0043565	5
0043633	1
0043683	1
0043743	1
0043811	1
0043824	1
0043867	1
0043952	4
0043953	1
0044183	1
0044205	1
0044780	10
0044781	1
0044877	1
0045087	1
0045182	1
0045239	1
0045240	1
0045252	1
0045254	3
0045259	4
0045271	1
0045273	2
0045275	1
0045861	2
0045892	2
0045900	1
0046081	1
0046118	1
0046167	1
0046421	1
0046654	4
0046656	1
0046677	3
0046820	1
0046872	68
0046873	1
0046914	1
0046933	5
0046983	1
0047134	1
0047429	1
0047480	1
0047547	1
0047617	2
0047952	1
0048038	4
0048473	2
0048501	1
0050112	1
0050136	3
0050415	1
0050440	1
0050480	1
0050511	1
0050520	1
0050570	1
0050660	10
0050661	6
0051082	6
0051083	1
0051087	1
0051119	1
0051262	1
0051287	13
0051301	12
0051536	7
0051537	3
0051539	11
0051540	1
0051603	1
0051604	2
0051920	2
0051989	1
0052381	1
0052621	3
0052689	1
0052693	1
0052873	1
0052906	1
0052913	1
0055052	5
0055085	70
0061024	1
0061077	1
0061542	1
0061710	3
0070006	4
0070007	1
0070063	1
0070069	2
0070401	2
0070402	1
0070403	9
0070475	2
0070733	1
0070905	1
0071111	2
0071555	4
0071586	1
0071709	1
0071805	1
0071949	7
0071951	1
0071972	10
0071973	15
0089714	1
0090529	1
0097163	1
0097347	1
0097367	2
0098567	2
0103117	1
0106141	1
0110001	1
0110142	1
0120010	1
0120225	1
0140078	1
0140110	1
0140358	1
0140359	15
0140658	1
0140662	1
1901135	1
1901137	1
1901891	1
1902358	1
1902600	4
1903424	1
1903425	1
1904047	22
1904680	4
1905887	2
1990229	1
1990397	4
1990817	1
