0000015	1
0000035	1
0000036	1
0000041	1
0000049	2
0000098	1
0000103	3
0000104	2
0000105	11
0000107	2
0000150	1
0000154	2
0000155	18
0000156	27
0000160	39
0000162	7
0000166	26
0000175	2
0000179	1
0000270	1
0000271	7
0000286	1
0000287	16
0000311	1
0000314	3
0000315	3
0000413	1
0000451	1
0000703	1
0000774	1
0000902	2
0000906	1
0000910	4
0000917	2
0000921	1
0001072	1
0001216	1
0001510	2
0001522	8
0001530	2
0001539	5
0001680	1
0002098	3
0002100	1
0002161	1
0002943	1
0002949	3
0003676	18
0003677	124
0003678	7
0003684	4
0003688	1
0003690	1
0003697	6
0003700	30
0003723	38
0003724	3
0003725	2
0003729	2
0003735	54
0003743	3
0003746	5
0003747	2
0003755	9
0003774	6
0003824	29
0003844	1
0003848	2
0003849	1
0003852	1
0003855	1
0003856	1
0003861	2
0003862	1
0003864	1
0003866	1
0003871	1
0003872	1
0003879	1
0003882	1
0003883	1
0003886	2
0003887	10
0003899	6
0003905	1
0003906	1
0003908	1
0003911	1
0003916	1
0003917	1
0003918	4
0003919	1
0003922	1
0003924	14
0003933	1
0003934	1
0003935	1
0003937	1
0003938	1
0003942	1
0003949	1
0003951	1
0003952	1
0003954	2
0003955	1
0003957	1
0003977	1
0003978	1
0003983	1
0003984	1
0003987	1
0003989	3
0003991	1
0003994	1
0003998	1
0004000	1
0004013	1
0004015	1
0004017	1
0004018	1
0004019	1
0004020	1
0004022	1
0004042	1
0004044	1
0004045	2
0004047	1
0004048	1
0004049	2
0004055	1
0004056	1
0004057	1
0004066	3
0004070	1
0004072	1
0004073	1
0004075	1
0004076	1
0004077	1
0004084	2
0004088	1
0004089	1
0004107	1
0004109	2
0004112	4
0004115	1
0004124	1
0004129	4
0004130	1
0004134	1
0004140	1
0004141	1
0004143	1
0004146	1
0004148	1
0004149	1
0004150	2
0004151	1
0004152	1
0004156	1
0004160	1
0004176	4
0004177	3
0004190	4
0004197	1
0004222	12
0004252	10
0004298	1
0004309	1
0004314	1
0004315	2
0004316	1
0004318	1
0004325	1
0004326	1
0004332	2
0004333	1
0004340	1
0004345	1
0004347	1
0004349	1
0004350	1
0004356	1
0004357	2
0004358	1
0004360	1
0004362	1
0004363	1
0004372	1
0004373	1
0004375	2
0004385	1
0004386	4
0004399	1
0004400	2
0004412	1
0004416	1
0004418	1
0004424	1
0004425	1
0004427	1
0004450	1
0004462	1
0004478	1
0004479	1
0004488	1
0004489	1
0004497	3
0004514	1
0004518	6
0004519	5
0004520	1
0004521	1
0004523	2
0004525	1
0004526	1
0004527	2
0004536	2
0004540	4
0004553	4
0004585	1
0004588	1
0004590	1
0004591	1
0004592	1
0004594	1
0004595	1
0004605	1
0004609	1
0004618	1
0004619	2
0004622	1
0004632	1
0004633	1
0004634	1
0004635	1
0004636	1
0004637	1
0004638	2
0004639	1
0004640	1
0004641	1
0004642	1
0004643	1
0004644	1
0004645	1
0004648	1
0004654	1
0004655	1
0004664	1
0004672	1
0004673	13
0004674	4
0004713	1
0004715	1
0004719	2
0004722	3
0004725	2
0004731	1
0004735	1
0004739	1
0004742	1
0004743	2
0004748	1
0004750	1
0004751	1
0004756	1
0004764	1
0004781	1
0004784	1
0004789	1
0004791	1
0004794	1
0004795	1
0004798	1
0004799	1
0004802	1
0004803	49
0004807	1
0004810	1
0004812	4
0004813	1
0004814	1
0004817	1
0004818	1
0004819	1
0004820	2
0004821	1
0004822	1
0004823	1
0004824	2
0004825	1
0004826	2
0004827	1
0004828	1
0004829	1
0004830	1
0004831	1
0004832	1
0004834	3
0004844	1
0004851	1
0004852	1
0004853	2
0004888	2
0005047	1
0005048	1
0005198	8
0005215	6
0005216	2
0005247	2
0005267	2
0005283	1
0005315	1
0005319	1
0005375	1
0005381	2
0005436	1
0005488	1
0005506	5
0005507	5
0005515	36
0005524	202
0005525	33
0005542	1
0005576	1
0005694	3
0005737	49
0005829	3
0005840	31
0005854	1
0005886	53
0005948	1
0005960	1
0005975	21
0005978	2
0005980	1
0006002	1
0006006	3
0006011	1
0006012	1
0006020	1
0006040	1
0006047	1
0006048	1
0006072	1
0006082	1
0006086	1
0006089	1
0006090	2
0006091	1
0006094	3
0006096	11
0006098	4
0006099	10
0006105	1
0006109	2
0006116	2
0006120	1
0006139	2
0006163	1
0006164	4
0006177	1
0006188	1
0006189	5
0006207	3
0006221	3
0006229	1
0006231	1
0006233	1
0006241	1
0006259	1
0006260	22
0006261	2
0006265	5
0006269	1
0006270	1
0006275	1
0006281	26
0006282	1
0006284	2
0006289	3
0006298	3
0006304	2
0006308	2
0006310	24
0006313	11
0006351	6
0006352	8
0006353	3
0006355	62
0006364	11
0006396	8
0006400	12
0006402	2
0006412	59
0006413	3
0006414	5
0006415	5
0006418	2
0006419	1
0006420	1
0006423	1
0006424	3
0006425	1
0006426	2
0006427	1
0006428	1
0006429	1
0006430	2
0006431	1
0006432	2
0006433	1
0006434	1
0006435	1
0006436	1
0006437	1
0006438	1
0006450	1
0006457	15
0006465	3
0006468	3
0006470	5
0006482	1
0006486	12
0006508	43
0006520	2
0006522	1
0006525	1
0006526	5
0006529	3
0006535	2
0006537	2
0006541	1
0006542	1
0006546	2
0006556	1
0006564	1
0006567	2
0006568	1
0006592	2
0006605	3
0006614	1
0006629	4
0006631	2
0006633	12
0006636	1
0006644	1
0006654	2
0006730	2
0006741	1
0006744	11
0006749	2
0006750	3
0006751	1
0006760	2
0006777	8
0006779	6
0006780	1
0006782	1
0006783	3
0006790	2
0006793	2
0006796	2
0006798	1
0006801	1
0006808	5
0006810	9
0006811	1
0006812	7
0006813	1
0006814	4
0006817	9
0006821	2
0006825	1
0006826	2
0006855	1
0006865	4
0006869	1
0006878	1
0006879	1
0006885	1
0006886	3
0006935	12
0006950	3
0006974	1
0006979	2
0007059	5
0007155	3
0007165	31
0008033	11
0008080	4
0008094	1
0008097	1
0008113	1
0008119	1
0008121	2
0008134	3
0008135	1
0008137	9
0008146	1
0008152	7
0008153	1
0008168	31
0008170	2
0008171	1
0008172	1
0008173	4
0008175	1
0008176	1
0008177	1
0008186	1
0008198	1
0008199	1
0008219	1
0008233	5
0008234	4
0008236	3
0008237	14
0008251	1
0008252	1
0008270	23
0008276	1
0008289	2
0008299	4
0008310	1
0008311	1
0008320	1
0008324	7
0008360	7
0008374	1
0008379	4
0008381	3
0008408	5
0008409	1
0008412	1
0008413	1
0008441	1
0008444	1
0008460	1
0008479	1
0008483	2
0008484	4
0008490	1
0008519	1
0008534	1
0008535	2
0008553	1
0008610	3
0008615	3
0008616	3
0008641	1
0008643	5
0008649	2
0008652	1
0008653	1
0008654	8
0008658	4
0008661	1
0008664	1
0008666	1
0008676	1
0008681	1
0008684	1
0008685	1
0008686	1
0008690	1
0008696	1
0008701	1
0008703	1
0008705	1
0008710	1
0008716	1
0008728	2
0008734	1
0008743	1
0008745	2
0008750	1
0008752	1
0008753	1
0008754	2
0008755	3
0008757	19
0008760	1
0008761	3
0008762	1
0008763	1
0008764	1
0008773	1
0008774	1
0008780	1
0008784	1
0008794	1
0008795	1
0008803	1
0008808	1
0008813	1
0008817	1
0008821	1
0008829	1
0008830	1
0008831	1
0008835	1
0008836	1
0008837	1
0008839	1
0008840	1
0008855	2
0008873	1
0008875	1
0008878	1
0008879	1
0008882	1
0008883	1
0008887	1
0008890	1
0008893	2
0008897	1
0008899	1
0008902	1
0008909	1
0008914	1
0008915	1
0008920	2
0008932	1
0008933	1
0008934	1
0008935	1
0008940	2
0008948	1
0008955	3
0008961	1
0008963	1
0008965	1
0008966	1
0008967	2
0008968	1
0008972	1
0008974	2
0008976	2
0008982	1
0008984	1
0008986	1
0008987	1
0008995	1
0008998	2
0008999	1
0009001	1
0009002	2
0009009	2
0009014	1
0009016	1
0009022	1
0009029	1
0009030	1
0009052	1
0009055	41
0009056	3
0009058	7
0009060	2
0009073	5
0009081	2
0009082	3
0009086	5
0009088	2
0009089	9
0009094	1
0009097	3
0009098	3
0009099	1
0009102	6
0009103	4
0009107	1
0009113	2
0009116	3
0009117	2
0009132	1
0009143	2
0009146	2
0009152	2
0009220	1
0009225	1
0009228	6
0009234	4
0009236	1
0009240	1
0009243	1
0009244	2
0009245	7
0009249	2
0009252	20
0009253	3
0009254	1
0009263	1
0009265	1
0009268	2
0009271	1
0009274	1
0009279	19
0009288	5
0009289	2
0009290	1
0009294	1
0009297	3
0009306	10
0009316	2
0009317	4
0009318	2
0009320	1
0009331	1
0009340	1
0009349	1
0009360	3
0009368	2
0009376	2
0009378	2
0009379	1
0009380	2
0009381	1
0009396	5
0009401	3
0009403	1
0009408	5
0009423	2
0009424	2
0009425	1
0009426	1
0009427	1
0009428	2
0009431	2
0009432	4
0009435	6
0009451	5
0009636	1
0009678	1
0009691	1
0009712	1
0009898	1
0009966	7
0009973	2
0009975	7
0009982	8
0010038	2
0010181	8
0010340	1
0010974	1
0015016	1
0015031	8
0015035	18
0015036	3
0015074	10
0015078	4
0015079	1
0015081	1
0015093	1
0015095	1
0015098	1
0015103	3
0015116	1
0015136	1
0015159	1
0015171	2
0015221	4
0015232	3
0015252	3
0015267	7
0015288	6
0015291	1
0015293	4
0015297	2
0015379	2
0015385	1
0015412	2
0015415	3
0015450	3
0015501	1
0015562	11
0015616	1
0015627	8
0015628	12
0015645	2
0015662	1
0015689	3
0015693	1
0015700	1
0015739	1
0015740	2
0015774	1
0015813	1
0015886	2
0015891	6
0015914	2
0015920	5
0015930	2
0015934	8
0015935	6
0015937	3
0015940	2
0015941	1
0015949	2
0015970	2
0015976	1
0015986	8
0016020	207
0016024	1
0016042	1
0016051	1
0016114	1
0016149	2
0016152	1
0016208	1
0016209	1
0016226	14
0016260	1
0016301	4
0016310	12
0016311	1
0016407	2
0016410	2
0016430	1
0016433	1
0016434	1
0016436	1
0016462	2
0016491	41
0016531	1
0016597	1
0016598	1
0016614	1
0016616	4
0016620	4
0016624	1
0016627	1
0016628	1
0016638	1
0016647	1
0016651	3
0016655	2
0016661	1
0016667	1
0016669	1
0016684	1
0016692	1
0016701	1
0016709	1
0016717	2
0016740	13
0016743	1
0016746	8
0016747	4
0016755	1
0016757	26
0016765	1
0016772	1
0016773	2
0016774	1
0016776	2
0016779	7
0016780	5
0016782	3
0016783	3
0016787	30
0016788	5
0016790	1
0016791	4
0016798	1
0016799	2
0016810	6
0016817	2
0016818	1
0016829	3
0016830	1
0016831	2
0016832	2
0016836	1
0016853	2
0016862	1
0016866	1
0016868	1
0016874	5
0016879	2
0016881	2
0016884	1
0016887	62
0016896	1
0016901	1
0016903	2
0016987	9
0016989	1
0016992	1
0017000	1
0017003	1
0017004	8
0017013	1
0017038	2
0017057	1
0017148	1
0017150	2
0017168	1
0018177	1
0018277	1
0018339	1
0018364	3
0018551	2
0018577	1
0018738	1
0019104	2
0019134	1
0019171	1
0019200	1
0019205	1
0019213	1
0019239	1
0019243	1
0019264	1
0019277	1
0019288	3
0019305	4
0019333	1
0019346	1
0019354	1
0019417	1
0019418	2
0019420	5
0019427	1
0019430	1
0019464	2
0019509	1
0019538	1
0019632	1
0019752	1
0019829	3
0019835	1
0019843	3
0019856	1
0019867	5
0019899	2
0020037	35
0022625	5
0022627	3
0022857	47
0022900	13
0022904	3
0030001	3
0030091	4
0030115	8
0030145	2
0030151	3
0030163	1
0030170	12
0030234	5
0030246	1
0030254	1
0030261	3
0030272	1
0030288	4
0030420	1
0030488	1
0030497	1
0030527	1
0030552	8
0030604	1
0030643	2
0030674	1
0030694	3
0030955	2
0030956	2
0030973	1
0030976	6
0030983	2
0031012	1
0031071	1
0031167	2
0031317	5
0031419	2
0031522	2
0031564	1
0031992	1
0032049	2
0032196	2
0032259	20
0032297	1
0032784	3
0032977	1
0033014	4
0033573	2
0033739	1
0033743	1
0033744	1
0033818	1
0033819	1
0033856	1
0033862	1
0033890	1
0034204	1
0034220	4
0034257	1
0034258	1
0034552	1
0034755	2
0035438	5
0035598	1
0036211	7
0036374	1
0036431	1
0042026	2
0042158	1
0042242	1
0042254	5
0042273	1
0042274	1
0042286	1
0042301	1
0042398	1
0042450	2
0042578	2
0042586	2
0042597	5
0042626	39
0042724	1
0042773	4
0042780	1
0042802	15
0042803	2
0042834	6
0042853	1
0042908	5
0042910	1
0042953	8
0043022	4
0043039	1
0043093	3
0043107	5
0043115	1
0043165	2
0043169	2
0043190	10
0043213	1
0043335	1
0043546	5
0043565	5
0043571	8
0043633	1
0043683	4
0043687	1
0043811	1
0043828	1
0043856	1
0043952	3
0043953	1
0044010	1
0044096	1
0044183	1
0044205	1
0044341	1
0044571	1
0044780	9
0044781	4
0044874	5
0044877	1
0045182	1
0045240	1
0045252	1
0045254	2
0045259	4
0045271	1
0045273	2
0045275	1
0045277	1
0045340	2
0045454	5
0045861	2
0045892	2
0045900	1
0045927	1
0045936	2
0046118	1
0046167	1
0046294	1
0046428	1
0046429	1
0046500	1
0046523	1
0046654	2
0046656	1
0046677	2
0046685	2
0046689	2
0046820	1
0046857	1
0046872	132
0046912	1
0046914	2
0046933	5
0046983	3
0047134	1
0047429	4
0047437	1
0047480	1
0047617	1
0047834	1
0047952	1
0048038	5
0048501	1
0050136	3
0050151	1
0050242	1
0050304	1
0050355	1
0050380	1
0050511	1
0050515	1
0050518	1
0050567	2
0050568	1
0050570	1
0050656	1
0050660	15
0050661	9
0050787	1
0050992	1
0051082	7
0051083	1
0051087	3
0051205	1
0051213	1
0051262	1
0051266	1
0051287	15
0051301	8
0051353	1
0051536	23
0051537	7
0051539	32
0051540	1
0051596	1
0051603	1
0051604	3
0051607	2
0051745	1
0051781	1
0051782	1
0051903	1
0051920	8
0051983	1
0051984	1
0051989	1
0052381	1
0052621	11
0052689	1
0052693	1
0052873	1
0052906	1
0052913	1
0055052	12
0055085	73
0055129	3
0061024	4
0061503	1
0061542	1
0061599	1
0061710	1
0061799	1
0070006	3
0070063	2
0070069	1
0070204	1
0070395	2
0070401	1
0070402	1
0070403	5
0070475	1
0070733	1
0070905	1
0071111	6
0071268	1
0071555	5
0071709	1
0071805	2
0071941	1
0071949	6
0071951	1
0071973	13
0071978	1
0072488	1
0072570	1
0090483	1
0090729	3
0097163	2
0097347	1
0097351	1
0097367	2
0098561	1
0098567	2
0098662	1
0098869	1
0103117	1
0106141	1
0110001	6
0110142	2
0120010	1
0140078	2
0140110	2
0140327	1
0140358	4
0140359	45
0140658	1
0140662	2
1901135	1
1901137	1
1902495	2
1902600	3
1903424	1
1903425	1
1904047	38
1905887	2
1990063	1
1990204	3
1990229	1
1990610	1
1990817	1
