0000015	1
0000034	2
0000035	1
0000036	1
0000049	6
0000098	1
0000103	2
0000104	2
0000105	10
0000107	2
0000118	1
0000150	3
0000155	29
0000156	28
0000160	60
0000162	5
0000166	33
0000179	1
0000210	1
0000255	1
0000256	2
0000257	1
0000270	4
0000271	9
0000286	1
0000287	22
0000310	1
0000311	1
0000314	3
0000315	3
0000413	2
0000451	1
0000724	2
0000774	1
0000902	1
0000906	1
0000910	2
0000917	1
0000918	2
0000921	1
0001216	6
0001510	3
0001522	5
0001530	1
0001539	3
0001558	1
0001727	1
0001932	1
0002098	1
0002100	1
0002161	1
0002196	1
0002943	1
0002949	3
0003676	20
0003677	193
0003678	9
0003684	5
0003688	1
0003697	6
0003700	115
0003723	33
0003725	1
0003729	3
0003735	55
0003743	3
0003746	5
0003747	1
0003755	8
0003774	2
0003796	1
0003824	57
0003842	1
0003848	1
0003849	1
0003852	1
0003855	2
0003856	1
0003861	3
0003862	1
0003866	1
0003868	1
0003870	2
0003879	1
0003882	1
0003883	1
0003887	10
0003899	5
0003905	1
0003906	1
0003908	1
0003910	1
0003911	1
0003913	1
0003916	1
0003917	2
0003918	4
0003919	1
0003922	1
0003924	17
0003934	1
0003937	1
0003938	1
0003941	1
0003942	1
0003949	1
0003951	1
0003952	1
0003955	1
0003959	1
0003960	2
0003977	1
0003978	1
0003983	2
0003984	1
0003985	2
0003987	1
0003989	5
0003991	1
0003994	1
0003995	5
0003999	1
0004013	1
0004018	1
0004019	1
0004020	1
0004022	3
0004037	1
0004040	1
0004044	1
0004045	1
0004047	1
0004048	1
0004049	1
0004053	1
0004055	1
0004056	1
0004057	1
0004067	1
0004070	1
0004072	1
0004073	1
0004075	2
0004077	1
0004084	1
0004088	1
0004089	1
0004096	3
0004107	1
0004108	1
0004109	1
0004112	1
0004126	1
0004127	1
0004129	8
0004139	1
0004140	1
0004143	1
0004146	1
0004148	3
0004149	1
0004150	1
0004151	2
0004152	1
0004156	1
0004157	1
0004160	2
0004170	1
0004174	1
0004176	3
0004177	5
0004190	7
0004222	5
0004252	12
0004298	1
0004309	1
0004314	1
0004315	3
0004316	1
0004318	1
0004322	1
0004325	1
0004326	1
0004329	1
0004332	1
0004333	2
0004345	1
0004347	1
0004349	1
0004350	1
0004352	1
0004356	3
0004357	1
0004358	1
0004359	1
0004360	1
0004362	1
0004363	1
0004364	2
0004368	1
0004370	1
0004371	1
0004372	1
0004375	1
0004385	1
0004386	2
0004392	1
0004399	1
0004400	1
0004401	1
0004407	1
0004411	1
0004412	1
0004413	1
0004416	1
0004418	1
0004424	1
0004425	1
0004427	1
0004450	1
0004451	1
0004452	1
0004456	1
0004462	1
0004470	1
0004471	1
0004474	1
0004478	1
0004479	1
0004488	1
0004489	2
0004494	1
0004497	3
0004505	1
0004514	2
0004518	3
0004519	9
0004521	1
0004523	2
0004525	1
0004526	1
0004534	1
0004536	1
0004540	5
0004550	1
0004553	6
0004568	1
0004585	1
0004588	1
0004590	1
0004591	1
0004592	1
0004594	1
0004595	1
0004601	2
0004604	1
0004605	1
0004612	1
0004616	1
0004617	1
0004618	1
0004619	1
0004632	1
0004633	1
0004634	1
0004635	1
0004636	1
0004637	1
0004638	1
0004639	1
0004640	1
0004641	1
0004642	2
0004643	1
0004644	1
0004648	1
0004654	1
0004655	1
0004657	1
0004659	5
0004664	1
0004672	1
0004673	24
0004674	2
0004719	2
0004725	1
0004731	1
0004733	3
0004735	1
0004736	1
0004739	2
0004742	1
0004743	1
0004748	1
0004749	1
0004750	1
0004751	2
0004764	1
0004766	2
0004781	1
0004784	1
0004788	1
0004791	1
0004792	1
0004793	1
0004795	1
0004797	1
0004798	1
0004799	1
0004802	1
0004803	7
0004807	1
0004808	1
0004812	3
0004813	2
0004814	1
0004817	1
0004818	2
0004820	2
0004821	1
0004822	1
0004823	1
0004824	1
0004825	1
0004826	2
0004827	1
0004828	1
0004829	1
0004830	1
0004831	1
0004832	1
0004833	1
0004834	2
0004844	1
0004845	1
0004851	2
0004852	1
0004853	1
0004854	2
0004856	1
0004857	1
0004888	4
0005047	1
0005048	1
0005198	15
0005215	18
0005216	1
0005247	1
0005283	1
0005315	1
0005488	9
0005506	5
0005507	10
0005509	3
0005515	27
0005524	285
0005525	36
0005576	5
0005694	3
0005737	51
0005739	1
0005829	5
0005840	30
0005854	1
0005886	119
0005948	1
0005960	1
0005975	30
0005997	1
0006006	3
0006011	3
0006012	1
0006015	2
0006020	1
0006040	1
0006048	1
0006064	2
0006071	1
0006072	3
0006082	1
0006086	2
0006089	2
0006090	3
0006094	4
0006096	7
0006097	1
0006098	4
0006099	9
0006102	1
0006106	1
0006119	1
0006120	2
0006139	2
0006144	1
0006146	2
0006147	1
0006163	1
0006164	4
0006166	1
0006168	2
0006177	1
0006189	7
0006207	4
0006210	1
0006212	1
0006213	1
0006221	3
0006226	1
0006231	1
0006233	1
0006241	1
0006259	1
0006260	18
0006261	1
0006265	6
0006269	1
0006270	2
0006275	2
0006281	25
0006284	6
0006289	3
0006298	2
0006303	2
0006304	1
0006306	1
0006308	2
0006310	20
0006313	4
0006351	4
0006352	10
0006353	6
0006354	3
0006355	123
0006364	8
0006396	8
0006400	7
0006402	2
0006412	59
0006413	3
0006414	5
0006415	6
0006417	2
0006418	2
0006419	2
0006420	1
0006423	1
0006424	4
0006426	2
0006427	1
0006428	1
0006429	1
0006430	1
0006431	1
0006432	2
0006433	1
0006434	1
0006435	1
0006436	1
0006437	1
0006438	1
0006450	1
0006457	11
0006465	2
0006468	1
0006470	1
0006479	1
0006482	1
0006486	11
0006508	42
0006520	3
0006522	1
0006526	5
0006528	1
0006534	2
0006535	1
0006537	1
0006541	2
0006542	3
0006546	1
0006555	1
0006556	1
0006559	4
0006561	3
0006564	3
0006567	2
0006568	1
0006569	1
0006572	3
0006574	1
0006592	3
0006605	2
0006614	1
0006629	6
0006631	5
0006633	16
0006637	1
0006654	2
0006729	1
0006730	3
0006741	1
0006744	4
0006749	8
0006750	3
0006751	1
0006760	1
0006772	1
0006777	10
0006779	4
0006783	2
0006788	1
0006790	3
0006793	1
0006796	2
0006798	1
0006799	1
0006801	2
0006808	3
0006810	24
0006812	11
0006813	5
0006814	1
0006817	7
0006821	1
0006824	1
0006855	2
0006865	12
0006879	1
0006886	2
0006935	11
0006950	1
0006972	1
0006979	6
0007041	2
0007049	1
0007059	4
0007155	1
0007165	39
0008033	12
0008061	1
0008080	20
0008081	1
0008094	1
0008097	1
0008113	2
0008115	1
0008121	5
0008124	1
0008134	1
0008135	1
0008137	10
0008146	1
0008152	13
0008168	26
0008170	2
0008171	1
0008173	5
0008176	1
0008177	1
0008186	1
0008198	1
0008199	3
0008219	1
0008233	10
0008234	1
0008236	6
0008237	8
0008251	1
0008252	1
0008270	31
0008276	1
0008289	3
0008295	2
0008299	8
0008311	2
0008320	1
0008324	8
0008360	5
0008374	1
0008379	2
0008381	1
0008408	6
0008409	1
0008410	2
0008412	1
0008422	1
0008428	1
0008441	2
0008442	1
0008444	1
0008460	2
0008478	1
0008479	1
0008483	6
0008484	2
0008490	1
0008495	1
0008534	1
0008535	2
0008556	3
0008610	4
0008615	6
0008616	1
0008643	39
0008649	1
0008652	1
0008654	10
0008658	2
0008661	2
0008663	1
0008664	1
0008666	1
0008676	1
0008684	1
0008685	1
0008686	1
0008690	1
0008701	1
0008703	1
0008714	1
0008716	1
0008725	1
0008728	1
0008734	1
0008743	1
0008745	1
0008750	1
0008752	3
0008753	6
0008754	2
0008755	2
0008757	14
0008758	1
0008760	1
0008762	1
0008763	1
0008764	1
0008767	1
0008773	2
0008774	1
0008777	2
0008780	1
0008782	1
0008783	2
0008784	1
0008794	1
0008800	1
0008802	1
0008812	1
0008817	2
0008818	1
0008821	1
0008824	1
0008829	1
0008830	2
0008831	1
0008835	1
0008836	1
0008837	1
0008839	1
0008840	1
0008841	1
0008855	2
0008863	2
0008864	1
0008879	2
0008880	1
0008881	1
0008882	1
0008887	1
0008889	1
0008890	1
0008892	1
0008893	1
0008897	1
0008914	1
0008915	1
0008920	2
0008927	1
0008929	1
0008930	1
0008932	3
0008933	5
0008934	1
0008939	1
0008955	5
0008961	1
0008963	1
0008965	1
0008966	1
0008967	1
0008968	1
0008973	1
0008976	2
0008982	2
0008984	2
0008987	1
0008988	1
0008999	1
0009001	1
0009002	2
0009007	3
0009009	3
0009014	1
0009022	1
0009027	1
0009029	1
0009032	1
0009036	1
0009037	2
0009039	2
0009045	1
0009052	2
0009055	40
0009056	4
0009058	16
0009060	3
0009061	3
0009073	4
0009081	1
0009082	4
0009085	1
0009086	2
0009088	2
0009089	7
0009094	1
0009097	2
0009098	5
0009099	1
0009103	4
0009107	1
0009113	2
0009115	3
0009116	6
0009117	1
0009132	3
0009152	2
0009156	1
0009165	1
0009166	2
0009225	3
0009228	2
0009236	19
0009240	2
0009243	1
0009244	1
0009245	7
0009249	2
0009252	18
0009253	2
0009254	1
0009255	1
0009264	1
0009273	1
0009279	14
0009288	2
0009291	6
0009292	2
0009294	1
0009297	6
0009306	12
0009307	3
0009316	2
0009317	6
0009318	1
0009320	1
0009326	4
0009331	2
0009340	1
0009349	1
0009358	1
0009360	1
0009368	1
0009376	2
0009378	2
0009379	1
0009380	2
0009381	1
0009394	1
0009396	2
0009399	2
0009401	3
0009408	3
0009423	3
0009424	1
0009425	1
0009426	1
0009427	1
0009428	2
0009431	1
0009432	5
0009435	7
0009439	1
0009443	1
0009451	3
0009678	1
0009691	1
0009898	6
0009927	1
0009966	5
0009972	1
0009975	5
0009982	5
0010007	1
0010109	1
0010128	3
0010133	1
0010181	23
0010257	2
0010468	4
0010945	1
0015019	2
0015031	6
0015035	3
0015036	12
0015074	10
0015075	3
0015078	5
0015079	3
0015087	1
0015095	2
0015098	1
0015103	6
0015109	1
0015112	1
0015136	1
0015159	4
0015171	2
0015220	1
0015221	3
0015232	4
0015252	1
0015267	3
0015291	1
0015293	2
0015297	5
0015343	1
0015412	2
0015415	3
0015416	6
0015419	3
0015424	2
0015439	1
0015441	1
0015450	3
0015562	9
0015627	2
0015628	6
0015658	2
0015662	3
0015666	1
0015689	3
0015693	2
0015697	1
0015700	1
0015703	1
0015706	1
0015716	9
0015739	1
0015740	17
0015774	4
0015775	1
0015794	1
0015803	11
0015833	2
0015840	10
0015846	1
0015871	2
0015886	3
0015888	2
0015891	4
0015920	3
0015930	1
0015934	8
0015935	6
0015937	4
0015940	1
0015941	1
0015942	3
0015949	2
0015970	1
0015976	1
0015979	8
0015986	8
0015990	2
0015995	7
0016020	298
0016024	1
0016032	1
0016034	1
0016051	1
0016114	1
0016116	3
0016117	4
0016149	3
0016151	4
0016166	1
0016208	1
0016226	8
0016301	10
0016310	10
0016311	3
0016405	2
0016407	1
0016410	3
0016421	1
0016430	1
0016433	1
0016434	1
0016462	1
0016491	111
0016530	3
0016531	3
0016597	1
0016598	1
0016614	1
0016616	16
0016620	5
0016624	2
0016627	6
0016628	1
0016646	1
0016651	4
0016655	3
0016701	1
0016703	1
0016705	1
0016706	2
0016709	3
0016717	1
0016722	1
0016730	2
0016731	1
0016740	10
0016746	21
0016747	11
0016757	21
0016758	2
0016759	1
0016765	3
0016773	1
0016774	1
0016776	2
0016779	4
0016780	5
0016782	1
0016783	4
0016787	82
0016788	4
0016790	7
0016791	6
0016793	1
0016798	2
0016799	1
0016810	7
0016811	3
0016812	2
0016817	3
0016818	5
0016829	9
0016830	2
0016831	1
0016832	1
0016836	4
0016846	7
0016851	1
0016853	11
0016855	1
0016857	1
0016866	2
0016868	1
0016874	4
0016879	1
0016881	1
0016884	1
0016887	119
0016901	2
0016987	12
0016989	4
0016992	1
0016993	1
0016994	1
0016998	1
0017000	1
0017004	14
0017038	2
0017057	1
0017113	1
0017136	1
0017148	1
0017150	2
0017168	1
0018104	16
0018106	1
0018149	1
0018189	5
0018197	1
0018277	1
0018364	1
0018506	1
0018578	2
0018659	1
0018738	2
0018835	2
0019058	2
0019068	8
0019082	2
0019104	3
0019120	1
0019134	1
0019171	1
0019200	5
0019205	1
0019213	1
0019239	1
0019242	1
0019243	1
0019264	1
0019277	1
0019284	1
0019285	2
0019287	1
0019288	2
0019305	7
0019346	1
0019354	2
0019379	1
0019427	1
0019430	1
0019441	1
0019464	2
0019491	2
0019509	1
0019538	1
0019547	1
0019619	2
0019627	2
0019632	1
0019634	4
0019646	1
0019674	1
0019684	9
0019685	2
0019700	1
0019752	2
0019808	1
0019829	5
0019835	1
0019843	3
0019856	1
0019867	3
0019899	1
0020037	27
0022625	5
0022627	3
0022857	118
0022900	2
0022904	5
0030001	4
0030077	4
0030091	5
0030096	1
0030145	3
0030151	3
0030163	1
0030170	23
0030234	2
0030244	1
0030245	1
0030246	2
0030253	2
0030256	1
0030257	1
0030261	1
0030272	1
0030288	9
0030366	1
0030416	1
0030420	2
0030429	1
0030435	5
0030488	1
0030494	6
0030551	1
0030552	9
0030554	6
0030604	1
0030612	1
0030643	1
0030655	1
0030674	2
0030694	1
0030729	1
0030788	1
0030789	1
0030955	1
0030956	2
0030973	1
0030974	1
0030975	1
0030976	7
0030983	2
0031004	3
0031071	2
0031167	2
0031317	45
0031419	4
0031460	1
0031522	1
0031564	3
0032259	15
0032300	1
0032508	1
0032543	1
0032775	3
0032784	6
0032955	1
0032977	1
0032981	1
0032993	4
0033014	5
0033194	1
0033214	1
0033219	2
0033221	10
0033232	2
0033265	1
0033286	4
0033288	4
0033294	1
0033295	1
0033308	4
0033617	1
0033743	2
0033744	2
0033816	1
0033818	1
0033819	1
0033856	1
0033862	1
0033863	1
0033890	2
0033897	1
0033971	1
0034040	1
0034204	1
0034220	5
0034702	1
0035438	3
0035550	1
0035598	1
0035870	1
0036211	6
0036222	1
0036354	1
0036374	1
0036424	1
0038023	1
0042026	3
0042132	1
0042158	2
0042242	1
0042254	4
0042450	2
0042578	6
0042586	1
0042597	14
0042625	1
0042626	158
0042732	2
0042773	6
0042776	1
0042780	1
0042802	13
0042803	3
0042823	1
0042834	14
0042853	1
0042875	2
0042884	1
0042908	4
0042910	2
0042919	1
0042925	1
0042952	1
0042953	1
0043022	5
0043093	3
0043094	1
0043107	1
0043115	1
0043165	1
0043168	1
0043190	21
0043213	1
0043225	1
0043335	1
0043419	2
0043424	1
0043461	1
0043462	1
0043546	5
0043565	17
0043639	1
0043683	1
0043714	1
0043752	1
0043811	1
0043856	1
0043952	3
0043953	1
0044205	1
0044209	1
0044423	8
0044780	5
0044781	3
0045027	1
0045156	4
0045182	1
0045239	1
0045240	1
0045252	1
0045254	2
0045259	6
0045271	1
0045273	2
0045275	2
0045277	1
0045312	1
0045454	2
0045550	1
0045861	1
0045892	5
0045893	3
0045900	1
0045936	1
0046025	1
0046026	1
0046081	1
0046118	1
0046124	1
0046140	1
0046167	1
0046177	1
0046278	2
0046294	2
0046316	1
0046395	1
0046406	1
0046417	1
0046429	1
0046500	1
0046653	1
0046654	2
0046677	1
0046685	4
0046688	3
0046872	181
0046873	2
0046912	1
0046914	1
0046933	5
0046983	3
0047134	1
0047307	1
0047429	1
0047443	1
0047472	1
0047480	1
0047570	1
0047575	1
0047617	4
0047661	1
0047834	1
0047922	1
0047952	1
0048027	1
0048038	6
0048040	1
0048472	1
0048473	2
0048501	1
0048502	2
0048529	1
0050136	7
0050242	1
0050311	1
0050380	1
0050511	1
0050515	1
0050518	1
0050520	1
0050526	1
0050567	2
0050568	1
0050570	1
0050656	1
0050660	34
0050661	11
0050992	1
0051073	1
0051082	4
0051083	1
0051087	1
0051116	3
0051139	5
0051205	1
0051213	5
0051252	1
0051262	1
0051266	1
0051287	27
0051301	12
0051470	4
0051536	16
0051537	13
0051539	23
0051596	1
0051603	1
0051745	1
0051903	2
0051920	4
0051983	2
0051989	1
0052381	1
0052547	1
0052621	15
0052689	2
0052693	1
0052873	3
0052906	1
0052913	1
0052929	1
0055052	50
0055070	2
0055085	129
0061024	1
0061077	1
0061542	1
0061599	2
0061710	1
0061799	1
0065003	1
0070006	6
0070063	2
0070064	3
0070069	2
0070401	4
0070402	3
0070403	31
0070475	2
0070567	1
0070733	1
0070905	1
0070968	2
0071111	11
0071555	16
0071704	1
0071705	2
0071709	1
0071949	14
0071951	1
0071972	16
0071973	8
0071978	1
0072570	1
0072593	1
0090729	5
0097163	1
0097347	1
0097351	2
0097367	4
0098005	2
0098561	3
0098567	1
0098662	5
0098797	1
0103116	2
0103117	1
0110001	9
0120225	1
0140078	1
0140110	1
0140327	2
0140358	4
0140359	157
0140657	1
0140662	3
0140663	1
0141098	1
1901135	1
1901137	3
1901891	1
1902209	1
1902358	2
1902495	3
1902600	6
1904047	30
1904680	1
1905887	3
1990063	1
1990204	3
1990397	1
1990586	2
1990610	1
