0000015	1
0000034	1
0000049	3
0000098	2
0000103	1
0000104	1
0000105	9
0000107	2
0000150	4
0000155	16
0000156	8
0000160	24
0000162	7
0000166	36
0000175	1
0000179	1
0000210	1
0000256	1
0000270	3
0000271	4
0000286	1
0000287	22
0000311	1
0000314	2
0000315	3
0000373	1
0000413	2
0000451	1
0000502	1
0000774	1
0000902	1
0000906	1
0000910	2
0000976	1
0001216	5
0001510	2
0001522	5
0001539	3
0001540	1
0001727	3
0002100	1
0002161	4
0002949	3
0003676	35
0003677	293
0003678	7
0003684	6
0003688	1
0003697	8
0003700	185
0003723	38
0003724	1
0003725	2
0003729	1
0003735	53
0003743	3
0003746	4
0003747	2
0003755	5
0003774	4
0003796	1
0003824	79
0003825	1
0003844	1
0003848	1
0003849	1
0003852	1
0003855	1
0003856	1
0003857	2
0003858	1
0003861	2
0003862	2
0003864	1
0003866	2
0003871	1
0003879	1
0003883	1
0003886	1
0003887	9
0003899	6
0003905	1
0003906	4
0003908	3
0003910	1
0003911	1
0003913	1
0003916	1
0003917	1
0003918	4
0003919	1
0003922	1
0003924	10
0003934	2
0003935	1
0003937	1
0003938	3
0003941	2
0003942	1
0003949	1
0003951	1
0003952	1
0003954	2
0003960	2
0003964	2
0003977	1
0003978	1
0003983	1
0003984	1
0003985	3
0003987	2
0003989	1
0003991	1
0003994	2
0003995	4
0003997	1
0004000	1
0004013	1
0004015	1
0004018	1
0004019	1
0004030	1
0004037	1
0004038	1
0004044	1
0004045	2
0004047	1
0004048	1
0004049	2
0004055	1
0004056	1
0004065	1
0004066	1
0004068	2
0004070	1
0004072	1
0004073	1
0004075	3
0004076	1
0004084	1
0004088	1
0004096	2
0004107	1
0004108	3
0004122	2
0004124	1
0004126	1
0004127	1
0004129	3
0004133	2
0004139	1
0004140	1
0004141	1
0004146	6
0004148	2
0004150	1
0004152	1
0004156	2
0004160	2
0004170	1
0004175	1
0004176	1
0004177	4
0004180	2
0004190	3
0004222	8
0004252	9
0004298	2
0004308	2
0004314	1
0004315	4
0004325	1
0004326	1
0004332	3
0004333	1
0004335	1
0004340	2
0004342	1
0004345	3
0004349	1
0004350	1
0004351	1
0004352	1
0004356	2
0004357	2
0004358	1
0004359	3
0004360	1
0004364	1
0004368	2
0004370	2
0004371	2
0004372	3
0004373	1
0004375	4
0004385	1
0004386	11
0004397	1
0004399	1
0004400	1
0004401	1
0004412	1
0004413	1
0004418	1
0004424	1
0004425	1
0004450	1
0004451	1
0004452	1
0004467	1
0004471	1
0004473	1
0004474	3
0004476	2
0004478	1
0004479	1
0004488	2
0004489	1
0004497	7
0004512	1
0004514	2
0004516	1
0004518	6
0004519	12
0004521	7
0004523	2
0004525	1
0004526	1
0004527	1
0004529	1
0004534	2
0004536	1
0004540	4
0004550	1
0004553	17
0004556	1
0004560	2
0004565	1
0004574	1
0004585	1
0004588	1
0004590	1
0004591	1
0004592	2
0004594	1
0004595	1
0004601	5
0004602	1
0004604	1
0004605	1
0004611	1
0004614	1
0004616	1
0004617	1
0004618	1
0004619	1
0004632	1
0004633	1
0004634	1
0004635	1
0004636	1
0004637	1
0004638	2
0004639	1
0004640	2
0004641	1
0004642	2
0004643	1
0004644	1
0004645	1
0004648	1
0004654	1
0004655	1
0004659	4
0004664	1
0004665	1
0004672	4
0004673	14
0004674	3
0004721	2
0004722	3
0004725	3
0004729	1
0004731	1
0004735	1
0004736	1
0004738	2
0004739	2
0004743	1
0004748	2
0004749	1
0004750	2
0004764	1
0004765	1
0004766	2
0004781	1
0004784	1
0004789	1
0004791	1
0004793	1
0004794	1
0004795	1
0004797	1
0004798	1
0004799	1
0004801	2
0004802	2
0004803	45
0004805	1
0004807	2
0004812	2
0004813	1
0004814	1
0004817	1
0004818	1
0004820	1
0004821	1
0004822	1
0004823	1
0004824	1
0004825	1
0004826	2
0004827	1
0004828	1
0004829	1
0004830	1
0004831	1
0004832	1
0004833	1
0004834	2
0004844	1
0004845	1
0004846	1
0004851	2
0004852	2
0004853	1
0004930	1
0005047	1
0005048	1
0005198	5
0005215	11
0005247	1
0005315	2
0005344	1
0005351	1
0005488	4
0005506	7
0005507	5
0005515	19
0005524	280
0005525	19
0005576	2
0005694	1
0005737	39
0005739	1
0005777	1
0005829	6
0005839	1
0005840	31
0005854	1
0005886	45
0005948	2
0005960	2
0005971	1
0005975	47
0005978	2
0005980	2
0005992	4
0006006	6
0006011	1
0006012	4
0006021	1
0006032	1
0006044	1
0006048	1
0006051	1
0006064	1
0006071	6
0006072	4
0006082	1
0006086	4
0006089	1
0006090	2
0006094	6
0006096	10
0006097	3
0006098	9
0006099	12
0006106	1
0006108	2
0006109	1
0006116	2
0006139	2
0006144	4
0006146	1
0006163	1
0006164	5
0006166	1
0006177	1
0006188	1
0006189	10
0006203	1
0006206	1
0006207	3
0006221	3
0006226	1
0006229	1
0006231	1
0006233	1
0006241	1
0006259	1
0006260	16
0006261	4
0006265	5
0006269	1
0006275	1
0006281	28
0006282	1
0006284	7
0006289	3
0006302	1
0006303	1
0006304	2
0006308	2
0006310	40
0006313	5
0006351	4
0006352	11
0006353	3
0006355	164
0006364	8
0006396	10
0006400	6
0006402	3
0006412	58
0006413	3
0006414	4
0006415	4
0006417	1
0006418	2
0006419	1
0006420	1
0006423	1
0006424	3
0006426	1
0006427	1
0006428	1
0006429	1
0006430	1
0006431	1
0006432	2
0006433	1
0006434	1
0006435	1
0006436	1
0006437	1
0006438	1
0006450	1
0006457	5
0006465	3
0006468	5
0006470	5
0006486	10
0006508	33
0006520	5
0006522	2
0006523	2
0006525	2
0006526	4
0006529	1
0006534	2
0006535	2
0006537	1
0006540	1
0006541	2
0006542	2
0006546	2
0006548	2
0006555	1
0006556	1
0006561	3
0006564	3
0006567	3
0006568	1
0006569	1
0006571	1
0006574	2
0006592	2
0006601	1
0006605	2
0006614	1
0006629	3
0006631	4
0006633	9
0006635	4
0006729	1
0006730	4
0006741	1
0006760	1
0006777	8
0006779	3
0006780	1
0006782	1
0006783	2
0006790	1
0006797	1
0006799	1
0006801	1
0006808	1
0006810	10
0006812	6
0006814	3
0006817	5
0006821	1
0006824	1
0006835	1
0006848	1
0006855	3
0006865	32
0006873	1
0006885	3
0006886	4
0006935	2
0006950	1
0006974	1
0006979	6
0007059	6
0007155	2
0007165	17
0008033	6
0008080	21
0008081	2
0008094	1
0008108	1
0008113	1
0008115	2
0008121	1
0008124	1
0008134	1
0008135	1
0008137	1
0008152	7
0008153	1
0008168	19
0008171	2
0008173	5
0008176	1
0008177	1
0008186	1
0008199	1
0008219	1
0008233	8
0008234	4
0008236	7
0008237	6
0008251	1
0008270	43
0008276	1
0008289	1
0008295	1
0008299	7
0008324	6
0008360	5
0008379	1
0008381	3
0008408	5
0008410	5
0008428	1
0008442	2
0008443	2
0008444	1
0008448	1
0008460	1
0008479	1
0008483	7
0008484	4
0008490	1
0008495	1
0008519	1
0008531	1
0008534	3
0008615	1
0008641	1
0008643	35
0008649	1
0008652	3
0008654	12
0008658	3
0008660	1
0008661	1
0008666	1
0008679	1
0008685	1
0008686	1
0008687	1
0008703	1
0008716	1
0008725	1
0008728	3
0008740	1
0008743	1
0008750	1
0008752	1
0008753	1
0008754	1
0008755	1
0008757	11
0008760	1
0008761	2
0008762	1
0008763	1
0008764	1
0008765	1
0008767	1
0008783	1
0008784	2
0008795	1
0008797	2
0008808	1
0008821	1
0008829	1
0008832	1
0008835	1
0008836	1
0008837	1
0008839	1
0008840	1
0008841	1
0008855	2
0008863	1
0008864	3
0008867	1
0008869	1
0008878	1
0008879	1
0008880	1
0008881	1
0008882	1
0008883	1
0008887	3
0008890	1
0008893	1
0008897	1
0008902	1
0008909	1
0008924	1
0008926	1
0008927	1
0008932	1
0008935	2
0008940	3
0008942	2
0008955	6
0008961	1
0008963	1
0008964	1
0008965	1
0008966	1
0008972	1
0008976	1
0008977	1
0008982	2
0008986	1
0008993	1
0008999	1
0009001	1
0009002	3
0009009	14
0009014	1
0009022	1
0009027	2
0009028	1
0009030	1
0009035	1
0009037	3
0009039	2
0009055	18
0009056	1
0009058	12
0009060	1
0009063	1
0009073	7
0009081	1
0009082	4
0009086	4
0009088	3
0009089	6
0009094	1
0009097	3
0009098	5
0009099	2
0009102	3
0009103	1
0009107	4
0009113	2
0009116	4
0009117	1
0009132	6
0009146	1
0009152	2
0009168	1
0009190	1
0009220	1
0009225	1
0009228	5
0009231	2
0009234	4
0009240	1
0009246	1
0009249	4
0009250	1
0009252	21
0009253	1
0009254	1
0009263	2
0009264	1
0009273	1
0009288	3
0009294	1
0009297	4
0009306	10
0009307	1
0009310	1
0009311	1
0009313	1
0009316	2
0009317	1
0009318	1
0009320	1
0009325	3
0009330	1
0009331	3
0009341	1
0009349	1
0009358	1
0009360	3
0009374	2
0009378	2
0009379	1
0009380	2
0009381	1
0009396	4
0009401	4
0009408	4
0009423	3
0009424	2
0009431	2
0009432	4
0009435	5
0009436	1
0009448	1
0009451	5
0009691	2
0009820	1
0009898	1
0009972	1
0009975	1
0009982	5
0010124	7
0010125	2
0010126	1
0010127	2
0010136	1
0010181	18
0010498	5
0015031	2
0015035	2
0015036	4
0015074	31
0015075	1
0015078	3
0015079	1
0015087	1
0015095	3
0015103	2
0015112	1
0015136	1
0015153	1
0015171	15
0015204	1
0015205	4
0015267	3
0015288	1
0015293	7
0015297	4
0015385	3
0015412	1
0015415	4
0015419	1
0015424	10
0015450	4
0015562	4
0015628	3
0015645	1
0015648	2
0015658	1
0015662	1
0015663	1
0015689	2
0015693	3
0015700	1
0015739	1
0015762	1
0015764	1
0015803	3
0015833	6
0015851	4
0015890	1
0015891	2
0015930	1
0015934	8
0015935	6
0015937	4
0015940	3
0015941	1
0015942	1
0015949	2
0015969	2
0015970	1
0015977	1
0015986	8
0015990	1
0015995	1
0016020	243
0016024	1
0016052	2
0016075	1
0016114	1
0016116	2
0016117	3
0016149	1
0016151	4
0016153	1
0016166	1
0016208	2
0016209	3
0016226	8
0016298	1
0016301	10
0016310	15
0016311	2
0016407	5
0016413	1
0016421	3
0016433	1
0016434	1
0016462	1
0016491	138
0016530	1
0016597	1
0016614	2
0016615	1
0016616	8
0016620	4
0016624	1
0016627	15
0016628	2
0016639	1
0016646	1
0016647	1
0016651	1
0016682	1
0016705	1
0016709	1
0016717	2
0016722	1
0016740	12
0016746	34
0016747	14
0016757	27
0016758	3
0016765	7
0016772	2
0016774	1
0016776	2
0016779	2
0016780	5
0016782	1
0016783	4
0016787	75
0016788	10
0016790	8
0016791	8
0016793	1
0016798	1
0016799	2
0016810	9
0016811	1
0016812	1
0016817	6
0016818	3
0016829	11
0016830	1
0016832	1
0016835	1
0016836	1
0016846	2
0016849	1
0016853	15
0016868	2
0016872	2
0016874	4
0016879	2
0016884	2
0016887	104
0016901	1
0016987	11
0016989	2
0016992	2
0016998	1
0017000	5
0017004	5
0017013	1
0017038	2
0017057	1
0017076	1
0017148	5
0017150	1
0017168	1
0018117	2
0018364	2
0018467	1
0018480	1
0018578	2
0018580	1
0018817	1
0019104	5
0019120	1
0019134	1
0019172	1
0019200	5
0019205	1
0019213	1
0019239	2
0019262	1
0019264	3
0019277	1
0019288	4
0019299	1
0019301	1
0019305	2
0019343	2
0019346	6
0019354	2
0019379	1
0019427	2
0019430	1
0019441	1
0019464	5
0019556	2
0019580	1
0019594	1
0019608	1
0019627	2
0019628	2
0019629	3
0019645	1
0019646	1
0019647	1
0019674	1
0019752	1
0019773	1
0019825	1
0019829	1
0019835	1
0019843	3
0019941	4
0020037	14
0022625	5
0022627	2
0022857	120
0022872	1
0022877	1
0022904	1
0030001	5
0030091	2
0030145	1
0030151	5
0030170	38
0030234	1
0030246	3
0030255	2
0030261	1
0030272	1
0030288	2
0030366	1
0030388	1
0030420	2
0030429	1
0030435	1
0030488	1
0030494	1
0030527	1
0030552	1
0030554	3
0030604	1
0030612	1
0030639	1
0030643	1
0030694	1
0030798	1
0030955	1
0030956	2
0030973	1
0030976	7
0030979	1
0031012	1
0031071	2
0031167	2
0031386	1
0031522	2
0032049	1
0032196	6
0032259	14
0032508	2
0032555	1
0032784	2
0032977	1
0032993	2
0033014	5
0033194	1
0033228	1
0033230	1
0033296	1
0033617	2
0033743	1
0033744	1
0033818	1
0033819	1
0033862	1
0033926	1
0033942	1
0033971	1
0034220	4
0034599	1
0035435	3
0035446	1
0035447	1
0035550	1
0035556	1
0035870	1
0036211	5
0036222	1
0036297	1
0036424	1
0042026	3
0042126	2
0042128	1
0042132	1
0042173	1
0042254	2
0042274	1
0042286	1
0042301	1
0042398	2
0042450	2
0042559	1
0042578	1
0042586	3
0042597	5
0042626	131
0042773	1
0042802	8
0042803	4
0042823	2
0042834	1
0042853	1
0042908	1
0042910	1
0042918	1
0043022	2
0043039	1
0043163	1
0043169	1
0043190	20
0043295	1
0043419	2
0043546	3
0043565	14
0043743	1
0043758	1
0043800	1
0043801	1
0043937	1
0043952	4
0043953	1
0044780	5
0044781	1
0045027	1
0045127	2
0045182	1
0045240	4
0045254	4
0045259	7
0045273	1
0045454	4
0045550	1
0045892	4
0045893	1
0045900	1
0045927	2
0045936	1
0046081	1
0046118	1
0046167	1
0046177	3
0046278	2
0046292	1
0046316	3
0046348	1
0046349	1
0046392	1
0046395	2
0046417	1
0046421	3
0046428	1
0046429	1
0046449	1
0046653	2
0046654	8
0046677	2
0046685	2
0046688	2
0046820	1
0046835	1
0046872	155
0046873	2
0046912	1
0046933	6
0046983	2
0047324	3
0047330	1
0047429	1
0047448	1
0047465	1
0047470	1
0047475	1
0047480	1
0047575	1
0047617	1
0047789	1
0047804	1
0047834	1
0047952	1
0048029	1
0048030	1
0048034	1
0048038	1
0048501	1
0050131	1
0050136	1
0050311	1
0050380	1
0050415	1
0050440	3
0050456	1
0050480	1
0050511	1
0050515	1
0050518	1
0050567	2
0050607	1
0050660	36
0050661	19
0050897	1
0051082	3
0051083	1
0051087	1
0051119	1
0051131	1
0051139	1
0051156	1
0051213	1
0051252	1
0051287	23
0051301	11
0051536	12
0051537	7
0051539	16
0051540	1
0051603	1
0051745	1
0051775	1
0051920	6
0051989	1
0052381	1
0052689	4
0052851	1
0052873	1
0052906	1
0052913	1
0055051	1
0055052	34
0055085	198
0061077	1
0061599	2
0061603	1
0061710	2
0061799	1
0070006	6
0070007	3
0070063	1
0070069	1
0070204	1
0070401	2
0070402	2
0070403	24
0070475	1
0070490	2
0070573	1
0070628	1
0070726	4
0070733	2
0070905	3
0070967	3
0070968	1
0071513	1
0071522	1
0071555	11
0071586	2
0071704	1
0071705	3
0071805	1
0071918	1
0071949	17
0071951	1
0071973	6
0071978	1
0072488	1
0089714	1
0090563	1
0097190	1
0097266	1
0097351	2
0097367	6
0098662	1
0110001	10
0120225	4
0140078	3
0140098	1
0140110	1
0140359	144
0140658	1
0140662	2
0141098	1
1901023	1
1901135	3
1901137	3
1901893	1
1902495	2
1902600	5
1903424	1
1903425	1
1903663	1
1904047	26
1904680	1
1905887	3
1990107	1
1990204	3
1990397	1
1990586	1
1990594	1
1990610	1
