0000009	1
0000015	2
0000030	1
0000035	7
0000036	7
0000049	3
0000052	1
0000098	2
0000103	2
0000104	1
0000105	11
0000107	2
0000150	5
0000155	37
0000156	24
0000160	61
0000162	5
0000166	53
0000175	1
0000179	1
0000210	1
0000256	2
0000270	5
0000271	4
0000272	3
0000286	1
0000287	28
0000311	1
0000314	2
0000315	3
0000373	10
0000413	3
0000451	1
0000502	1
0000700	1
0000774	1
0000902	2
0000906	1
0000910	2
0000917	2
0000976	1
0001217	1
0001510	1
0001522	5
0001727	1
0002100	1
0002161	2
0002949	3
0003676	50
0003677	467
0003678	14
0003684	7
0003688	1
0003697	4
0003700	240
0003723	34
0003724	1
0003725	2
0003727	1
0003729	1
0003735	53
0003743	4
0003746	5
0003747	2
0003755	6
0003824	82
0003825	2
0003842	1
0003844	2
0003848	1
0003849	3
0003852	1
0003855	1
0003856	1
0003857	2
0003858	1
0003861	2
0003862	1
0003864	1
0003866	1
0003868	3
0003870	1
0003872	1
0003879	1
0003882	2
0003883	1
0003885	1
0003887	12
0003899	6
0003905	3
0003906	5
0003908	3
0003910	3
0003911	1
0003913	1
0003916	1
0003917	1
0003918	4
0003919	1
0003922	1
0003924	26
0003934	2
0003935	3
0003937	1
0003938	3
0003941	1
0003942	1
0003949	1
0003950	1
0003951	1
0003952	1
0003954	4
0003959	1
0003960	2
0003964	10
0003977	1
0003978	3
0003983	3
0003984	1
0003985	1
0003987	1
0003989	4
0003991	1
0003994	1
0003995	16
0003997	1
0003998	2
0003999	1
0004000	2
0004013	1
0004015	1
0004018	1
0004019	1
0004020	1
0004022	1
0004029	1
0004030	3
0004037	1
0004038	1
0004040	1
0004044	1
0004045	3
0004047	1
0004048	1
0004049	1
0004055	1
0004056	1
0004066	5
0004068	1
0004070	1
0004072	1
0004073	2
0004075	2
0004076	1
0004077	1
0004084	1
0004088	1
0004089	2
0004096	2
0004106	1
0004107	1
0004112	2
0004113	2
0004122	1
0004126	1
0004127	1
0004129	5
0004133	3
0004134	1
0004139	1
0004140	1
0004141	1
0004144	1
0004146	1
0004148	1
0004150	1
0004151	1
0004152	1
0004156	2
0004157	1
0004160	1
0004169	1
0004170	1
0004175	2
0004176	4
0004177	11
0004180	3
0004181	1
0004190	2
0004197	1
0004222	18
0004252	26
0004298	2
0004308	1
0004311	1
0004314	2
0004315	5
0004316	1
0004318	1
0004322	1
0004325	1
0004326	1
0004332	3
0004333	2
0004334	1
0004335	1
0004340	3
0004342	1
0004345	2
0004347	3
0004349	1
0004350	1
0004351	2
0004352	1
0004356	4
0004357	2
0004358	1
0004359	3
0004360	2
0004368	2
0004370	1
0004371	1
0004372	3
0004375	1
0004376	1
0004385	1
0004386	9
0004397	1
0004399	1
0004400	3
0004401	1
0004411	1
0004412	1
0004413	1
0004418	2
0004424	1
0004425	1
0004450	1
0004452	1
0004467	2
0004471	1
0004473	1
0004474	1
0004476	2
0004478	1
0004479	1
0004488	1
0004489	1
0004491	1
0004494	1
0004497	27
0004503	1
0004512	1
0004514	2
0004516	1
0004518	5
0004519	12
0004521	5
0004523	3
0004525	1
0004526	1
0004527	1
0004529	1
0004534	2
0004536	1
0004540	5
0004550	1
0004553	22
0004556	3
0004557	1
0004563	2
0004565	1
0004568	3
0004574	3
0004581	1
0004585	3
0004587	2
0004588	1
0004590	1
0004591	1
0004592	1
0004594	1
0004595	1
0004601	9
0004602	1
0004604	1
0004605	1
0004611	1
0004614	1
0004616	1
0004617	1
0004618	1
0004619	1
0004632	1
0004633	1
0004634	2
0004635	1
0004636	1
0004637	1
0004638	2
0004639	1
0004640	1
0004641	1
0004642	2
0004643	1
0004644	1
0004648	1
0004654	1
0004655	1
0004658	1
0004659	5
0004664	1
0004668	1
0004672	15
0004673	32
0004674	11
0004721	2
0004722	19
0004725	4
0004729	1
0004731	1
0004733	2
0004735	1
0004736	1
0004738	2
0004739	3
0004743	2
0004747	1
0004748	3
0004749	1
0004750	1
0004764	1
0004765	1
0004766	2
0004781	2
0004784	2
0004789	1
0004791	1
0004793	2
0004794	1
0004795	2
0004797	1
0004798	1
0004801	1
0004802	1
0004803	104
0004805	1
0004807	1
0004812	4
0004813	2
0004814	1
0004817	1
0004818	1
0004820	1
0004821	1
0004822	1
0004823	1
0004824	2
0004825	1
0004826	2
0004827	1
0004828	1
0004829	2
0004830	2
0004831	1
0004832	1
0004833	2
0004834	2
0004844	3
0004845	1
0004846	1
0004851	1
0004852	2
0004853	1
0004856	2
0004867	2
0004869	1
0005047	1
0005048	1
0005198	1
0005215	15
0005216	3
0005247	2
0005267	3
0005283	1
0005298	1
0005381	2
0005488	4
0005506	30
0005507	3
0005509	2
0005515	41
0005524	421
0005525	39
0005543	1
0005576	14
0005694	1
0005737	45
0005739	1
0005743	1
0005777	1
0005802	1
0005829	8
0005839	1
0005840	31
0005854	1
0005882	1
0005886	74
0005948	1
0005960	1
0005971	2
0005975	57
0005978	2
0005980	4
0005983	1
0005991	2
0005992	5
0005997	1
0005998	1
0006002	1
0006006	5
0006011	2
0006012	4
0006014	1
0006020	1
0006021	1
0006032	4
0006044	2
0006048	1
0006066	1
0006068	1
0006071	3
0006072	4
0006085	1
0006086	5
0006089	1
0006090	3
0006094	6
0006096	13
0006097	1
0006098	10
0006099	9
0006106	1
0006108	1
0006116	4
0006139	2
0006144	6
0006163	1
0006164	4
0006166	1
0006177	1
0006189	8
0006203	1
0006206	1
0006207	3
0006221	4
0006226	1
0006229	1
0006231	1
0006233	1
0006241	1
0006259	1
0006260	19
0006261	5
0006265	5
0006269	1
0006275	1
0006276	2
0006281	31
0006282	1
0006284	12
0006285	1
0006289	3
0006302	2
0006303	1
0006304	2
0006308	2
0006310	48
0006313	18
0006351	4
0006352	30
0006353	4
0006355	278
0006364	8
0006396	11
0006400	5
0006402	2
0006412	60
0006413	4
0006414	5
0006415	3
0006417	2
0006418	2
0006419	2
0006420	1
0006423	1
0006424	3
0006426	1
0006427	1
0006428	1
0006429	1
0006430	2
0006431	1
0006432	2
0006433	1
0006434	1
0006435	2
0006436	2
0006437	1
0006438	1
0006450	1
0006457	8
0006465	4
0006468	17
0006470	18
0006486	13
0006493	1
0006506	1
0006508	79
0006520	2
0006522	1
0006523	1
0006525	3
0006526	4
0006527	2
0006529	5
0006534	2
0006537	1
0006540	2
0006541	3
0006542	4
0006548	2
0006556	1
0006559	5
0006561	3
0006564	3
0006567	4
0006568	1
0006569	3
0006571	1
0006572	5
0006592	2
0006593	1
0006605	1
0006614	1
0006629	6
0006631	5
0006633	22
0006635	3
0006636	1
0006637	3
0006644	1
0006720	1
0006729	1
0006730	2
0006740	1
0006741	1
0006750	2
0006751	1
0006760	1
0006777	6
0006779	3
0006780	1
0006783	2
0006790	1
0006793	1
0006799	1
0006801	1
0006808	2
0006810	7
0006812	5
0006813	2
0006814	6
0006817	5
0006821	2
0006824	3
0006826	4
0006848	1
0006855	4
0006865	19
0006879	1
0006885	4
0006886	3
0006950	5
0006972	1
0006979	6
0007007	1
0007059	3
0007155	8
0007165	42
0008033	7
0008061	2
0008080	46
0008081	5
0008094	1
0008108	1
0008113	1
0008121	1
0008124	1
0008135	1
0008137	14
0008152	21
0008153	1
0008168	51
0008169	1
0008170	2
0008171	8
0008172	1
0008173	5
0008176	1
0008177	1
0008186	2
0008198	2
0008199	2
0008218	1
0008233	20
0008234	5
0008236	26
0008237	24
0008251	1
0008253	1
0008270	71
0008289	1
0008295	1
0008299	10
0008324	4
0008360	14
0008375	1
0008379	2
0008381	4
0008408	5
0008409	1
0008410	2
0008422	2
0008443	1
0008444	1
0008448	1
0008452	1
0008483	9
0008484	1
0008495	1
0008519	2
0008534	3
0008610	1
0008615	4
0008641	2
0008643	23
0008649	1
0008652	4
0008654	18
0008658	7
0008661	3
0008664	2
0008666	1
0008667	1
0008675	1
0008679	1
0008685	1
0008686	1
0008700	1
0008701	1
0008703	1
0008705	1
0008706	2
0008710	1
0008716	1
0008720	1
0008725	1
0008728	1
0008734	1
0008743	1
0008745	7
0008752	2
0008753	2
0008754	2
0008755	2
0008757	30
0008760	1
0008761	1
0008762	1
0008763	1
0008764	1
0008773	1
0008776	1
0008783	1
0008784	1
0008800	2
0008817	2
0008818	1
0008820	1
0008821	1
0008829	1
0008830	1
0008832	1
0008836	1
0008837	1
0008839	1
0008840	2
0008841	1
0008854	1
0008855	2
0008861	1
0008863	1
0008864	1
0008881	1
0008882	1
0008883	1
0008887	1
0008890	1
0008893	1
0008897	3
0008901	1
0008902	1
0008932	2
0008934	1
0008939	2
0008942	2
0008955	10
0008961	1
0008963	1
0008964	1
0008965	1
0008966	1
0008972	1
0008976	2
0008977	1
0008982	5
0008987	1
0008999	1
0009002	5
0009009	19
0009014	1
0009022	1
0009028	1
0009030	1
0009036	1
0009037	1
0009039	4
0009045	1
0009055	26
0009056	2
0009058	29
0009060	1
0009073	8
0009081	1
0009082	3
0009086	3
0009088	3
0009089	6
0009094	1
0009097	2
0009098	4
0009099	1
0009102	4
0009103	4
0009107	1
0009113	2
0009116	6
0009117	1
0009132	13
0009146	1
0009152	2
0009166	1
0009168	3
0009190	1
0009220	1
0009225	1
0009228	7
0009231	1
0009234	4
0009236	16
0009240	2
0009245	6
0009247	1
0009249	2
0009252	32
0009253	1
0009254	1
0009255	1
0009263	1
0009264	1
0009265	1
0009268	2
0009279	1
0009294	1
0009297	1
0009306	16
0009307	3
0009311	3
0009316	2
0009317	3
0009318	1
0009320	1
0009330	1
0009331	3
0009338	1
0009349	1
0009358	1
0009360	4
0009374	1
0009378	2
0009379	1
0009380	2
0009381	1
0009396	5
0009401	6
0009408	3
0009423	3
0009432	4
0009435	8
0009436	1
0009446	1
0009448	1
0009451	5
0009691	2
0009898	2
0009972	1
0009975	1
0009982	5
0009986	1
0010124	12
0010125	4
0010126	1
0010127	2
0010133	1
0010181	34
0010466	1
0010498	5
0015031	3
0015035	9
0015036	6
0015074	17
0015078	5
0015087	2
0015093	1
0015095	2
0015103	2
0015112	1
0015116	1
0015123	2
0015128	1
0015136	1
0015171	11
0015205	3
0015267	3
0015288	1
0015293	4
0015297	2
0015385	4
0015412	1
0015415	4
0015424	3
0015450	4
0015562	4
0015628	1
0015645	5
0015648	3
0015658	1
0015662	3
0015666	1
0015689	3
0015693	2
0015697	1
0015739	1
0015764	1
0015803	5
0015819	1
0015822	1
0015824	1
0015833	2
0015837	1
0015846	2
0015851	3
0015891	2
0015930	1
0015934	8
0015935	6
0015937	4
0015940	2
0015941	1
0015942	1
0015949	2
0015968	1
0015969	1
0015970	1
0015976	1
0015977	1
0015986	8
0015990	3
0015995	1
0016019	2
0016020	313
0016024	1
0016042	2
0016051	1
0016075	1
0016114	2
0016116	3
0016117	5
0016149	1
0016151	7
0016153	1
0016166	1
0016208	1
0016209	1
0016226	8
0016298	1
0016301	18
0016310	17
0016311	3
0016403	2
0016407	4
0016410	2
0016421	2
0016433	1
0016434	1
0016462	1
0016485	1
0016491	176
0016530	3
0016531	2
0016597	2
0016614	4
0016615	1
0016616	8
0016620	7
0016624	1
0016627	15
0016628	4
0016646	3
0016647	1
0016651	7
0016655	6
0016661	1
0016682	1
0016702	1
0016703	1
0016705	21
0016706	2
0016709	3
0016712	2
0016717	1
0016722	1
0016740	18
0016743	1
0016746	57
0016747	22
0016757	39
0016758	4
0016765	4
0016772	1
0016773	4
0016776	1
0016779	15
0016780	7
0016782	2
0016783	4
0016787	180
0016788	16
0016790	8
0016791	23
0016793	1
0016798	4
0016799	4
0016810	5
0016811	2
0016812	3
0016813	1
0016817	13
0016818	5
0016823	1
0016829	19
0016830	2
0016831	2
0016832	2
0016835	1
0016836	3
0016840	1
0016846	1
0016849	1
0016853	8
0016855	1
0016861	1
0016866	4
0016868	2
0016872	1
0016874	21
0016879	3
0016881	1
0016884	2
0016887	139
0016901	1
0016987	30
0016989	3
0016990	2
0016992	1
0016994	1
0016998	1
0017000	1
0017004	4
0017013	2
0017038	1
0017057	1
0017061	1
0017076	1
0017101	1
0017121	1
0017128	1
0017136	1
0017148	3
0017150	1
0017172	1
0018104	8
0018339	1
0018364	1
0018580	1
0019104	4
0019134	1
0019184	2
0019200	5
0019205	1
0019213	3
0019239	3
0019264	3
0019277	1
0019287	1
0019288	4
0019290	8
0019305	1
0019310	3
0019343	1
0019346	3
0019350	4
0019354	1
0019379	1
0019427	1
0019430	3
0019441	1
0019464	3
0019491	4
0019509	1
0019556	1
0019580	1
0019619	3
0019627	2
0019628	2
0019646	1
0019670	1
0019674	1
0019684	2
0019746	2
0019748	1
0019752	3
0019773	1
0019808	2
0019829	3
0019835	1
0019843	3
0019941	4
0020037	35
0022625	5
0022627	2
0022857	117
0022900	2
0022904	1
0030001	9
0030091	2
0030145	1
0030151	4
0030170	57
0030234	2
0030245	2
0030246	11
0030261	1
0030272	1
0030288	2
0030366	1
0030388	1
0030416	1
0030420	2
0030429	2
0030435	1
0030488	1
0030494	1
0030527	2
0030551	1
0030552	4
0030554	4
0030604	1
0030612	1
0030638	1
0030639	2
0030643	1
0030655	2
0030729	1
0030788	1
0030789	1
0030798	1
0030955	2
0030956	2
0030973	1
0030976	8
0031071	2
0031072	1
0031167	2
0031177	2
0031179	1
0031386	1
0031402	1
0031419	5
0031522	2
0032196	3
0032259	37
0032508	1
0032555	1
0032778	1
0032784	2
0032977	1
0032991	1
0032993	3
0033014	6
0033179	1
0033194	1
0033212	5
0033228	1
0033230	1
0033232	2
0033286	4
0033288	4
0033294	1
0033295	1
0033308	4
0033499	1
0033573	2
0033617	2
0033730	1
0033743	1
0033744	1
0033816	1
0033818	2
0033819	1
0033862	1
0033890	1
0033925	1
0033942	1
0033971	1
0034067	1
0034081	1
0034204	2
0034220	8
0034257	1
0034258	1
0034480	2
0034755	2
0035429	1
0035435	1
0035446	1
0035447	1
0035550	1
0035556	1
0035595	1
0035673	1
0035870	1
0035999	1
0036001	1
0036211	8
0036222	1
0036297	1
0036374	1
0036424	1
0042026	3
0042128	1
0042132	1
0042158	2
0042173	1
0042242	1
0042245	2
0042254	2
0042274	1
0042286	1
0042301	3
0042398	1
0042438	2
0042450	3
0042546	2
0042559	1
0042578	9
0042586	4
0042597	1
0042625	1
0042626	141
0042732	2
0042773	7
0042780	1
0042802	7
0042803	5
0042823	3
0042834	15
0042853	1
0042908	1
0042910	1
0042918	1
0043022	4
0043024	1
0043038	1
0043039	2
0043093	3
0043137	1
0043139	1
0043169	1
0043190	27
0043248	1
0043295	1
0043365	1
0043419	3
0043546	5
0043565	22
0043714	1
0043743	2
0043752	1
0043758	1
0043773	1
0043814	1
0043819	1
0043856	7
0043880	2
0043937	1
0043952	4
0043953	1
0044183	1
0044550	1
0045017	2
0045027	1
0045087	2
0045127	2
0045182	1
0045227	2
0045239	1
0045240	3
0045254	5
0045259	7
0045271	1
0045273	1
0045454	3
0045550	1
0045892	13
0045900	2
0045927	3
0045936	1
0046025	1
0046026	1
0046081	1
0046118	1
0046140	1
0046167	1
0046177	1
0046306	1
0046316	1
0046348	1
0046373	1
0046417	2
0046429	3
0046523	1
0046556	1
0046654	4
0046677	4
0046685	1
0046690	2
0046820	1
0046835	1
0046872	269
0046873	4
0046905	1
0046912	2
0046914	1
0046933	6
0046961	2
0046983	5
0047150	1
0047307	2
0047324	1
0047330	1
0047355	4
0047420	2
0047429	1
0047470	1
0047471	2
0047472	3
0047475	2
0047480	1
0047575	1
0047590	1
0047617	2
0047834	1
0047952	1
0048029	1
0048030	1
0048034	1
0048038	10
0048472	1
0048473	2
0048501	1
0050097	1
0050135	1
0050136	4
0050242	2
0050311	1
0050380	1
0050446	1
0050456	1
0050480	1
0050511	1
0050515	1
0050518	1
0050532	1
0050567	2
0050607	1
0050660	43
0050661	11
0050797	1
0050896	7
0050897	1
0051007	1
0051060	1
0051073	1
0051082	6
0051083	1
0051087	1
0051116	1
0051131	2
0051156	2
0051213	5
0051287	23
0051301	16
0051470	4
0051536	24
0051537	11
0051539	26
0051540	1
0051603	1
0051604	1
0051607	1
0051678	1
0051731	1
0051745	1
0051775	1
0051920	10
0051989	1
0052381	1
0052621	5
0052680	1
0052689	2
0052699	5
0052706	1
0052851	1
0052873	1
0052906	1
0052913	1
0055051	1
0055052	27
0055085	183
0061599	2
0061710	2
0061799	1
0065003	2
0070006	4
0070007	2
0070063	1
0070064	1
0070069	1
0070085	1
0070273	2
0070401	4
0070402	3
0070403	23
0070404	1
0070475	1
0070490	2
0070573	2
0070628	1
0070726	7
0070905	2
0070967	18
0070968	1
0071111	5
0071555	27
0071586	2
0071704	3
0071805	3
0071897	1
0071949	31
0071951	1
0071972	8
0072488	2
0072570	1
0090529	3
0097266	2
0097351	3
0097367	2
0106130	1
0106141	1
0110001	6
0120225	4
0140078	3
0140098	1
0140110	1
0140359	157
0140658	1
0140662	2
0140737	2
1901137	3
1901576	1
1901893	1
1902358	1
1902444	1
1902495	1
1902600	6
1903424	2
1903425	2
1903826	1
1904047	61
1904680	1
1905887	3
1990204	5
1990586	2
1990610	1
2001070	1
