0000015	1
0000035	1
0000036	1
0000049	2
0000098	3
0000105	10
0000107	2
0000150	3
0000155	8
0000156	4
0000160	10
0000162	4
0000166	21
0000175	1
0000179	1
0000270	2
0000271	3
0000286	1
0000287	18
0000311	1
0000314	2
0000315	3
0000413	2
0000451	1
0000502	1
0000774	1
0000902	1
0000906	1
0000910	2
0000917	1
0000976	1
0001216	1
0001510	2
0001522	5
0001727	1
0002161	2
0002949	3
0003333	1
0003676	32
0003677	110
0003678	8
0003684	4
0003688	1
0003697	4
0003700	47
0003723	32
0003724	1
0003725	1
0003729	1
0003735	53
0003743	3
0003746	4
0003747	1
0003755	3
0003824	20
0003825	1
0003844	1
0003848	1
0003849	1
0003852	1
0003855	1
0003856	1
0003861	2
0003862	1
0003866	1
0003872	1
0003879	1
0003887	4
0003899	7
0003906	3
0003908	2
0003911	1
0003916	1
0003917	1
0003918	2
0003919	1
0003922	1
0003924	11
0003934	1
0003935	1
0003937	1
0003938	3
0003941	2
0003942	1
0003949	1
0003951	1
0003952	1
0003954	1
0003960	1
0003977	1
0003978	1
0003983	1
0003984	1
0003989	4
0003991	1
0003993	1
0003994	1
0003998	1
0003999	1
0004013	1
0004015	1
0004018	1
0004019	1
0004022	1
0004042	1
0004044	1
0004045	3
0004047	1
0004048	1
0004049	1
0004055	1
0004056	1
0004066	1
0004070	1
0004072	1
0004073	1
0004075	1
0004076	2
0004077	1
0004084	1
0004088	1
0004089	2
0004096	1
0004107	1
0004124	1
0004126	1
0004127	1
0004129	4
0004133	1
0004134	1
0004139	1
0004140	1
0004141	2
0004146	2
0004148	1
0004150	1
0004152	1
0004156	2
0004160	1
0004169	1
0004170	1
0004175	1
0004176	1
0004177	6
0004180	2
0004190	2
0004222	6
0004252	12
0004308	1
0004325	1
0004326	1
0004329	1
0004332	1
0004333	1
0004335	1
0004340	1
0004342	1
0004345	1
0004347	1
0004349	1
0004350	1
0004356	2
0004357	1
0004358	1
0004359	2
0004360	1
0004368	1
0004370	1
0004371	2
0004372	1
0004373	1
0004375	1
0004385	1
0004386	10
0004399	1
0004400	2
0004401	1
0004412	1
0004413	1
0004414	1
0004418	1
0004424	1
0004425	2
0004450	1
0004452	1
0004459	1
0004476	1
0004478	3
0004479	1
0004488	1
0004489	1
0004494	1
0004497	3
0004512	1
0004514	1
0004516	1
0004518	3
0004519	11
0004520	1
0004521	2
0004523	1
0004525	1
0004526	1
0004527	2
0004536	1
0004540	4
0004550	1
0004553	5
0004585	1
0004588	1
0004590	1
0004591	1
0004592	1
0004594	1
0004595	1
0004601	1
0004602	1
0004605	1
0004611	1
0004614	1
0004616	1
0004617	1
0004618	1
0004619	1
0004632	1
0004633	1
0004634	1
0004635	1
0004636	1
0004637	1
0004638	2
0004639	1
0004640	2
0004641	1
0004642	2
0004643	1
0004644	1
0004648	1
0004654	1
0004655	1
0004659	3
0004664	1
0004665	1
0004672	2
0004673	7
0004725	1
0004729	1
0004731	1
0004735	1
0004736	1
0004738	1
0004743	1
0004748	3
0004749	1
0004750	1
0004764	2
0004765	1
0004766	1
0004784	1
0004791	1
0004794	1
0004795	1
0004798	1
0004799	1
0004801	1
0004802	1
0004803	2
0004805	1
0004806	1
0004807	1
0004812	4
0004813	1
0004814	1
0004817	1
0004818	1
0004820	1
0004821	1
0004822	1
0004823	1
0004824	2
0004825	1
0004826	2
0004827	1
0004828	1
0004829	1
0004830	1
0004831	1
0004832	1
0004834	2
0004844	1
0004845	1
0004851	1
0004852	1
0004853	1
0005047	1
0005048	1
0005198	7
0005215	3
0005283	2
0005298	1
0005315	1
0005337	1
0005351	1
0005507	2
0005515	10
0005524	188
0005525	16
0005542	1
0005576	4
0005694	1
0005737	35
0005739	1
0005829	2
0005840	31
0005854	1
0005886	34
0005960	1
0005971	2
0005975	14
0005978	2
0005980	2
0005992	2
0006002	1
0006006	3
0006012	3
0006021	1
0006044	1
0006048	1
0006051	1
0006071	4
0006072	2
0006083	1
0006085	1
0006086	1
0006089	2
0006090	1
0006094	6
0006096	8
0006098	5
0006099	6
0006106	1
0006108	2
0006116	1
0006139	2
0006144	1
0006163	1
0006164	4
0006166	1
0006177	1
0006189	7
0006203	1
0006206	1
0006207	3
0006221	2
0006226	1
0006229	1
0006231	2
0006233	1
0006259	1
0006260	15
0006261	1
0006265	3
0006269	1
0006275	1
0006281	21
0006284	5
0006285	1
0006289	3
0006302	1
0006307	1
0006308	2
0006310	15
0006313	3
0006351	4
0006352	6
0006353	3
0006355	46
0006364	6
0006396	7
0006400	5
0006402	1
0006412	58
0006413	3
0006414	4
0006415	3
0006417	1
0006418	3
0006419	1
0006420	1
0006423	1
0006424	3
0006426	1
0006427	1
0006428	1
0006429	1
0006430	2
0006431	1
0006432	2
0006433	1
0006434	1
0006435	1
0006436	1
0006437	1
0006438	1
0006450	1
0006457	5
0006465	1
0006468	2
0006470	1
0006486	5
0006508	29
0006520	5
0006522	1
0006525	2
0006526	4
0006529	1
0006534	1
0006535	3
0006541	1
0006542	2
0006555	1
0006556	3
0006561	3
0006564	3
0006568	2
0006571	1
0006592	2
0006605	2
0006614	1
0006633	6
0006730	2
0006741	1
0006760	1
0006777	2
0006779	3
0006783	2
0006790	1
0006793	2
0006801	1
0006808	1
0006810	4
0006812	2
0006814	3
0006817	6
0006820	1
0006826	3
0006855	3
0006857	1
0006865	15
0006873	1
0006886	4
0006950	1
0006979	2
0007059	5
0007165	9
0008033	6
0008080	6
0008094	1
0008108	1
0008113	1
0008121	1
0008135	1
0008137	1
0008152	7
0008153	1
0008168	11
0008171	1
0008173	5
0008176	1
0008186	1
0008233	8
0008234	3
0008236	5
0008237	6
0008263	1
0008270	34
0008299	6
0008324	3
0008360	5
0008375	1
0008379	2
0008381	2
0008408	4
0008441	1
0008443	1
0008444	1
0008460	1
0008478	1
0008479	1
0008483	1
0008495	1
0008509	1
0008519	1
0008534	2
0008615	1
0008643	6
0008649	1
0008652	3
0008654	6
0008658	3
0008661	1
0008666	1
0008685	1
0008686	1
0008703	1
0008705	1
0008714	1
0008716	1
0008725	1
0008728	2
0008745	3
0008752	1
0008753	1
0008757	10
0008760	1
0008762	1
0008763	1
0008764	1
0008767	1
0008776	1
0008784	1
0008794	1
0008795	1
0008797	1
0008808	1
0008812	1
0008817	2
0008820	1
0008821	1
0008829	1
0008831	1
0008832	1
0008835	1
0008836	1
0008837	1
0008839	1
0008840	1
0008841	1
0008854	1
0008855	2
0008878	1
0008879	1
0008881	1
0008882	1
0008883	1
0008887	1
0008893	1
0008897	1
0008902	1
0008909	1
0008924	1
0008932	1
0008935	1
0008939	1
0008955	4
0008961	1
0008963	1
0008964	1
0008965	1
0008966	1
0008972	1
0008976	2
0008977	1
0008982	4
0008998	1
0008999	1
0009001	1
0009002	2
0009009	4
0009014	1
0009022	1
0009030	1
0009035	1
0009036	1
0009037	1
0009039	2
0009055	7
0009058	10
0009060	1
0009073	5
0009081	1
0009082	3
0009086	2
0009088	2
0009089	5
0009094	1
0009098	4
0009102	5
0009107	1
0009113	2
0009116	5
0009117	1
0009132	3
0009146	1
0009152	2
0009190	1
0009220	1
0009225	2
0009228	5
0009234	3
0009236	14
0009240	1
0009243	1
0009245	1
0009249	2
0009250	1
0009252	18
0009253	3
0009263	4
0009264	1
0009265	1
0009267	1
0009273	1
0009294	1
0009306	10
0009307	3
0009316	2
0009317	4
0009318	1
0009320	1
0009331	2
0009338	1
0009349	1
0009360	2
0009374	1
0009378	2
0009379	1
0009380	2
0009381	1
0009396	5
0009401	10
0009408	1
0009423	3
0009432	3
0009435	3
0009436	1
0009443	1
0009448	1
0009451	5
0009691	2
0009898	1
0009972	1
0009975	1
0009982	5
0009986	4
0010125	4
0010126	2
0010181	9
0010468	1
0010498	4
0015031	2
0015035	5
0015036	4
0015074	3
0015075	1
0015078	2
0015079	1
0015095	1
0015112	1
0015128	1
0015129	1
0015136	1
0015171	7
0015205	2
0015267	1
0015293	7
0015295	1
0015297	2
0015415	4
0015424	2
0015450	3
0015556	2
0015562	2
0015572	1
0015628	1
0015645	1
0015648	2
0015658	1
0015662	3
0015693	1
0015727	1
0015739	1
0015740	2
0015803	1
0015824	1
0015833	3
0015837	1
0015851	2
0015891	1
0015934	8
0015935	6
0015937	4
0015940	1
0015941	1
0015949	2
0015969	1
0015970	1
0015977	1
0015986	6
0015990	1
0015995	1
0016020	156
0016024	1
0016032	4
0016042	3
0016114	1
0016117	1
0016149	1
0016151	4
0016166	1
0016209	1
0016226	6
0016298	1
0016301	4
0016310	7
0016311	3
0016407	2
0016410	1
0016421	1
0016433	1
0016434	1
0016462	1
0016491	28
0016530	1
0016531	1
0016597	1
0016603	1
0016614	1
0016615	1
0016616	2
0016620	4
0016639	1
0016647	1
0016682	1
0016684	1
0016703	1
0016717	1
0016722	1
0016740	6
0016746	10
0016747	6
0016757	8
0016758	2
0016765	4
0016779	4
0016780	3
0016782	1
0016783	4
0016787	45
0016788	1
0016790	3
0016791	2
0016793	1
0016799	1
0016817	3
0016818	3
0016829	4
0016836	1
0016853	2
0016866	1
0016868	3
0016874	6
0016879	2
0016881	1
0016884	2
0016887	71
0016987	7
0016989	2
0016992	1
0016993	1
0016994	1
0017000	2
0017004	6
0017038	2
0017057	1
0017076	1
0017148	1
0017150	1
0017186	1
0018104	2
0018364	1
0018836	1
0019068	3
0019104	3
0019134	1
0019200	1
0019205	1
0019213	1
0019239	1
0019262	1
0019264	1
0019277	1
0019285	1
0019288	4
0019290	1
0019305	3
0019354	1
0019430	1
0019464	3
0019627	2
0019646	1
0019674	1
0019829	3
0019835	1
0019843	3
0019941	4
0020037	7
0022625	5
0022627	2
0022857	42
0022877	2
0022900	1
0022904	1
0030001	6
0030091	2
0030145	1
0030151	1
0030163	1
0030170	14
0030234	1
0030246	1
0030261	1
0030272	1
0030416	1
0030420	2
0030488	1
0030494	1
0030554	1
0030604	1
0030643	1
0030789	1
0030955	1
0030956	2
0030976	3
0031071	1
0031167	2
0031386	1
0031402	1
0031419	3
0031522	2
0032049	1
0032259	8
0032508	2
0032549	1
0032784	2
0032977	1
0033014	4
0033228	1
0033230	1
0033232	2
0033617	1
0033743	1
0033744	1
0033819	1
0033862	1
0034204	1
0034220	3
0034257	1
0034258	1
0035429	1
0035435	1
0035446	1
0035447	1
0035550	1
0035552	1
0035556	1
0035595	1
0035673	1
0035870	1
0036211	5
0036222	1
0036297	1
0036424	1
0042026	3
0042132	1
0042158	1
0042242	1
0042254	2
0042274	1
0042286	1
0042301	1
0042398	1
0042450	2
0042546	1
0042578	4
0042586	2
0042597	1
0042626	78
0042773	2
0042802	2
0042803	1
0042823	2
0042834	1
0042853	1
0042910	2
0043022	3
0043039	1
0043093	2
0043169	1
0043190	11
0043248	1
0043295	1
0043365	1
0043419	2
0043565	1
0043571	3
0043743	1
0043752	1
0043819	1
0043937	1
0043952	3
0043953	1
0044209	1
0044423	4
0045151	1
0045182	1
0045254	1
0045259	5
0045454	4
0045550	1
0045892	1
0045893	1
0045900	1
0045936	1
0046025	1
0046026	1
0046081	1
0046118	1
0046140	1
0046167	1
0046177	1
0046316	1
0046417	1
0046428	1
0046429	1
0046654	4
0046677	2
0046685	1
0046688	1
0046797	2
0046820	1
0046835	1
0046872	76
0046873	2
0046912	1
0046914	1
0046933	5
0046983	3
0047324	2
0047330	1
0047429	1
0047465	1
0047480	1
0047605	1
0047617	1
0047952	1
0048034	1
0048038	1
0048472	1
0048473	2
0048501	1
0050136	1
0050380	1
0050456	1
0050511	1
0050515	1
0050518	1
0050567	2
0050627	1
0050660	9
0050661	8
0050797	1
0051060	1
0051082	2
0051083	1
0051087	1
0051116	1
0051131	1
0051139	1
0051213	1
0051219	1
0051287	9
0051301	12
0051353	1
0051536	12
0051537	2
0051539	9
0051540	1
0051607	2
0051745	1
0051920	1
0051989	1
0052381	1
0052636	1
0052689	3
0052873	1
0052906	1
0052913	1
0055051	1
0055052	13
0055085	63
0061599	1
0061710	1
0070005	1
0070006	5
0070007	5
0070063	1
0070069	1
0070204	1
0070401	1
0070402	2
0070475	1
0070490	2
0070628	1
0070726	2
0070905	1
0071555	9
0071586	3
0071704	2
0071705	3
0071766	1
0071768	2
0071949	5
0071951	1
0071972	2
0072488	1
0090529	1
0090563	1
0098003	2
0098662	1
0106130	1
0110001	1
0140078	2
0140098	1
0140110	1
0140359	87
0140657	1
0140658	2
0140662	2
0141098	1
1901137	1
1901642	1
1902495	3
1902600	2
1904047	19
1904091	2
1904680	1
1905887	2
1990107	1
1990397	1
1990586	2
1990610	1
