0000015	1
0000028	1
0000034	1
0000049	2
0000103	1
0000105	10
0000107	2
0000150	6
0000155	10
0000156	11
0000160	19
0000162	3
0000166	20
0000179	1
0000271	3
0000272	2
0000286	1
0000287	13
0000309	1
0000311	1
0000314	2
0000315	3
0000334	1
0000373	3
0000413	3
0000451	1
0000774	1
0000902	1
0000906	1
0000910	1
0000917	2
0001072	2
0001510	1
0001522	8
0002098	1
0002949	3
0003676	21
0003677	157
0003678	8
0003684	4
0003688	1
0003697	5
0003700	78
0003723	28
0003725	2
0003729	1
0003735	54
0003743	3
0003746	4
0003747	1
0003755	13
0003824	31
0003842	1
0003848	1
0003849	1
0003852	2
0003855	1
0003856	1
0003857	1
0003861	2
0003862	1
0003864	1
0003868	1
0003871	1
0003879	1
0003882	1
0003883	1
0003886	1
0003887	8
0003896	1
0003899	3
0003904	1
0003908	1
0003911	1
0003916	3
0003917	1
0003918	4
0003919	1
0003922	1
0003924	14
0003934	1
0003935	1
0003937	1
0003938	1
0003941	2
0003942	1
0003949	1
0003964	3
0003978	1
0003984	1
0003985	1
0003986	1
0003987	1
0003989	3
0003991	1
0003993	3
0003994	2
0003995	1
0004013	1
0004015	1
0004016	1
0004018	1
0004019	1
0004035	1
0004045	2
0004047	1
0004048	1
0004053	1
0004056	1
0004066	1
0004068	1
0004070	1
0004072	3
0004073	1
0004075	2
0004076	1
0004077	1
0004084	2
0004088	1
0004089	1
0004096	2
0004107	1
0004109	2
0004122	1
0004124	1
0004126	1
0004127	1
0004129	5
0004139	1
0004140	1
0004141	1
0004146	1
0004148	2
0004149	1
0004150	1
0004151	1
0004152	1
0004156	1
0004160	1
0004170	1
0004176	1
0004177	6
0004180	3
0004181	3
0004190	1
0004222	5
0004252	8
0004298	1
0004314	1
0004315	2
0004316	1
0004325	1
0004326	1
0004332	1
0004333	1
0004334	1
0004335	1
0004345	1
0004347	1
0004349	3
0004350	1
0004356	1
0004360	1
0004370	1
0004372	1
0004375	1
0004385	1
0004386	12
0004397	1
0004399	1
0004400	2
0004401	1
0004412	1
0004413	1
0004414	1
0004417	1
0004418	1
0004424	1
0004425	1
0004427	1
0004450	1
0004455	1
0004470	1
0004471	1
0004478	1
0004479	1
0004489	1
0004494	1
0004514	1
0004515	1
0004516	1
0004518	6
0004519	2
0004520	2
0004521	2
0004523	2
0004525	1
0004526	1
0004527	3
0004540	2
0004553	54
0004559	1
0004560	7
0004565	2
0004587	1
0004588	1
0004590	1
0004591	1
0004592	1
0004594	2
0004595	1
0004601	5
0004602	1
0004604	1
0004609	1
0004612	1
0004616	3
0004632	1
0004633	1
0004634	1
0004635	1
0004636	1
0004637	1
0004638	2
0004639	1
0004642	1
0004643	1
0004644	1
0004654	1
0004655	1
0004659	2
0004665	1
0004673	9
0004719	1
0004722	2
0004725	1
0004731	1
0004733	1
0004735	2
0004739	2
0004742	1
0004743	1
0004748	1
0004749	1
0004750	1
0004751	1
0004781	1
0004784	4
0004789	1
0004791	1
0004794	1
0004795	1
0004797	1
0004799	1
0004803	39
0004807	1
0004808	1
0004812	3
0004813	1
0004814	1
0004816	1
0004817	1
0004818	1
0004820	1
0004821	1
0004822	1
0004823	1
0004824	1
0004825	1
0004826	2
0004827	1
0004828	1
0004829	1
0004830	1
0004831	1
0004832	1
0004833	1
0004834	2
0004844	1
0004845	1
0004849	1
0004851	2
0004853	1
0004856	1
0004866	1
0004888	22
0005047	1
0005048	1
0005215	3
0005216	1
0005247	2
0005283	3
0005337	1
0005375	2
0005381	2
0005384	1
0005416	1
0005436	1
0005506	7
0005507	4
0005515	18
0005524	173
0005525	20
0005576	4
0005694	1
0005737	50
0005777	1
0005829	6
0005840	32
0005854	1
0005886	29
0005960	1
0005971	1
0005975	77
0005992	1
0005996	2
0005998	1
0006002	2
0006006	4
0006012	3
0006013	1
0006015	1
0006064	4
0006072	1
0006086	2
0006089	1
0006090	1
0006094	4
0006096	9
0006098	6
0006099	7
0006106	1
0006139	1
0006146	1
0006163	1
0006164	4
0006166	1
0006168	1
0006171	1
0006177	1
0006188	1
0006189	5
0006203	1
0006207	2
0006221	4
0006222	1
0006226	1
0006231	1
0006241	1
0006259	3
0006260	17
0006261	3
0006265	7
0006269	1
0006270	1
0006275	1
0006281	22
0006284	2
0006289	4
0006298	4
0006304	6
0006308	2
0006310	24
0006313	6
0006351	3
0006352	33
0006353	3
0006355	85
0006364	7
0006396	2
0006400	8
0006402	2
0006412	60
0006413	3
0006414	4
0006415	5
0006418	1
0006419	1
0006420	1
0006421	1
0006423	1
0006424	3
0006426	1
0006427	1
0006428	1
0006429	1
0006430	1
0006431	1
0006432	2
0006433	1
0006434	1
0006435	1
0006436	1
0006437	1
0006438	1
0006450	1
0006457	6
0006465	2
0006470	3
0006479	1
0006486	2
0006508	30
0006520	3
0006522	2
0006523	1
0006526	1
0006529	1
0006534	1
0006535	3
0006537	1
0006541	1
0006548	1
0006556	1
0006559	2
0006561	6
0006565	2
0006566	1
0006567	1
0006568	1
0006569	1
0006571	1
0006572	2
0006592	2
0006605	1
0006614	1
0006629	4
0006631	2
0006633	11
0006635	1
0006650	1
0006729	1
0006730	3
0006744	3
0006750	1
0006751	1
0006760	1
0006772	1
0006777	3
0006779	5
0006783	1
0006790	3
0006799	1
0006808	4
0006810	13
0006811	23
0006812	9
0006813	3
0006814	8
0006821	1
0006824	1
0006825	2
0006826	1
0006833	1
0006855	1
0006865	4
0006885	1
0006886	1
0006950	1
0006972	1
0006979	7
0007049	1
0007059	3
0007165	9
0008033	7
0008080	11
0008094	1
0008097	1
0008108	1
0008113	3
0008124	1
0008135	1
0008152	5
0008168	16
0008170	3
0008172	1
0008173	3
0008176	1
0008186	1
0008199	2
0008218	1
0008219	1
0008233	12
0008234	2
0008235	1
0008236	10
0008237	6
0008252	1
0008253	1
0008270	26
0008276	1
0008299	3
0008324	8
0008360	4
0008379	3
0008381	4
0008408	6
0008409	1
0008410	2
0008413	1
0008425	3
0008441	2
0008446	1
0008448	1
0008460	1
0008479	1
0008483	1
0008484	17
0008490	2
0008495	1
0008519	3
0008535	2
0008610	3
0008612	1
0008615	5
0008616	1
0008641	2
0008643	5
0008645	2
0008649	2
0008652	5
0008654	3
0008657	2
0008658	2
0008661	1
0008676	1
0008685	1
0008686	1
0008690	1
0008697	1
0008703	1
0008705	1
0008716	1
0008720	1
0008733	1
0008736	1
0008741	3
0008742	1
0008745	2
0008752	1
0008753	1
0008754	3
0008757	6
0008760	1
0008761	1
0008762	1
0008763	1
0008764	1
0008770	1
0008772	1
0008773	2
0008780	1
0008784	2
0008794	1
0008795	1
0008800	3
0008817	1
0008821	1
0008830	1
0008832	1
0008835	1
0008836	1
0008837	1
0008839	1
0008840	1
0008841	1
0008854	1
0008855	2
0008864	1
0008869	1
0008879	1
0008880	2
0008881	1
0008883	2
0008890	1
0008902	1
0008915	1
0008927	2
0008929	1
0008932	1
0008935	1
0008939	1
0008942	2
0008961	2
0008963	1
0008964	1
0008966	1
0008972	1
0008976	1
0008977	1
0008987	1
0008998	2
0009001	2
0009007	2
0009009	1
0009029	1
0009030	1
0009035	2
0009045	1
0009052	1
0009055	5
0009058	10
0009060	2
0009063	1
0009067	1
0009073	2
0009081	2
0009082	4
0009086	4
0009088	1
0009089	4
0009098	5
0009102	3
0009107	1
0009113	1
0009116	4
0009132	1
0009143	1
0009152	2
0009156	1
0009165	1
0009220	1
0009225	1
0009228	8
0009234	3
0009236	3
0009240	1
0009244	1
0009245	4
0009249	2
0009252	13
0009254	2
0009263	1
0009264	1
0009265	2
0009274	1
0009279	157
0009294	1
0009295	1
0009306	7
0009307	2
0009316	2
0009317	5
0009318	2
0009320	1
0009338	1
0009349	1
0009358	1
0009360	2
0009376	2
0009378	2
0009379	1
0009380	3
0009381	1
0009396	2
0009403	1
0009408	1
0009423	3
0009432	5
0009435	6
0009451	5
0009678	1
0009691	2
0009972	1
0009982	9
0010133	1
0010181	8
0010945	1
0015031	4
0015035	2
0015036	2
0015074	6
0015078	2
0015079	3
0015087	1
0015093	1
0015095	2
0015103	4
0015109	2
0015128	1
0015136	1
0015150	3
0015153	2
0015159	4
0015221	2
0015250	1
0015267	1
0015288	11
0015291	2
0015293	7
0015297	4
0015343	5
0015385	2
0015412	2
0015450	2
0015485	1
0015499	1
0015506	1
0015535	3
0015562	18
0015628	1
0015662	2
0015663	1
0015689	2
0015693	2
0015700	2
0015703	2
0015724	1
0015739	1
0015756	3
0015858	1
0015890	1
0015891	5
0015914	1
0015920	2
0015930	1
0015934	8
0015935	6
0015937	3
0015938	1
0015940	2
0015941	1
0015949	2
0015969	1
0015970	1
0015977	1
0015986	8
0016020	246
0016114	1
0016149	3
0016151	1
0016152	2
0016158	1
0016208	1
0016209	4
0016226	4
0016301	7
0016310	3
0016311	1
0016407	2
0016410	1
0016430	1
0016433	1
0016434	1
0016462	1
0016491	73
0016597	2
0016614	5
0016616	7
0016620	5
0016624	2
0016627	5
0016646	1
0016651	21
0016655	5
0016717	1
0016740	9
0016746	15
0016747	4
0016757	34
0016763	1
0016765	3
0016773	1
0016779	1
0016782	2
0016783	1
0016787	41
0016788	4
0016790	1
0016791	2
0016798	1
0016799	1
0016810	4
0016812	1
0016818	1
0016829	7
0016832	3
0016835	2
0016836	2
0016853	8
0016857	4
0016866	3
0016868	1
0016872	1
0016874	7
0016879	1
0016884	1
0016887	54
0016891	1
0016901	1
0016987	34
0016989	22
0016992	1
0017003	1
0017004	5
0017013	1
0017057	1
0017148	1
0017150	1
0017168	1
0018142	2
0018339	1
0018364	1
0018836	1
0019104	1
0019200	1
0019203	1
0019205	1
0019213	2
0019239	1
0019241	1
0019242	1
0019264	1
0019277	1
0019288	4
0019299	1
0019305	3
0019310	1
0019317	1
0019333	1
0019343	1
0019346	2
0019354	2
0019379	1
0019427	1
0019430	1
0019441	1
0019464	3
0019569	4
0019647	1
0019673	1
0019752	1
0019829	2
0019843	3
0019867	13
0020037	11
0022625	5
0022627	3
0022857	95
0022900	1
0022904	1
0030001	2
0030026	1
0030091	5
0030145	4
0030151	1
0030170	16
0030234	4
0030246	7
0030247	1
0030261	2
0030272	1
0030288	2
0030416	4
0030420	1
0030428	1
0030429	1
0030488	1
0030541	2
0030552	11
0030554	1
0030570	1
0030599	2
0030604	1
0030655	2
0030955	1
0030956	2
0030973	1
0030976	3
0030983	5
0031071	1
0031167	1
0031179	1
0031240	1
0031317	1
0031419	4
0031992	2
0032196	3
0032259	6
0032508	3
0032784	2
0032977	1
0032991	3
0033014	3
0033194	1
0033573	2
0033743	2
0033744	2
0033745	1
0033818	1
0033819	1
0033856	1
0033862	1
0033922	2
0034220	2
0034480	1
0034707	1
0034755	2
0035429	1
0035435	1
0035539	1
0036211	4
0036374	1
0038023	5
0042026	2
0042128	1
0042132	1
0042158	1
0042254	3
0042274	1
0042286	1
0042372	1
0042450	2
0042545	2
0042578	2
0042586	1
0042597	8
0042625	4
0042626	31
0042732	2
0042773	1
0042780	1
0042802	17
0042803	3
0042834	4
0042853	1
0042908	1
0042910	2
0043022	5
0043039	1
0043093	1
0043190	3
0043295	1
0043565	22
0043571	4
0043682	2
0043755	1
0043800	1
0043801	1
0043856	3
0043857	1
0043952	2
0044341	1
0045182	1
0045239	1
0045252	1
0045254	2
0045261	5
0045263	3
0045277	1
0045340	2
0045490	3
0045493	1
0045861	2
0045892	3
0045900	1
0045910	1
0046081	1
0046118	1
0046348	2
0046349	1
0046373	1
0046417	1
0046428	1
0046429	1
0046537	1
0046556	1
0046559	1
0046654	1
0046685	3
0046689	2
0046835	1
0046872	81
0046873	1
0046912	1
0046933	6
0046983	2
0047294	1
0047429	2
0047480	1
0047487	1
0047559	1
0047617	4
0047834	1
0048040	1
0048501	1
0050113	1
0050304	1
0050334	1
0050415	1
0050511	1
0050515	1
0050567	2
0050570	2
0050660	15
0050661	13
0050787	2
0050992	2
0051073	1
0051082	2
0051083	1
0051087	1
0051119	3
0051205	1
0051287	9
0051290	2
0051301	6
0051353	1
0051536	16
0051537	3
0051539	16
0051540	1
0051603	1
0051607	2
0051745	2
0051920	6
0051989	1
0052381	1
0052624	1
0052689	1
0052693	1
0052699	2
0052706	1
0052717	3
0052873	1
0052906	1
0055052	14
0055070	1
0055085	72
0061077	1
0061542	3
0061710	2
0061712	1
0061799	1
0062192	1
0070006	5
0070007	2
0070063	1
0070204	1
0070401	1
0070402	1
0070403	10
0070404	1
0070475	1
0070905	1
0070968	1
0071268	1
0071555	3
0071704	1
0071793	3
0071941	1
0071949	4
0071951	1
0072488	3
0097367	1
0098662	1
0098869	1
0102208	3
0103117	1
0110001	1
0140078	1
0140359	32
0140658	2
0140662	1
0140663	1
0140701	1
1901135	2
1901137	1
1901642	1
1902600	4
1904047	25
1905887	3
1990107	1
1990397	1
1990610	1
1990961	1
