0000015	1
0000028	1
0000035	1
0000036	2
0000049	4
0000105	10
0000107	2
0000150	8
0000155	6
0000156	8
0000160	14
0000162	8
0000166	19
0000179	1
0000271	3
0000287	14
0000309	1
0000311	1
0000314	3
0000315	3
0000413	2
0000428	1
0000451	1
0000724	1
0000902	2
0000906	1
0000910	3
0000917	2
0001510	3
0001522	7
0001558	2
0001968	1
0002098	1
0002100	1
0002161	2
0002189	1
0002196	1
0002949	3
0002953	1
0003676	15
0003677	138
0003678	7
0003684	3
0003688	1
0003690	1
0003697	3
0003700	42
0003723	33
0003725	1
0003735	52
0003743	3
0003746	4
0003755	3
0003796	2
0003824	15
0003844	2
0003849	2
0003852	1
0003855	1
0003856	1
0003861	2
0003862	1
0003864	1
0003866	1
0003872	1
0003879	2
0003883	1
0003886	2
0003887	6
0003899	5
0003908	1
0003911	1
0003916	2
0003917	1
0003918	4
0003919	1
0003922	1
0003924	13
0003935	1
0003937	1
0003938	1
0003941	2
0003942	1
0003949	1
0003952	1
0003978	1
0003983	1
0003984	2
0003985	1
0003989	3
0003991	1
0003998	2
0004016	1
0004018	1
0004019	1
0004044	1
0004045	1
0004048	1
0004049	2
0004055	1
0004056	1
0004066	1
0004068	1
0004070	1
0004072	1
0004073	1
0004075	1
0004077	1
0004084	1
0004088	1
0004106	1
0004107	1
0004124	1
0004126	1
0004127	1
0004134	1
0004139	1
0004140	1
0004151	1
0004152	1
0004160	1
0004170	1
0004175	1
0004176	2
0004177	4
0004190	3
0004222	7
0004252	7
0004314	1
0004315	2
0004316	1
0004326	1
0004329	1
0004332	1
0004335	1
0004342	1
0004347	1
0004349	1
0004350	1
0004355	1
0004356	2
0004358	1
0004359	2
0004360	1
0004370	1
0004371	1
0004372	1
0004373	1
0004385	1
0004386	2
0004399	1
0004401	1
0004412	1
0004413	1
0004414	1
0004417	1
0004424	1
0004425	1
0004450	1
0004471	1
0004473	1
0004476	1
0004478	1
0004479	1
0004488	1
0004489	1
0004497	1
0004515	1
0004516	1
0004518	4
0004519	11
0004520	1
0004521	5
0004523	2
0004525	1
0004526	1
0004527	1
0004529	1
0004534	1
0004536	1
0004540	2
0004553	5
0004585	1
0004588	1
0004590	1
0004592	1
0004595	1
0004605	1
0004611	1
0004618	1
0004619	1
0004632	1
0004633	1
0004634	1
0004635	1
0004636	1
0004637	1
0004638	1
0004639	1
0004640	1
0004641	1
0004643	1
0004644	1
0004648	1
0004654	1
0004659	1
0004664	1
0004672	2
0004673	5
0004713	2
0004715	1
0004722	1
0004725	1
0004731	2
0004735	1
0004743	1
0004749	1
0004750	1
0004751	1
0004788	1
0004789	1
0004794	1
0004795	1
0004798	1
0004803	20
0004807	1
0004812	4
0004813	2
0004814	1
0004816	1
0004817	1
0004818	1
0004819	1
0004820	1
0004821	1
0004822	1
0004823	1
0004824	1
0004825	1
0004826	2
0004827	1
0004828	1
0004829	1
0004830	1
0004831	1
0004832	1
0004834	4
0004844	1
0004845	1
0004849	1
0005047	1
0005048	1
0005198	15
0005215	2
0005247	1
0005283	2
0005315	1
0005351	2
0005388	1
0005506	4
0005509	1
0005515	6
0005524	160
0005525	23
0005534	1
0005576	1
0005694	1
0005737	42
0005840	30
0005854	1
0005886	29
0005975	19
0005978	4
0005980	1
0005991	1
0006002	2
0006006	1
0006007	1
0006012	2
0006015	1
0006044	2
0006071	2
0006072	2
0006082	1
0006086	1
0006090	1
0006094	3
0006096	8
0006098	1
0006102	1
0006109	1
0006139	2
0006163	1
0006164	3
0006166	1
0006171	1
0006177	1
0006189	3
0006207	1
0006213	1
0006221	5
0006226	1
0006229	1
0006231	1
0006233	1
0006241	1
0006259	2
0006260	13
0006261	1
0006265	7
0006269	1
0006270	1
0006275	1
0006281	21
0006282	1
0006284	2
0006285	1
0006289	3
0006298	3
0006302	2
0006304	3
0006308	2
0006310	20
0006313	8
0006351	4
0006352	7
0006353	2
0006355	49
0006364	8
0006396	5
0006400	9
0006402	3
0006412	58
0006413	3
0006414	5
0006415	3
0006418	2
0006419	2
0006420	1
0006421	1
0006423	1
0006424	4
0006425	1
0006426	1
0006427	1
0006428	1
0006429	1
0006430	1
0006431	1
0006432	2
0006433	1
0006434	1
0006435	1
0006436	1
0006437	1
0006438	1
0006448	1
0006450	1
0006457	6
0006465	3
0006468	2
0006470	1
0006486	6
0006508	30
0006520	2
0006522	1
0006523	1
0006526	3
0006529	1
0006534	1
0006535	2
0006537	1
0006541	1
0006555	1
0006556	1
0006561	3
0006564	1
0006565	2
0006567	1
0006568	1
0006592	2
0006605	1
0006614	1
0006631	1
0006633	9
0006654	1
0006730	2
0006741	1
0006747	1
0006772	1
0006779	2
0006797	1
0006799	1
0006808	1
0006810	3
0006812	4
0006814	2
0006816	1
0006817	4
0006821	1
0006826	9
0006855	1
0006865	4
0006886	2
0006950	1
0007059	5
0007165	6
0008033	9
0008047	2
0008080	8
0008094	1
0008135	1
0008152	5
0008168	14
0008170	2
0008172	1
0008173	3
0008176	1
0008233	7
0008236	8
0008237	4
0008251	1
0008270	18
0008289	4
0008299	3
0008324	2
0008360	9
0008374	2
0008381	2
0008408	3
0008409	1
0008410	1
0008444	1
0008448	1
0008478	1
0008479	1
0008483	5
0008490	1
0008610	2
0008615	1
0008616	1
0008641	1
0008643	12
0008649	3
0008654	3
0008655	1
0008658	4
0008661	1
0008662	2
0008685	1
0008686	1
0008703	1
0008716	1
0008728	1
0008745	1
0008754	2
0008755	2
0008757	6
0008760	2
0008761	2
0008762	1
0008763	1
0008764	1
0008782	1
0008784	1
0008788	1
0008800	1
0008801	2
0008821	1
0008829	1
0008833	1
0008835	1
0008836	1
0008837	1
0008839	1
0008840	1
0008841	1
0008855	2
0008861	1
0008878	2
0008881	1
0008893	1
0008897	1
0008902	1
0008929	1
0008930	1
0008932	1
0008955	5
0008959	1
0008961	1
0008962	1
0008963	1
0008965	2
0008966	1
0008972	1
0008973	1
0008976	1
0008982	6
0008998	1
0008999	1
0009001	1
0009002	2
0009007	1
0009009	2
0009035	1
0009037	1
0009052	1
0009055	8
0009058	5
0009073	3
0009081	1
0009082	5
0009086	1
0009088	2
0009089	6
0009094	1
0009098	4
0009103	3
0009113	2
0009116	4
0009117	2
0009132	1
0009152	2
0009156	1
0009164	1
0009165	1
0009220	1
0009225	1
0009228	6
0009240	1
0009245	1
0009247	1
0009249	1
0009252	16
0009253	3
0009254	1
0009264	1
0009268	1
0009294	1
0009306	8
0009307	2
0009316	2
0009317	4
0009318	2
0009320	1
0009331	1
0009349	1
0009358	1
0009360	2
0009372	1
0009378	2
0009379	1
0009380	2
0009381	1
0009398	1
0009401	15
0009408	2
0009423	4
0009432	2
0009435	3
0009443	1
0009451	4
0009847	5
0009898	3
0009972	1
0009982	7
0010181	7
0015031	2
0015035	1
0015074	10
0015079	1
0015093	3
0015103	1
0015109	2
0015129	1
0015136	1
0015205	1
0015267	1
0015293	4
0015295	1
0015297	4
0015415	3
0015424	2
0015444	1
0015446	1
0015450	4
0015648	2
0015662	4
0015693	1
0015700	1
0015703	2
0015727	1
0015739	1
0015826	1
0015846	1
0015851	1
0015934	8
0015935	6
0015937	3
0015940	2
0015941	1
0015949	2
0015970	1
0016020	97
0016024	1
0016032	7
0016075	1
0016114	1
0016116	1
0016117	1
0016149	2
0016154	1
0016226	5
0016301	7
0016310	8
0016311	1
0016407	2
0016430	1
0016433	1
0016434	1
0016462	2
0016491	16
0016530	1
0016620	2
0016627	1
0016628	1
0016639	1
0016661	1
0016692	1
0016705	1
0016740	10
0016743	1
0016746	12
0016747	1
0016757	18
0016758	1
0016765	2
0016773	1
0016774	1
0016776	1
0016779	1
0016780	2
0016782	2
0016783	2
0016787	30
0016788	2
0016791	2
0016793	1
0016798	1
0016805	1
0016810	3
0016817	1
0016818	1
0016829	1
0016835	1
0016836	3
0016853	3
0016857	1
0016868	2
0016872	1
0016874	4
0016879	1
0016884	2
0016887	58
0016903	1
0016987	6
0016989	1
0016998	2
0017013	1
0017038	1
0017076	1
0017148	1
0017150	1
0018104	1
0018339	1
0018364	1
0018580	1
0019028	3
0019068	10
0019069	1
0019082	1
0019104	2
0019200	1
0019205	1
0019242	1
0019264	1
0019277	2
0019288	3
0019346	1
0019509	2
0019605	1
0019674	1
0019808	1
0019829	5
0019843	3
0020037	1
0022625	5
0022627	3
0022857	17
0022877	2
0022900	3
0030001	5
0030145	1
0030170	12
0030234	2
0030246	2
0030261	2
0030272	1
0030388	1
0030420	2
0030435	1
0030436	14
0030488	1
0030527	1
0030541	1
0030552	3
0030554	1
0030604	1
0030643	1
0030655	1
0030955	1
0030956	2
0030976	3
0030983	3
0031071	1
0031167	2
0031179	1
0031522	1
0032196	1
0032259	5
0032329	1
0032508	1
0032775	1
0032784	2
0032993	1
0033232	4
0033818	1
0033862	1
0033958	1
0034220	3
0034301	1
0034979	1
0035435	1
0035870	1
0036211	6
0036222	1
0042026	2
0042173	1
0042174	1
0042254	5
0042274	1
0042301	1
0042450	2
0042578	4
0042586	1
0042597	1
0042625	1
0042626	64
0042823	2
0042834	1
0042910	1
0043022	5
0043039	1
0043093	2
0043094	1
0043139	1
0043169	2
0043190	5
0043365	2
0043565	4
0043571	13
0043751	1
0043758	1
0043768	1
0043811	1
0043856	1
0043937	2
0043952	4
0044423	9
0045148	1
0045182	1
0045227	2
0045892	3
0045910	1
0045936	1
0046081	1
0046118	1
0046167	1
0046348	1
0046429	1
0046523	1
0046677	1
0046685	2
0046797	2
0046835	1
0046872	54
0046873	1
0046914	6
0046961	1
0046983	2
0047324	2
0047429	1
0047480	1
0047952	1
0048473	4
0048501	1
0050043	1
0050242	1
0050380	1
0050511	1
0050515	1
0050518	1
0050567	2
0050660	11
0050661	4
0050797	1
0050992	1
0051082	4
0051083	1
0051117	1
0051287	8
0051301	13
0051536	4
0051539	13
0051540	1
0051606	1
0051607	2
0051745	1
0051775	1
0051989	2
0052381	1
0052693	1
0052906	1
0052913	1
0052929	1
0055052	21
0055085	34
0061503	1
0061710	1
0061712	1
0061783	1
0065002	1
0065007	1
0065009	1
0070006	3
0070007	1
0070038	1
0070063	1
0070401	3
0070402	1
0070403	4
0070475	1
0070573	1
0070726	2
0070905	1
0071555	8
0071586	1
0071722	1
0071949	2
0071951	1
0071972	1
0072344	1
0072592	1
0090529	1
0090563	2
0090729	1
0097351	2
0097367	1
0110001	1
0120225	1
0140078	1
0140098	2
0140110	2
0140327	3
0140358	2
0140359	63
0140657	3
0140658	1
0140662	2
0140741	1
0140911	1
0141098	1
1901137	1
1902495	3
1903424	1
1903425	1
1904047	19
1990112	1
1990610	2
