0000015	2
0000034	1
0000035	1
0000036	1
0000041	1
0000049	2
0000098	2
0000103	3
0000104	2
0000105	10
0000107	2
0000150	1
0000155	20
0000156	25
0000160	49
0000162	8
0000166	45
0000175	2
0000179	1
0000210	1
0000255	1
0000256	2
0000270	2
0000271	8
0000272	1
0000286	1
0000287	27
0000310	1
0000311	1
0000314	3
0000315	3
0000373	4
0000451	1
0000774	1
0000902	2
0000906	2
0000910	5
0000917	1
0000918	2
0000976	2
0001216	10
0001510	3
0001522	14
0001530	1
0001539	5
0001671	1
0002098	2
0002100	1
0002143	1
0002161	2
0002943	1
0002949	3
0003676	29
0003677	252
0003678	8
0003684	5
0003688	1
0003690	1
0003697	4
0003700	161
0003723	40
0003724	3
0003725	2
0003729	1
0003735	55
0003743	4
0003746	8
0003747	2
0003755	10
0003756	1
0003774	5
0003824	80
0003842	1
0003848	3
0003849	1
0003852	2
0003855	3
0003856	1
0003858	1
0003861	4
0003862	1
0003864	1
0003866	1
0003868	2
0003871	1
0003879	1
0003882	1
0003883	1
0003887	8
0003899	6
0003906	1
0003908	1
0003910	1
0003911	1
0003913	1
0003916	1
0003917	2
0003918	4
0003919	1
0003922	1
0003924	21
0003933	1
0003934	2
0003935	2
0003937	1
0003938	1
0003941	3
0003942	1
0003949	1
0003951	1
0003952	1
0003954	1
0003955	1
0003957	1
0003964	4
0003977	1
0003978	2
0003983	1
0003984	1
0003985	2
0003987	1
0003988	1
0003989	4
0003991	1
0003994	2
0003995	3
0003999	1
0004014	1
0004015	1
0004017	1
0004018	1
0004019	1
0004022	3
0004030	3
0004037	2
0004042	1
0004044	1
0004045	2
0004047	1
0004048	1
0004049	2
0004055	1
0004056	1
0004057	1
0004061	1
0004066	2
0004067	2
0004070	1
0004072	1
0004073	2
0004075	1
0004076	1
0004077	1
0004084	1
0004088	1
0004089	1
0004096	1
0004107	1
0004108	3
0004109	1
0004112	1
0004124	2
0004127	1
0004129	8
0004130	1
0004140	1
0004141	1
0004143	1
0004146	1
0004148	1
0004149	1
0004150	2
0004151	1
0004152	1
0004156	1
0004157	2
0004160	1
0004163	1
0004170	1
0004175	1
0004176	4
0004177	5
0004180	1
0004181	2
0004190	4
0004197	1
0004222	10
0004252	10
0004298	1
0004314	1
0004315	2
0004316	1
0004318	2
0004322	3
0004324	1
0004325	1
0004326	1
0004332	2
0004333	1
0004334	1
0004340	1
0004342	1
0004345	1
0004347	2
0004349	1
0004350	1
0004352	4
0004356	5
0004357	1
0004358	1
0004359	1
0004360	1
0004362	1
0004363	1
0004364	3
0004366	1
0004368	1
0004370	1
0004372	3
0004375	2
0004385	1
0004386	5
0004397	1
0004399	1
0004400	2
0004411	1
0004412	1
0004413	1
0004416	1
0004418	1
0004421	1
0004424	1
0004425	1
0004427	1
0004450	2
0004451	1
0004452	1
0004455	1
0004456	1
0004462	1
0004474	2
0004478	1
0004479	1
0004488	2
0004489	1
0004496	1
0004497	8
0004505	1
0004514	1
0004518	5
0004519	4
0004520	1
0004521	2
0004523	2
0004525	1
0004526	1
0004527	2
0004529	1
0004536	2
0004540	4
0004550	1
0004553	1
0004585	1
0004588	1
0004590	1
0004591	1
0004592	1
0004594	1
0004595	1
0004601	1
0004602	2
0004604	1
0004609	1
0004611	1
0004618	1
0004619	1
0004632	1
0004633	1
0004634	2
0004635	1
0004636	1
0004637	1
0004638	2
0004639	1
0004640	1
0004641	1
0004642	1
0004643	1
0004644	2
0004648	1
0004654	1
0004655	1
0004657	1
0004659	1
0004664	2
0004672	4
0004673	17
0004674	3
0004719	1
0004722	3
0004725	1
0004733	1
0004735	1
0004738	2
0004742	1
0004743	4
0004748	1
0004749	1
0004750	1
0004751	1
0004764	3
0004781	2
0004784	1
0004789	1
0004791	1
0004792	1
0004793	1
0004794	1
0004795	1
0004798	1
0004799	1
0004801	2
0004802	3
0004803	55
0004807	2
0004808	1
0004812	4
0004813	1
0004814	1
0004817	1
0004818	1
0004819	1
0004820	2
0004821	1
0004822	1
0004823	1
0004824	2
0004825	1
0004826	2
0004827	1
0004828	1
0004829	1
0004830	1
0004831	1
0004832	1
0004833	2
0004834	4
0004844	1
0004845	1
0004851	1
0004852	1
0004853	1
0004854	2
0004856	1
0004857	1
0005047	1
0005048	1
0005198	6
0005215	18
0005216	3
0005247	1
0005267	2
0005283	3
0005298	1
0005315	1
0005319	1
0005344	4
0005375	1
0005385	1
0005436	1
0005506	15
0005507	3
0005515	31
0005524	287
0005525	38
0005536	1
0005576	2
0005694	3
0005737	60
0005739	1
0005829	9
0005840	31
0005854	1
0005886	159
0005960	3
0005975	24
0005997	1
0006002	1
0006006	6
0006011	1
0006012	2
0006015	2
0006040	1
0006044	2
0006047	1
0006048	1
0006064	1
0006072	3
0006082	1
0006086	2
0006089	2
0006090	1
0006094	6
0006096	18
0006097	2
0006098	5
0006099	16
0006106	1
0006108	1
0006109	1
0006116	1
0006120	1
0006139	2
0006144	1
0006146	1
0006147	1
0006163	1
0006164	3
0006168	1
0006177	1
0006188	1
0006189	6
0006203	1
0006207	3
0006221	2
0006222	1
0006226	1
0006229	1
0006231	1
0006233	1
0006241	1
0006259	1
0006260	17
0006261	2
0006265	6
0006269	1
0006270	2
0006275	1
0006281	31
0006282	1
0006284	4
0006285	1
0006289	3
0006298	2
0006302	2
0006304	2
0006306	1
0006308	2
0006310	31
0006313	5
0006351	10
0006352	8
0006353	3
0006354	1
0006355	194
0006364	13
0006396	8
0006400	10
0006402	2
0006412	59
0006413	4
0006414	7
0006415	4
0006417	1
0006418	2
0006419	1
0006420	1
0006423	1
0006424	3
0006425	1
0006426	2
0006427	1
0006428	1
0006429	1
0006430	2
0006431	1
0006432	2
0006433	1
0006434	1
0006435	1
0006436	1
0006437	1
0006438	1
0006450	1
0006457	14
0006465	1
0006468	5
0006470	4
0006486	9
0006508	41
0006520	9
0006522	1
0006526	6
0006527	3
0006529	2
0006534	1
0006535	3
0006537	1
0006541	3
0006542	4
0006546	1
0006547	1
0006548	2
0006555	1
0006556	1
0006559	7
0006561	3
0006564	2
0006567	2
0006568	1
0006569	3
0006572	6
0006574	1
0006592	3
0006601	1
0006605	3
0006614	1
0006629	6
0006631	7
0006633	15
0006654	2
0006662	2
0006730	1
0006740	1
0006741	1
0006744	5
0006749	9
0006750	3
0006751	1
0006760	2
0006772	1
0006777	8
0006779	4
0006780	1
0006782	1
0006783	2
0006790	4
0006796	2
0006799	1
0006801	1
0006808	2
0006810	32
0006812	9
0006813	1
0006814	15
0006817	7
0006821	1
0006824	1
0006825	1
0006829	2
0006855	4
0006865	15
0006869	1
0006879	3
0006886	3
0006935	3
0006950	1
0006979	2
0007030	1
0007059	2
0007155	2
0007165	17
0008033	14
0008080	7
0008081	3
0008094	1
0008097	1
0008113	1
0008115	1
0008121	2
0008127	1
0008134	6
0008135	1
0008137	4
0008146	2
0008152	16
0008153	1
0008168	20
0008170	2
0008171	1
0008173	4
0008176	1
0008177	1
0008186	1
0008194	1
0008198	2
0008199	4
0008219	1
0008233	11
0008236	6
0008237	2
0008251	1
0008252	1
0008270	27
0008276	1
0008289	6
0008295	2
0008299	3
0008310	1
0008311	1
0008320	1
0008324	5
0008336	1
0008360	6
0008373	1
0008374	1
0008379	3
0008381	5
0008408	5
0008409	1
0008410	3
0008412	1
0008413	1
0008417	1
0008441	2
0008442	1
0008444	1
0008448	1
0008460	1
0008479	1
0008483	6
0008484	3
0008495	1
0008519	1
0008534	1
0008535	3
0008610	6
0008615	4
0008616	4
0008641	2
0008643	66
0008649	2
0008652	2
0008653	1
0008654	6
0008658	4
0008661	1
0008664	2
0008666	1
0008674	1
0008676	1
0008679	2
0008681	1
0008684	2
0008686	1
0008690	1
0008691	1
0008696	1
0008703	1
0008705	1
0008710	1
0008716	1
0008718	1
0008721	1
0008725	2
0008728	1
0008730	1
0008734	1
0008740	1
0008743	1
0008745	2
0008750	1
0008752	1
0008753	2
0008754	1
0008755	1
0008757	13
0008760	1
0008761	3
0008762	1
0008763	1
0008764	1
0008770	1
0008772	1
0008773	3
0008777	1
0008780	1
0008782	1
0008783	1
0008784	1
0008791	1
0008794	1
0008797	2
0008802	2
0008803	1
0008808	1
0008812	2
0008813	1
0008817	2
0008821	1
0008824	1
0008829	1
0008830	1
0008831	1
0008832	1
0008835	1
0008836	1
0008837	1
0008839	1
0008840	1
0008854	3
0008855	2
0008863	1
0008864	2
0008867	1
0008869	1
0008879	1
0008881	1
0008882	1
0008883	1
0008887	1
0008889	1
0008890	1
0008892	1
0008893	1
0008897	2
0008899	2
0008902	1
0008914	1
0008915	1
0008924	1
0008927	3
0008929	1
0008930	1
0008932	1
0008933	2
0008939	1
0008941	1
0008942	2
0008948	2
0008955	3
0008961	1
0008963	1
0008964	1
0008966	1
0008967	1
0008972	1
0008976	1
0008977	1
0008982	2
0008986	1
0008987	1
0008988	2
0008990	1
0008995	1
0008999	1
0009001	1
0009002	4
0009009	2
0009014	1
0009015	1
0009016	1
0009022	1
0009027	2
0009028	1
0009029	1
0009030	1
0009039	2
0009052	1
0009055	33
0009056	1
0009058	9
0009060	2
0009061	1
0009063	1
0009073	6
0009081	1
0009082	4
0009086	7
0009088	3
0009089	8
0009094	2
0009097	2
0009098	6
0009102	5
0009103	1
0009107	3
0009113	2
0009115	3
0009116	5
0009117	2
0009132	2
0009146	2
0009152	4
0009156	1
0009164	1
0009165	1
0009190	8
0009220	1
0009225	1
0009228	7
0009236	8
0009243	1
0009244	3
0009245	8
0009246	3
0009249	3
0009250	1
0009252	21
0009253	3
0009254	1
0009255	1
0009263	1
0009271	1
0009274	2
0009279	17
0009288	5
0009289	1
0009290	1
0009294	1
0009295	1
0009297	5
0009306	11
0009307	2
0009310	4
0009316	4
0009317	5
0009318	2
0009320	1
0009326	3
0009331	2
0009338	3
0009340	1
0009349	2
0009358	1
0009360	3
0009368	2
0009376	2
0009378	2
0009379	1
0009380	2
0009381	1
0009396	6
0009399	1
0009401	1
0009403	1
0009408	2
0009423	5
0009424	2
0009425	2
0009426	1
0009427	1
0009428	2
0009431	2
0009432	6
0009435	6
0009436	2
0009439	1
0009446	1
0009451	10
0009691	1
0009898	5
0009966	4
0009975	4
0009982	14
0010124	13
0010133	1
0010136	1
0010181	22
0010308	1
0010309	1
0010340	1
0010468	1
0010945	1
0010974	1
0015031	9
0015035	8
0015036	4
0015074	8
0015075	1
0015078	5
0015079	1
0015081	2
0015087	1
0015095	2
0015098	2
0015103	5
0015109	1
0015112	3
0015113	1
0015116	1
0015136	1
0015150	1
0015153	1
0015159	1
0015171	3
0015204	1
0015205	5
0015209	1
0015220	1
0015221	4
0015232	3
0015252	2
0015267	1
0015288	7
0015291	2
0015293	7
0015297	7
0015343	2
0015379	1
0015385	3
0015415	2
0015416	5
0015420	1
0015424	1
0015450	3
0015501	1
0015535	1
0015562	11
0015616	1
0015627	7
0015628	12
0015633	1
0015658	1
0015671	1
0015689	3
0015693	2
0015697	1
0015703	1
0015706	1
0015707	1
0015716	8
0015739	1
0015740	40
0015756	1
0015762	1
0015774	1
0015803	4
0015813	1
0015824	1
0015833	1
0015840	5
0015846	3
0015851	5
0015871	2
0015886	2
0015888	1
0015889	1
0015891	4
0015914	1
0015920	4
0015930	1
0015934	8
0015935	6
0015937	3
0015940	3
0015941	1
0015942	2
0015949	2
0015969	2
0015976	1
0015977	1
0015986	8
0015990	3
0016020	401
0016034	2
0016042	1
0016051	1
0016052	3
0016070	1
0016114	1
0016116	1
0016117	1
0016126	1
0016149	1
0016151	6
0016152	1
0016153	1
0016159	1
0016192	1
0016208	1
0016226	12
0016301	5
0016310	9
0016311	2
0016410	2
0016430	1
0016432	1
0016433	1
0016434	1
0016436	1
0016462	2
0016491	117
0016530	1
0016531	1
0016597	1
0016598	1
0016614	1
0016615	1
0016616	15
0016620	8
0016624	2
0016627	5
0016628	1
0016639	2
0016645	1
0016646	2
0016647	1
0016651	3
0016655	8
0016661	1
0016667	1
0016682	1
0016684	1
0016701	1
0016703	2
0016705	4
0016706	3
0016709	3
0016722	2
0016740	15
0016746	19
0016747	10
0016755	1
0016757	17
0016758	1
0016763	1
0016765	4
0016772	3
0016773	1
0016774	1
0016776	3
0016779	4
0016780	4
0016782	2
0016783	5
0016787	85
0016788	5
0016790	10
0016791	7
0016798	1
0016799	2
0016810	11
0016811	2
0016812	2
0016817	3
0016818	2
0016823	1
0016829	9
0016830	2
0016831	4
0016832	2
0016833	1
0016836	4
0016846	4
0016853	10
0016857	2
0016861	1
0016866	3
0016868	1
0016874	6
0016879	1
0016881	2
0016884	1
0016887	102
0016896	1
0016901	1
0016987	9
0016989	1
0016992	2
0017000	4
0017003	1
0017004	8
0017013	1
0017038	2
0017057	1
0017076	1
0017148	1
0017150	3
0017168	4
0018104	2
0018149	1
0018189	5
0018364	2
0018454	1
0018467	1
0018576	1
0018578	2
0018618	2
0018659	1
0018738	2
0018835	2
0019104	3
0019120	1
0019134	1
0019171	2
0019172	1
0019200	4
0019213	1
0019242	1
0019243	1
0019264	3
0019277	1
0019281	1
0019285	4
0019287	2
0019290	2
0019301	1
0019305	4
0019310	5
0019346	2
0019354	1
0019379	1
0019427	1
0019430	1
0019441	3
0019464	5
0019475	3
0019491	2
0019509	5
0019529	1
0019538	1
0019556	2
0019557	1
0019580	2
0019615	1
0019619	3
0019627	4
0019629	2
0019632	3
0019634	4
0019636	1
0019646	1
0019679	3
0019700	3
0019752	1
0019808	3
0019825	5
0019829	2
0019835	1
0019843	3
0019856	1
0019867	9
0019899	1
0020037	33
0022625	5
0022627	3
0022857	196
0022900	5
0022904	3
0030001	4
0030058	4
0030091	2
0030145	2
0030151	3
0030163	2
0030170	32
0030234	2
0030246	3
0030253	1
0030261	1
0030272	1
0030288	10
0030429	1
0030488	2
0030527	3
0030552	7
0030554	9
0030643	1
0030694	2
0030697	1
0030955	4
0030956	2
0030964	1
0030975	1
0030976	8
0030983	2
0031071	2
0031167	3
0031267	1
0031317	92
0031402	1
0031418	1
0031419	2
0031460	1
0031522	2
0031992	1
0032049	1
0032150	1
0032196	1
0032259	11
0032297	1
0032300	1
0032363	1
0032784	5
0032955	1
0032977	1
0032993	6
0033014	3
0033219	1
0033221	5
0033265	1
0033286	4
0033288	4
0033294	1
0033295	1
0033296	1
0033308	4
0033617	1
0033711	1
0033739	1
0033744	1
0033816	1
0033819	1
0033856	1
0033862	1
0033863	1
0033890	1
0033958	1
0033971	1
0034194	1
0034204	1
0034220	5
0034702	1
0035438	5
0035550	1
0035556	8
0035870	1
0035991	1
0036065	1
0036211	7
0036222	1
0036374	1
0036424	1
0038023	2
0042026	2
0042128	1
0042132	1
0042158	1
0042178	1
0042254	6
0042273	1
0042274	1
0042286	1
0042450	2
0042578	1
0042586	1
0042597	33
0042619	2
0042626	134
0042773	3
0042780	1
0042802	14
0042803	2
0042834	2
0042853	1
0042884	1
0042908	4
0042910	4
0042919	1
0042925	1
0042952	2
0042953	4
0043022	6
0043039	2
0043043	1
0043093	3
0043107	2
0043115	1
0043138	1
0043165	1
0043168	1
0043190	20
0043213	1
0043225	1
0043295	3
0043335	1
0043419	1
0043546	3
0043565	27
0043571	12
0043633	1
0043639	1
0043683	7
0043687	3
0043720	3
0043743	1
0043752	1
0043773	1
0043811	1
0043814	1
0043824	1
0043856	2
0043867	1
0043874	1
0043952	3
0043953	1
0044183	1
0044205	1
0044238	1
0044341	1
0044423	1
0044571	2
0044780	9
0044781	2
0044874	2
0044877	1
0045239	1
0045252	1
0045254	3
0045259	4
0045271	1
0045273	2
0045275	1
0045277	1
0045329	1
0045340	2
0045454	3
0045861	2
0045892	7
0045893	2
0045900	1
0045927	1
0045936	1
0046081	1
0046118	1
0046168	1
0046177	1
0046209	1
0046278	2
0046292	1
0046294	2
0046316	1
0046392	1
0046395	2
0046416	1
0046421	1
0046449	1
0046522	1
0046523	1
0046653	1
0046654	3
0046656	1
0046677	4
0046685	1
0046689	2
0046820	2
0046872	155
0046873	1
0046933	5
0046983	2
0047134	1
0047304	1
0047307	1
0047400	1
0047429	2
0047448	1
0047456	1
0047475	2
0047480	1
0047547	1
0047559	1
0047570	1
0047617	1
0047632	1
0047661	2
0047789	1
0047804	1
0047834	2
0047952	1
0048038	5
0048039	1
0048472	1
0048501	1
0048502	1
0050112	1
0050114	2
0050129	1
0050136	6
0050311	2
0050334	1
0050380	1
0050415	1
0050421	1
0050440	1
0050446	1
0050480	1
0050487	1
0050511	1
0050567	2
0050570	1
0050660	40
0050661	19
0050787	1
0051073	1
0051082	8
0051083	1
0051087	3
0051119	1
0051139	2
0051156	1
0051213	1
0051262	1
0051266	1
0051287	30
0051301	11
0051304	1
0051409	1
0051470	4
0051536	27
0051537	15
0051539	26
0051540	1
0051596	1
0051603	1
0051604	3
0051782	2
0051903	2
0051920	5
0051989	1
0052381	1
0052621	11
0052689	2
0052693	1
0052873	1
0052906	1
0052913	1
0055052	36
0055085	170
0055130	1
0061024	1
0061077	1
0061542	1
0061599	1
0061603	1
0061710	2
0061799	1
0065003	2
0070006	5
0070063	3
0070069	1
0070085	1
0070401	1
0070403	22
0070475	2
0070573	2
0070733	1
0070905	2
0070967	2
0070968	1
0071111	8
0071268	1
0071522	1
0071555	6
0071577	1
0071704	1
0071705	12
0071709	1
0071805	2
0071918	1
0071949	14
0071951	1
0071972	2
0071973	12
0072488	1
0075713	1
0089714	2
0090729	1
0097163	1
0097266	1
0097347	1
0097351	1
0097367	3
0097588	1
0098003	1
0098024	1
0098567	2
0098662	4
0098847	1
0101006	1
0103117	1
0103118	1
0106141	1
0106361	1
0110001	3
0110142	1
0120225	4
0140078	1
0140098	1
0140110	3
0140327	1
0140358	2
0140359	137
0140658	3
0140662	4
0140741	1
0141014	1
0141098	1
0160105	1
1900727	1
1901135	1
1901137	1
1901891	1
1902495	2
1902600	7
1903424	1
1903425	1
1904047	23
1905887	3
1990107	1
1990229	1
1990586	1
1990610	1
1990817	1
1990961	1
