0000015	1
0000027	1
0000034	1
0000041	1
0000049	2
0000062	1
0000098	1
0000103	4
0000104	3
0000105	8
0000107	2
0000118	1
0000150	5
0000155	27
0000156	25
0000160	61
0000162	5
0000166	32
0000175	2
0000179	1
0000210	1
0000270	3
0000271	10
0000272	3
0000286	1
0000287	22
0000302	1
0000311	1
0000314	3
0000315	3
0000413	1
0000451	1
0000774	1
0000902	2
0000906	1
0000910	6
0000917	2
0000918	2
0000921	1
0000976	2
0001072	1
0001171	1
0001216	20
0001510	3
0001522	12
0001530	1
0001539	9
0001680	1
0001727	1
0002098	3
0002100	1
0002143	2
0002161	2
0002943	2
0002949	3
0002953	1
0003333	5
0003676	30
0003677	214
0003678	7
0003680	1
0003684	5
0003688	1
0003697	4
0003700	133
0003723	43
0003724	4
0003725	2
0003729	2
0003735	55
0003743	3
0003746	8
0003747	3
0003755	9
0003774	9
0003824	37
0003841	1
0003842	1
0003844	1
0003848	2
0003849	1
0003852	1
0003855	1
0003856	1
0003857	2
0003861	2
0003862	1
0003864	1
0003866	1
0003868	1
0003871	2
0003879	1
0003883	1
0003886	1
0003887	10
0003899	6
0003906	2
0003908	1
0003910	1
0003911	1
0003916	3
0003917	3
0003918	4
0003919	1
0003920	1
0003922	1
0003924	17
0003934	1
0003935	3
0003937	1
0003938	1
0003941	2
0003942	1
0003949	1
0003951	1
0003952	1
0003954	1
0003955	1
0003957	1
0003977	1
0003978	2
0003983	1
0003984	2
0003985	1
0003987	1
0003988	2
0003989	4
0003991	1
0003994	1
0003995	1
0003998	1
0003999	1
0004000	1
0004015	1
0004017	1
0004018	1
0004019	2
0004020	1
0004022	4
0004029	1
0004034	1
0004035	2
0004040	1
0004042	1
0004044	1
0004045	2
0004047	1
0004048	1
0004049	2
0004055	1
0004056	1
0004057	1
0004065	3
0004066	1
0004067	3
0004070	1
0004072	2
0004073	2
0004075	2
0004076	1
0004077	1
0004084	1
0004088	1
0004089	3
0004096	2
0004106	1
0004107	1
0004108	1
0004109	2
0004112	1
0004115	1
0004124	1
0004126	1
0004127	1
0004129	6
0004130	1
0004133	1
0004134	1
0004139	1
0004140	1
0004141	1
0004143	2
0004146	1
0004148	1
0004149	1
0004150	1
0004151	1
0004152	1
0004156	1
0004160	1
0004165	1
0004174	2
0004176	6
0004177	3
0004181	6
0004185	1
0004190	3
0004222	12
0004252	18
0004298	1
0004300	1
0004309	1
0004314	1
0004315	4
0004316	1
0004318	2
0004322	1
0004324	1
0004325	2
0004326	1
0004329	1
0004332	1
0004333	1
0004335	1
0004342	1
0004345	1
0004347	1
0004349	1
0004350	1
0004352	1
0004356	1
0004357	1
0004359	2
0004360	1
0004362	2
0004363	1
0004364	1
0004366	1
0004368	1
0004370	1
0004371	1
0004372	2
0004375	1
0004385	1
0004386	4
0004397	1
0004399	1
0004400	1
0004401	1
0004407	1
0004412	1
0004413	1
0004416	1
0004417	1
0004418	1
0004424	1
0004425	1
0004427	2
0004450	1
0004451	1
0004452	1
0004455	1
0004456	1
0004457	1
0004462	2
0004467	1
0004470	1
0004471	1
0004474	1
0004476	2
0004478	1
0004479	1
0004488	1
0004489	1
0004497	6
0004505	1
0004514	1
0004516	1
0004518	5
0004519	6
0004523	4
0004525	1
0004526	1
0004527	3
0004529	1
0004534	1
0004536	3
0004540	3
0004550	1
0004553	10
0004555	1
0004556	1
0004557	1
0004558	1
0004563	1
0004564	1
0004565	1
0004568	1
0004585	1
0004586	1
0004588	1
0004590	1
0004591	1
0004592	1
0004594	1
0004595	1
0004601	3
0004602	1
0004604	1
0004609	1
0004612	1
0004614	1
0004616	1
0004618	1
0004619	1
0004632	1
0004633	1
0004634	1
0004635	1
0004636	1
0004637	1
0004638	2
0004639	1
0004640	1
0004641	1
0004642	1
0004643	1
0004644	2
0004648	1
0004654	1
0004655	1
0004657	1
0004664	1
0004665	1
0004672	2
0004673	16
0004674	5
0004719	1
0004721	3
0004722	2
0004725	1
0004730	1
0004731	3
0004733	1
0004735	1
0004738	1
0004739	1
0004742	1
0004743	2
0004747	1
0004748	1
0004749	1
0004750	1
0004751	1
0004764	1
0004767	1
0004781	1
0004783	2
0004784	2
0004789	1
0004791	1
0004792	1
0004794	1
0004795	1
0004797	1
0004798	1
0004801	1
0004802	2
0004803	1
0004807	1
0004808	2
0004810	1
0004812	4
0004813	2
0004814	1
0004815	1
0004816	1
0004817	1
0004818	1
0004819	1
0004820	2
0004821	1
0004822	1
0004823	1
0004824	1
0004825	1
0004826	2
0004827	1
0004828	1
0004829	1
0004830	2
0004831	2
0004832	1
0004834	3
0004844	1
0004845	1
0004849	1
0004851	3
0004852	1
0004853	1
0004857	1
0004869	1
0004888	7
0005047	1
0005048	1
0005198	11
0005215	15
0005216	3
0005247	1
0005267	3
0005272	1
0005283	3
0005298	1
0005315	1
0005337	3
0005344	1
0005351	1
0005375	1
0005436	1
0005488	4
0005506	10
0005507	4
0005509	4
0005515	46
0005524	269
0005525	52
0005542	1
0005543	1
0005576	9
0005694	3
0005737	66
0005829	5
0005840	33
0005854	1
0005886	102
0005960	1
0005975	33
0005978	3
0005980	1
0005983	1
0005991	3
0006002	1
0006006	4
0006007	1
0006011	1
0006012	5
0006014	1
0006015	1
0006040	1
0006044	2
0006047	1
0006048	1
0006066	1
0006068	1
0006071	3
0006072	3
0006081	1
0006085	1
0006086	2
0006089	2
0006090	1
0006094	6
0006096	9
0006097	1
0006098	5
0006099	12
0006106	1
0006109	1
0006116	1
0006139	4
0006146	1
0006163	1
0006164	4
0006166	1
0006168	1
0006177	1
0006188	1
0006189	5
0006203	1
0006207	4
0006213	1
0006221	2
0006222	1
0006223	1
0006233	1
0006241	1
0006260	19
0006261	3
0006265	7
0006269	1
0006270	2
0006275	1
0006281	26
0006284	5
0006289	3
0006298	2
0006302	2
0006304	3
0006308	1
0006310	33
0006351	9
0006352	5
0006353	3
0006354	1
0006355	189
0006364	13
0006396	9
0006397	1
0006400	16
0006401	1
0006402	2
0006412	59
0006413	3
0006414	8
0006415	5
0006417	1
0006418	2
0006419	2
0006420	1
0006421	1
0006422	1
0006423	1
0006424	1
0006425	1
0006426	2
0006427	1
0006428	1
0006429	1
0006430	1
0006431	1
0006432	2
0006433	1
0006434	1
0006435	1
0006436	2
0006437	2
0006438	1
0006457	11
0006465	2
0006468	2
0006470	3
0006482	1
0006486	12
0006508	64
0006520	8
0006522	2
0006526	4
0006527	3
0006528	1
0006529	1
0006535	2
0006537	3
0006541	3
0006542	1
0006546	1
0006547	1
0006548	2
0006556	1
0006559	3
0006561	3
0006564	2
0006567	1
0006568	1
0006571	1
0006572	2
0006574	2
0006591	1
0006592	2
0006596	1
0006605	4
0006614	1
0006629	8
0006631	3
0006633	17
0006635	2
0006636	1
0006637	1
0006654	3
0006662	2
0006729	1
0006730	1
0006744	11
0006749	6
0006750	4
0006751	2
0006760	1
0006772	1
0006777	8
0006779	5
0006780	1
0006783	2
0006790	3
0006793	1
0006796	1
0006798	1
0006799	1
0006801	3
0006808	2
0006810	20
0006811	4
0006812	8
0006813	5
0006814	13
0006817	10
0006821	1
0006825	1
0006826	2
0006829	2
0006833	1
0006855	3
0006865	25
0006879	2
0006884	1
0006885	1
0006886	4
0006935	30
0006950	2
0006979	7
0007059	5
0007154	1
0007155	4
0007165	48
0008033	9
0008061	1
0008080	39
0008081	5
0008094	1
0008108	1
0008113	2
0008119	1
0008121	2
0008124	1
0008127	1
0008134	5
0008135	1
0008137	1
0008152	12
0008153	1
0008168	21
0008170	1
0008171	1
0008173	3
0008175	1
0008176	1
0008177	1
0008186	1
0008198	2
0008199	4
0008233	5
0008234	1
0008236	8
0008237	9
0008251	1
0008252	1
0008253	2
0008270	39
0008276	1
0008289	3
0008295	2
0008299	5
0008310	1
0008311	1
0008320	1
0008324	5
0008360	8
0008374	1
0008381	3
0008408	6
0008409	1
0008412	1
0008428	1
0008441	1
0008442	2
0008444	2
0008448	1
0008460	1
0008478	1
0008479	1
0008483	4
0008490	1
0008495	2
0008519	1
0008534	1
0008535	2
0008610	6
0008615	5
0008616	4
0008641	2
0008643	13
0008649	3
0008652	4
0008653	1
0008654	8
0008658	4
0008661	1
0008662	1
0008663	1
0008666	1
0008676	2
0008677	1
0008681	1
0008685	1
0008686	2
0008690	2
0008692	2
0008696	1
0008703	1
0008705	1
0008706	1
0008710	1
0008712	1
0008716	1
0008718	1
0008720	3
0008721	1
0008725	2
0008728	1
0008734	1
0008743	1
0008745	1
0008750	1
0008752	2
0008753	2
0008754	1
0008755	1
0008756	1
0008757	11
0008758	1
0008760	1
0008761	1
0008762	1
0008763	1
0008764	1
0008770	1
0008773	4
0008776	1
0008780	1
0008782	1
0008783	1
0008784	2
0008785	1
0008788	1
0008791	1
0008792	1
0008794	1
0008795	1
0008797	1
0008798	1
0008800	4
0008802	1
0008803	1
0008808	1
0008812	1
0008813	1
0008817	2
0008821	1
0008832	1
0008835	2
0008836	1
0008837	1
0008839	1
0008840	1
0008851	1
0008854	3
0008855	1
0008859	1
0008861	1
0008863	2
0008864	1
0008878	2
0008879	1
0008881	1
0008882	1
0008883	1
0008887	1
0008888	1
0008890	1
0008893	1
0008894	1
0008897	1
0008899	1
0008902	1
0008909	1
0008914	1
0008915	1
0008920	1
0008926	1
0008929	1
0008930	1
0008932	1
0008933	3
0008934	1
0008935	1
0008939	1
0008940	1
0008941	1
0008942	3
0008948	1
0008955	2
0008961	1
0008962	1
0008963	1
0008964	1
0008965	1
0008966	1
0008967	1
0008968	2
0008972	1
0008973	1
0008974	1
0008976	2
0008977	1
0008982	11
0008984	1
0008986	1
0008987	1
0008988	2
0008990	2
0008995	1
0008998	1
0008999	1
0009001	1
0009002	1
0009007	1
0009009	2
0009014	1
0009017	1
0009022	1
0009029	1
0009030	1
0009032	1
0009035	1
0009052	1
0009055	37
0009058	9
0009060	2
0009061	5
0009062	1
0009067	1
0009073	6
0009081	1
0009082	4
0009086	5
0009088	4
0009089	7
0009094	1
0009097	2
0009098	3
0009102	6
0009103	4
0009107	2
0009113	2
0009116	1
0009117	5
0009132	4
0009143	1
0009146	2
0009152	4
0009156	1
0009164	1
0009165	1
0009166	3
0009168	1
0009220	1
0009225	1
0009228	10
0009231	2
0009234	6
0009235	1
0009236	5
0009240	1
0009244	3
0009245	6
0009246	2
0009249	3
0009252	17
0009253	1
0009254	4
0009255	1
0009263	1
0009264	1
0009271	1
0009274	2
0009276	5
0009279	36
0009288	8
0009289	1
0009290	1
0009291	1
0009292	1
0009294	1
0009295	1
0009297	4
0009306	15
0009307	3
0009313	1
0009316	2
0009317	5
0009318	1
0009320	1
0009325	1
0009326	3
0009330	1
0009331	1
0009337	2
0009338	3
0009340	1
0009347	1
0009349	1
0009358	1
0009360	2
0009368	2
0009372	1
0009376	2
0009378	2
0009379	1
0009380	2
0009381	1
0009396	5
0009399	1
0009401	20
0009403	1
0009408	2
0009421	1
0009423	2
0009424	4
0009425	1
0009426	2
0009427	1
0009428	4
0009431	4
0009432	4
0009435	5
0009443	1
0009451	6
0009486	4
0009750	1
0009897	1
0009898	5
0009927	2
0009966	9
0009972	1
0009975	9
0009982	11
0009986	1
0010038	2
0010124	1
0010133	1
0010181	21
0010340	1
0010466	1
0010608	1
0010945	1
0010974	1
0015031	15
0015035	9
0015036	5
0015074	13
0015078	5
0015079	3
0015081	1
0015093	1
0015095	3
0015098	2
0015103	4
0015109	1
0015116	1
0015129	2
0015136	1
0015144	2
0015159	2
0015169	1
0015171	4
0015205	3
0015209	1
0015220	1
0015221	3
0015232	4
0015250	1
0015252	4
0015267	9
0015288	19
0015291	1
0015293	14
0015295	1
0015297	12
0015343	2
0015379	1
0015385	3
0015415	5
0015420	1
0015424	4
0015440	1
0015450	4
0015473	1
0015496	1
0015499	2
0015501	2
0015503	1
0015556	2
0015562	15
0015572	1
0015574	1
0015627	14
0015628	19
0015633	1
0015645	1
0015658	2
0015663	1
0015671	1
0015689	3
0015693	3
0015697	1
0015700	1
0015703	1
0015724	2
0015727	1
0015739	1
0015740	6
0015771	1
0015774	3
0015794	1
0015803	4
0015813	2
0015822	1
0015824	1
0015826	1
0015833	6
0015846	1
0015847	1
0015851	3
0015871	1
0015886	2
0015888	3
0015889	2
0015890	1
0015891	11
0015914	1
0015920	3
0015930	3
0015934	8
0015935	6
0015937	4
0015940	4
0015941	1
0015942	2
0015949	2
0015969	2
0015974	1
0015976	3
0015977	1
0015986	8
0015990	4
0016020	414
0016034	1
0016042	3
0016051	1
0016052	1
0016070	1
0016114	1
0016149	2
0016153	1
0016208	1
0016209	1
0016226	11
0016298	1
0016301	8
0016310	17
0016311	3
0016407	6
0016410	2
0016413	2
0016421	1
0016430	1
0016432	3
0016434	1
0016436	1
0016462	2
0016491	70
0016531	1
0016597	1
0016598	1
0016614	1
0016616	2
0016620	7
0016627	3
0016628	1
0016638	1
0016639	1
0016655	7
0016661	1
0016682	4
0016702	1
0016703	1
0016705	3
0016706	1
0016709	2
0016717	1
0016722	1
0016731	1
0016740	5
0016742	1
0016746	44
0016747	15
0016757	19
0016763	2
0016765	3
0016772	3
0016773	3
0016776	2
0016779	4
0016780	6
0016782	2
0016783	4
0016787	51
0016788	10
0016790	8
0016791	2
0016798	8
0016799	2
0016810	2
0016811	1
0016812	1
0016817	5
0016818	2
0016829	6
0016830	2
0016831	4
0016832	5
0016833	2
0016835	2
0016836	3
0016841	1
0016846	4
0016853	6
0016855	1
0016857	1
0016866	1
0016868	2
0016872	1
0016874	5
0016879	1
0016881	2
0016887	81
0016896	1
0016901	2
0016920	1
0016966	1
0016987	6
0016989	2
0016990	1
0016992	1
0017000	4
0017004	12
0017013	1
0017038	2
0017057	1
0017108	1
0017148	1
0017150	3
0017168	1
0018104	3
0018209	2
0018277	1
0018364	2
0018455	1
0018738	1
0019104	2
0019134	1
0019165	1
0019171	1
0019180	1
0019200	1
0019213	1
0019217	1
0019242	1
0019243	1
0019264	2
0019277	1
0019281	1
0019285	2
0019287	2
0019288	3
0019305	2
0019344	1
0019346	2
0019354	4
0019379	1
0019420	1
0019427	1
0019430	1
0019464	2
0019475	1
0019491	2
0019509	1
0019538	3
0019545	1
0019546	1
0019556	2
0019594	1
0019629	2
0019632	1
0019646	3
0019679	2
0019700	2
0019752	3
0019825	2
0019829	2
0019835	1
0019843	3
0019856	1
0019867	14
0019899	2
0020037	26
0022625	5
0022627	3
0022857	122
0022877	5
0022900	8
0022904	4
0030001	7
0030060	1
0030091	3
0030145	3
0030151	3
0030163	1
0030170	26
0030234	3
0030246	2
0030253	4
0030254	8
0030256	2
0030257	2
0030261	3
0030272	1
0030288	16
0030488	2
0030527	2
0030552	3
0030554	6
0030604	1
0030643	1
0030655	2
0030694	6
0030697	1
0030729	2
0030894	1
0030955	1
0030974	1
0030975	1
0030976	4
0030980	1
0030983	2
0031071	3
0031167	3
0031317	10
0031402	1
0031419	4
0031460	1
0031522	3
0031554	1
0031556	1
0031564	1
0031992	2
0032049	2
0032150	1
0032196	1
0032259	11
0032297	1
0032300	1
0032324	2
0032329	1
0032784	6
0032955	1
0032977	1
0032993	11
0033014	3
0033103	26
0033104	6
0033214	1
0033223	3
0033225	3
0033226	1
0033232	2
0033539	1
0033567	1
0033592	1
0033617	1
0033711	1
0033739	1
0033743	2
0033744	1
0033816	1
0033818	1
0033819	1
0033856	1
0033862	1
0033890	1
0034040	3
0034057	1
0034077	1
0034204	1
0034220	5
0034599	1
0035312	1
0035435	1
0035438	3
0036104	2
0036125	1
0036211	9
0036374	2
0036380	1
0036424	1
0038023	2
0042026	3
0042126	1
0042128	2
0042132	2
0042158	1
0042167	1
0042254	6
0042273	1
0042274	1
0042277	1
0042279	1
0042286	1
0042400	2
0042450	1
0042578	2
0042586	2
0042597	11
0042619	1
0042626	97
0042773	1
0042780	1
0042802	11
0042803	2
0042823	1
0042834	11
0042853	1
0042908	5
0042910	10
0042953	7
0043022	6
0043039	2
0043043	1
0043093	2
0043094	1
0043107	2
0043115	1
0043138	1
0043165	3
0043169	1
0043190	26
0043213	1
0043295	1
0043335	1
0043365	2
0043424	2
0043531	1
0043546	1
0043565	35
0043633	1
0043682	1
0043683	4
0043687	1
0043711	1
0043720	1
0043752	1
0043755	1
0043811	1
0043824	1
0043856	1
0043867	1
0043872	1
0043952	4
0044205	1
0044238	1
0044341	1
0044423	1
0044571	1
0044780	17
0044781	3
0044874	3
0044877	1
0045127	1
0045148	1
0045151	1
0045152	1
0045182	1
0045239	1
0045240	1
0045252	2
0045254	3
0045259	4
0045273	2
0045275	1
0045277	1
0045301	1
0045312	1
0045454	3
0045490	1
0045861	2
0045892	8
0045893	2
0045900	1
0045927	1
0046118	1
0046177	1
0046294	1
0046316	1
0046348	2
0046416	1
0046417	1
0046421	1
0046428	1
0046429	1
0046500	2
0046654	2
0046656	1
0046677	3
0046685	2
0046688	1
0046820	2
0046835	1
0046854	1
0046872	153
0046873	3
0046912	1
0046914	1
0046933	5
0046983	1
0047134	1
0047304	1
0047307	1
0047324	1
0047429	3
0047456	1
0047475	1
0047480	1
0047487	1
0047605	1
0047617	3
0047661	1
0047804	1
0047834	1
0047952	1
0048001	1
0048034	1
0048473	2
0048501	1
0048502	2
0050136	2
0050194	1
0050269	1
0050334	1
0050380	1
0050415	1
0050440	1
0050446	1
0050480	1
0050511	1
0050515	1
0050518	1
0050568	1
0050570	1
0050626	1
0050660	20
0050661	15
0050709	1
0050821	1
0050992	1
0051060	1
0051073	1
0051075	1
0051082	10
0051083	1
0051087	3
0051139	3
0051213	1
0051252	1
0051259	1
0051262	1
0051287	20
0051301	6
0051304	1
0051409	1
0051536	13
0051537	8
0051539	23
0051540	1
0051596	2
0051603	1
0051604	2
0051607	1
0051678	1
0051715	1
0051745	1
0051782	2
0051903	1
0051920	4
0051989	1
0052381	1
0052621	25
0052689	2
0052693	1
0052873	2
0052906	1
0052913	1
0055052	23
0055056	2
0055085	168
0055086	1
0055130	1
0060274	1
0061077	3
0061542	1
0061579	1
0061710	2
0061799	1
0061929	1
0070006	5
0070063	4
0070064	1
0070069	3
0070204	1
0070205	1
0070395	1
0070401	1
0070402	1
0070403	6
0070404	1
0070475	1
0070573	1
0070733	1
0070905	1
0070968	1
0071111	11
0071555	5
0071704	1
0071705	9
0071709	1
0071805	3
0071949	10
0071951	1
0071972	3
0071973	20
0071978	1
0072488	1
0075713	1
0090529	1
0090563	2
0090582	1
0090729	1
0097163	2
0097347	1
0097351	2
0097367	6
0097588	1
0097657	1
0098003	1
0098024	1
0098561	3
0098567	1
0098662	2
0098847	1
0101006	1
0102039	1
0102143	1
0103117	1
0106141	1
0106219	1
0110001	3
0110142	2
0120010	1
0120225	1
0140110	4
0140327	2
0140358	1
0140359	103
0140658	2
0140662	7
0140741	1
0141014	1
0141100	1
0170035	1
1901135	4
1901137	1
1901642	3
1901891	1
1902495	4
1902600	6
1903457	2
1904047	28
1904659	2
1904680	2
1905887	3
1990107	1
1990397	1
1990610	1
1990817	1
1990961	2
