0000015	1
0000028	1
0000034	1
0000036	2
0000049	3
0000105	10
0000107	2
0000150	3
0000155	16
0000156	20
0000160	26
0000162	6
0000166	19
0000179	1
0000210	1
0000220	1
0000271	5
0000287	14
0000311	1
0000314	3
0000315	3
0000413	1
0000451	1
0000724	1
0000774	1
0000902	2
0000910	2
0000917	1
0000918	1
0001510	3
0001522	11
0001680	1
0001727	2
0001968	1
0002098	1
0002100	1
0002161	1
0002949	3
0003676	18
0003677	192
0003678	10
0003684	3
0003688	1
0003690	2
0003697	3
0003700	59
0003723	40
0003725	1
0003729	1
0003735	53
0003743	3
0003746	4
0003755	4
0003796	1
0003824	16
0003844	1
0003848	1
0003849	1
0003855	1
0003856	1
0003861	2
0003862	1
0003866	1
0003871	2
0003872	1
0003879	2
0003883	1
0003886	3
0003887	7
0003896	3
0003899	4
0003908	2
0003911	1
0003916	2
0003917	1
0003918	4
0003919	1
0003922	1
0003924	14
0003934	2
0003937	1
0003938	1
0003941	2
0003942	1
0003949	1
0003952	1
0003978	1
0003984	2
0003989	2
0003991	1
0004016	1
0004018	1
0004019	1
0004022	1
0004040	2
0004044	1
0004045	2
0004048	1
0004049	2
0004055	1
0004056	1
0004066	2
0004068	1
0004070	1
0004071	1
0004072	1
0004073	1
0004076	1
0004077	1
0004084	1
0004088	1
0004107	1
0004124	1
0004126	1
0004127	1
0004132	1
0004133	1
0004134	1
0004140	1
0004146	1
0004151	1
0004152	1
0004156	1
0004160	1
0004175	1
0004176	2
0004177	4
0004180	2
0004190	3
0004197	3
0004222	7
0004252	12
0004308	1
0004314	1
0004315	2
0004316	1
0004326	2
0004329	1
0004332	1
0004335	1
0004340	1
0004342	2
0004349	1
0004350	1
0004355	1
0004356	2
0004358	1
0004359	2
0004360	1
0004370	1
0004372	1
0004373	1
0004385	1
0004386	3
0004399	1
0004400	1
0004401	1
0004412	2
0004414	1
0004424	1
0004425	1
0004450	1
0004459	2
0004471	1
0004473	1
0004478	1
0004479	1
0004488	1
0004489	1
0004514	1
0004516	1
0004518	7
0004519	10
0004520	4
0004521	4
0004523	2
0004525	1
0004526	1
0004527	1
0004529	1
0004534	1
0004536	1
0004540	3
0004553	7
0004556	1
0004560	1
0004565	1
0004574	1
0004585	1
0004588	1
0004590	1
0004592	1
0004595	1
0004605	1
0004609	1
0004612	1
0004618	1
0004632	1
0004633	1
0004634	1
0004635	1
0004636	1
0004637	1
0004638	1
0004639	1
0004640	1
0004641	1
0004642	1
0004643	1
0004644	1
0004648	1
0004654	1
0004659	1
0004664	1
0004672	4
0004673	15
0004722	1
0004725	1
0004731	1
0004735	1
0004743	1
0004747	1
0004750	1
0004751	1
0004764	2
0004765	1
0004788	1
0004791	2
0004793	1
0004794	1
0004795	1
0004799	1
0004803	55
0004807	1
0004812	2
0004813	1
0004814	1
0004815	1
0004816	1
0004817	1
0004818	1
0004819	1
0004820	1
0004821	1
0004822	1
0004823	1
0004824	1
0004825	1
0004826	2
0004827	1
0004828	1
0004829	1
0004830	1
0004831	1
0004832	1
0004834	2
0004844	1
0004845	1
0005047	1
0005048	1
0005198	10
0005215	5
0005247	2
0005283	3
0005298	1
0005351	1
0005436	2
0005506	5
0005507	1
0005509	1
0005515	13
0005524	209
0005525	22
0005576	3
0005694	1
0005737	48
0005829	3
0005840	30
0005854	2
0005886	43
0005975	24
0005978	5
0005980	2
0006002	3
0006006	1
0006012	3
0006014	1
0006044	3
0006066	1
0006072	1
0006085	1
0006086	1
0006090	1
0006094	5
0006096	11
0006098	1
0006102	1
0006109	1
0006139	1
0006144	1
0006146	1
0006163	1
0006164	4
0006166	1
0006168	1
0006171	1
0006177	1
0006189	4
0006203	1
0006207	1
0006213	1
0006220	1
0006221	6
0006231	1
0006241	1
0006259	2
0006260	17
0006261	1
0006265	8
0006268	1
0006269	1
0006270	2
0006275	1
0006281	20
0006282	1
0006284	3
0006285	1
0006289	3
0006298	2
0006302	2
0006304	5
0006308	2
0006310	29
0006313	10
0006351	4
0006352	7
0006353	3
0006354	1
0006355	71
0006364	8
0006396	6
0006400	9
0006402	3
0006412	59
0006413	3
0006414	5
0006415	4
0006418	1
0006419	1
0006420	1
0006421	1
0006422	1
0006423	1
0006424	3
0006425	1
0006426	1
0006427	1
0006428	1
0006429	1
0006430	1
0006431	1
0006432	2
0006433	1
0006434	1
0006435	1
0006436	1
0006437	1
0006438	1
0006450	1
0006457	8
0006465	4
0006468	4
0006470	2
0006486	1
0006508	31
0006520	4
0006522	1
0006523	1
0006526	3
0006529	3
0006535	2
0006537	2
0006541	1
0006542	1
0006556	1
0006561	3
0006564	1
0006565	2
0006567	2
0006568	1
0006571	1
0006592	2
0006605	1
0006614	1
0006629	1
0006631	1
0006633	8
0006654	2
0006730	3
0006741	1
0006772	1
0006779	3
0006797	1
0006799	2
0006810	4
0006812	5
0006814	4
0006817	4
0006821	2
0006826	5
0006855	4
0006857	1
0006865	5
0006886	1
0006950	1
0007059	3
0007165	17
0008033	8
0008047	1
0008080	7
0008081	1
0008094	1
0008097	1
0008135	1
0008137	1
0008152	6
0008168	13
0008170	1
0008171	1
0008172	1
0008173	4
0008176	1
0008186	1
0008194	1
0008219	1
0008233	5
0008236	9
0008237	3
0008251	1
0008270	23
0008289	5
0008295	1
0008299	3
0008324	3
0008360	11
0008374	2
0008381	2
0008408	4
0008409	1
0008410	1
0008444	1
0008448	1
0008460	1
0008478	1
0008479	1
0008483	5
0008484	1
0008610	1
0008615	1
0008616	3
0008641	1
0008643	13
0008649	3
0008652	2
0008654	9
0008658	6
0008661	2
0008662	1
0008685	1
0008705	1
0008716	1
0008728	4
0008745	3
0008757	9
0008760	1
0008761	2
0008762	1
0008763	1
0008764	1
0008767	1
0008776	1
0008782	1
0008783	1
0008784	1
0008804	1
0008808	2
0008818	1
0008832	1
0008836	1
0008837	1
0008839	1
0008840	1
0008841	2
0008855	2
0008861	1
0008878	4
0008881	1
0008887	1
0008893	1
0008897	1
0008902	1
0008929	1
0008930	1
0008939	1
0008948	1
0008955	8
0008959	1
0008961	2
0008962	1
0008963	1
0008965	1
0008966	1
0008972	1
0008976	2
0008977	1
0008982	6
0008987	1
0008998	1
0009001	1
0009002	3
0009007	2
0009009	3
0009035	1
0009036	1
0009052	1
0009055	9
0009058	7
0009073	5
0009081	1
0009082	5
0009085	1
0009086	6
0009088	1
0009089	7
0009094	1
0009098	3
0009102	1
0009113	2
0009116	3
0009117	1
0009132	4
0009143	1
0009146	1
0009152	2
0009164	1
0009220	1
0009225	1
0009228	7
0009236	9
0009240	1
0009247	1
0009249	1
0009252	18
0009253	2
0009273	1
0009290	1
0009294	1
0009297	1
0009306	9
0009307	3
0009311	1
0009316	2
0009317	2
0009318	2
0009320	1
0009330	1
0009331	1
0009341	1
0009358	2
0009360	3
0009368	1
0009372	1
0009378	2
0009379	1
0009380	2
0009381	1
0009396	2
0009401	14
0009403	1
0009408	2
0009423	3
0009432	2
0009435	5
0009443	1
0009451	6
0009691	1
0009847	1
0009898	2
0009972	2
0009982	11
0009986	1
0010124	2
0010181	10
0015031	3
0015035	2
0015074	15
0015078	3
0015079	2
0015081	1
0015093	2
0015095	2
0015103	1
0015109	2
0015116	1
0015136	1
0015205	2
0015293	8
0015297	16
0015415	3
0015424	2
0015450	2
0015499	1
0015501	1
0015562	1
0015572	1
0015648	4
0015662	2
0015693	2
0015703	2
0015724	1
0015739	1
0015740	1
0015803	2
0015813	1
0015824	1
0015851	2
0015930	1
0015934	8
0015935	6
0015937	3
0015940	1
0015941	1
0015949	2
0015969	3
0015970	1
0015976	1
0015986	7
0016020	122
0016024	1
0016032	2
0016070	1
0016075	1
0016114	2
0016149	3
0016154	1
0016226	1
0016301	9
0016310	14
0016311	3
0016407	1
0016430	1
0016433	1
0016434	2
0016462	2
0016485	3
0016491	23
0016616	2
0016620	3
0016639	1
0016646	2
0016661	1
0016692	1
0016695	1
0016740	18
0016746	8
0016747	2
0016757	14
0016758	3
0016763	1
0016765	3
0016773	2
0016776	1
0016779	4
0016780	5
0016782	2
0016783	1
0016787	46
0016788	3
0016790	2
0016791	5
0016798	1
0016799	1
0016810	4
0016811	1
0016817	4
0016818	3
0016829	2
0016831	3
0016832	2
0016836	3
0016846	1
0016853	3
0016857	1
0016868	1
0016874	4
0016879	1
0016884	2
0016887	80
0016891	1
0016903	1
0016987	8
0016989	1
0016994	1
0016998	1
0017013	2
0017038	1
0017103	1
0017148	1
0017150	2
0018339	1
0018364	1
0018455	2
0018580	1
0019028	1
0019068	6
0019104	1
0019156	1
0019200	1
0019205	1
0019242	1
0019264	1
0019277	1
0019288	4
0019305	1
0019346	3
0019388	1
0019430	2
0019509	1
0019546	1
0019632	2
0019674	1
0019829	3
0019835	1
0019843	3
0022625	5
0022627	3
0022857	25
0022877	1
0022900	2
0030001	5
0030170	17
0030234	1
0030246	1
0030261	2
0030272	1
0030388	1
0030420	1
0030435	2
0030436	11
0030488	1
0030552	1
0030554	4
0030604	1
0030643	1
0030789	1
0030955	1
0030956	2
0030976	4
0030983	3
0031071	1
0031167	2
0031179	1
0031317	2
0031402	1
0032049	2
0032196	4
0032259	8
0032508	3
0032549	1
0032775	1
0032784	3
0032955	1
0033232	2
0033730	1
0033739	1
0033818	1
0033862	1
0033926	3
0033958	1
0034220	1
0034301	1
0034979	1
0035673	1
0036211	3
0036376	1
0042026	2
0042132	2
0042158	1
0042173	1
0042174	1
0042242	1
0042254	4
0042274	1
0042450	2
0042578	7
0042586	1
0042625	1
0042626	51
0042780	1
0042802	1
0042803	4
0042823	2
0042834	1
0042910	10
0043022	5
0043039	1
0043093	1
0043101	1
0043139	1
0043169	1
0043190	3
0043365	2
0043531	1
0043565	8
0043571	11
0043751	1
0043768	1
0043772	1
0043805	1
0043811	1
0043856	1
0043937	2
0043952	2
0044341	2
0044423	5
0045182	1
0045184	3
0045261	5
0045263	2
0045312	1
0045892	5
0045910	1
0045936	1
0046025	1
0046026	1
0046110	1
0046118	1
0046140	1
0046168	1
0046429	1
0046537	1
0046654	3
0046677	2
0046797	1
0046835	1
0046857	1
0046872	78
0046873	1
0046914	3
0046933	5
0046961	1
0046983	3
0047429	2
0047475	2
0047480	1
0047617	1
0047804	1
0047834	1
0047850	1
0047952	1
0048030	1
0048472	1
0048473	2
0048500	1
0048501	1
0050151	1
0050242	1
0050380	1
0050500	1
0050511	1
0050515	1
0050518	1
0050567	2
0050660	6
0050661	8
0050992	1
0051073	1
0051082	5
0051083	2
0051087	1
0051117	1
0051156	1
0051287	9
0051301	18
0051302	1
0051536	6
0051537	2
0051539	20
0051540	1
0051606	1
0051607	2
0051745	1
0051775	1
0051920	2
0051989	2
0052381	1
0052621	1
0052906	1
0052913	1
0055052	14
0055085	46
0061710	1
0061712	1
0061783	1
0070006	1
0070007	4
0070063	2
0070395	1
0070401	2
0070403	7
0070475	1
0070573	1
0070905	1
0071555	12
0071586	2
0071949	5
0071951	1
0072344	1
0072570	3
0072592	1
0090304	1
0090563	1
0090729	5
0097367	5
0098662	1
0110001	8
0140098	2
0140110	3
0140327	2
0140358	2
0140359	51
0140657	1
0140658	1
0140662	2
0140741	1
0141098	1
0160105	1
1901137	1
1902358	1
1902495	5
1902600	3
1904047	27
1905887	1
1990107	1
1990112	1
1990397	1
1990610	2
