0000015	1
0000028	1
0000036	1
0000049	3
0000105	1
0000150	1
0000154	4
0000155	7
0000156	10
0000160	13
0000166	20
0000179	1
0000271	4
0000287	9
0000311	1
0000314	3
0000315	3
0000413	2
0000451	1
0000774	1
0000902	3
0000906	1
0000910	1
0000917	2
0000918	1
0001510	3
0001514	2
0001522	8
0001727	1
0001887	1
0001968	1
0002098	2
0002161	2
0002949	3
0003676	16
0003677	110
0003678	6
0003684	2
0003697	4
0003700	39
0003723	36
0003725	1
0003729	1
0003735	51
0003743	3
0003746	7
0003755	4
0003824	20
0003844	1
0003848	1
0003849	1
0003855	1
0003856	1
0003866	1
0003882	1
0003887	7
0003899	5
0003908	1
0003911	1
0003916	1
0003917	1
0003918	2
0003919	1
0003922	1
0003924	15
0003934	2
0003935	1
0003937	1
0003938	1
0003941	1
0003964	1
0003977	1
0003978	1
0003983	1
0003985	1
0003989	4
0003995	1
0003999	1
0004015	1
0004018	1
0004019	1
0004040	1
0004044	1
0004045	2
0004067	1
0004070	1
0004071	1
0004075	1
0004076	1
0004077	1
0004088	1
0004089	1
0004107	1
0004125	1
0004126	1
0004132	1
0004133	1
0004134	1
0004139	1
0004140	1
0004141	1
0004143	1
0004146	1
0004151	1
0004152	1
0004156	1
0004157	1
0004170	1
0004175	1
0004176	1
0004177	5
0004180	2
0004181	2
0004190	2
0004222	6
0004252	3
0004298	1
0004308	1
0004314	1
0004315	2
0004316	1
0004325	1
0004326	1
0004329	1
0004332	1
0004335	1
0004342	1
0004347	1
0004349	1
0004350	1
0004351	1
0004355	1
0004356	1
0004359	2
0004360	1
0004370	1
0004372	1
0004385	1
0004386	5
0004397	1
0004401	1
0004413	1
0004417	1
0004418	1
0004427	1
0004471	1
0004473	1
0004476	1
0004478	1
0004479	1
0004488	1
0004497	1
0004516	1
0004518	4
0004519	6
0004520	2
0004521	6
0004523	1
0004525	2
0004526	1
0004527	1
0004536	2
0004540	2
0004553	1
0004565	1
0004588	1
0004590	1
0004594	1
0004595	1
0004605	1
0004618	1
0004619	1
0004630	1
0004632	1
0004633	1
0004634	1
0004637	1
0004638	1
0004639	1
0004641	1
0004642	1
0004643	1
0004644	1
0004654	1
0004655	1
0004659	1
0004673	6
0004713	1
0004715	1
0004722	1
0004725	1
0004731	2
0004735	1
0004743	1
0004746	1
0004747	2
0004748	2
0004749	1
0004750	1
0004751	1
0004756	1
0004764	1
0004765	1
0004788	1
0004789	2
0004793	1
0004794	1
0004798	1
0004799	1
0004803	28
0004807	1
0004812	3
0004813	1
0004814	1
0004816	1
0004817	1
0004818	1
0004820	2
0004821	1
0004822	1
0004823	1
0004824	1
0004825	1
0004826	2
0004827	1
0004828	1
0004829	1
0004830	1
0004831	1
0004832	1
0004844	1
0004845	1
0004849	1
0004851	1
0004854	1
0004866	1
0005047	1
0005048	1
0005198	4
0005215	4
0005283	7
0005337	1
0005351	1
0005384	1
0005436	1
0005506	7
0005507	1
0005515	15
0005524	163
0005525	23
0005542	1
0005576	3
0005694	1
0005737	50
0005829	3
0005840	29
0005854	1
0005886	44
0005971	1
0005975	16
0005978	4
0005980	2
0006002	1
0006006	1
0006007	1
0006011	1
0006012	3
0006014	2
0006044	3
0006048	1
0006051	1
0006064	2
0006071	1
0006072	1
0006082	1
0006086	1
0006090	1
0006094	2
0006096	8
0006098	1
0006099	1
0006101	1
0006109	1
0006113	4
0006139	4
0006163	1
0006164	4
0006166	1
0006168	1
0006177	1
0006189	5
0006207	2
0006220	1
0006221	4
0006226	1
0006231	1
0006233	1
0006259	2
0006260	15
0006261	2
0006265	3
0006269	1
0006270	1
0006278	1
0006281	19
0006282	1
0006284	1
0006289	3
0006298	3
0006302	1
0006304	1
0006306	1
0006308	3
0006310	17
0006313	6
0006351	4
0006352	6
0006353	3
0006355	45
0006364	9
0006396	5
0006400	10
0006402	3
0006412	57
0006413	3
0006414	6
0006415	3
0006418	2
0006419	1
0006420	1
0006421	1
0006423	1
0006424	3
0006426	2
0006427	1
0006428	1
0006429	1
0006430	1
0006431	1
0006432	2
0006433	1
0006434	1
0006435	1
0006436	1
0006437	1
0006438	1
0006448	1
0006450	1
0006457	7
0006465	2
0006470	1
0006486	5
0006508	29
0006522	2
0006528	1
0006529	1
0006531	1
0006537	1
0006540	1
0006541	2
0006542	1
0006548	1
0006556	1
0006561	3
0006567	2
0006605	1
0006614	1
0006629	2
0006631	1
0006633	9
0006644	1
0006654	2
0006730	2
0006741	1
0006772	1
0006777	3
0006779	1
0006790	6
0006793	1
0006810	8
0006812	3
0006813	1
0006814	9
0006817	5
0006824	1
0006826	2
0006855	8
0006865	13
0006886	3
0006950	1
0006979	2
0007059	3
0007155	1
0007165	6
0008033	10
0008080	5
0008094	2
0008126	1
0008134	1
0008135	1
0008152	7
0008168	11
0008170	3
0008171	1
0008172	1
0008173	3
0008176	1
0008186	1
0008233	5
0008234	1
0008236	4
0008237	4
0008239	1
0008270	23
0008299	3
0008324	2
0008360	8
0008374	1
0008381	4
0008408	4
0008409	2
0008410	4
0008444	1
0008448	2
0008460	1
0008478	1
0008479	1
0008483	2
0008484	4
0008493	1
0008610	3
0008615	1
0008616	4
0008641	1
0008643	13
0008649	2
0008652	1
0008654	4
0008655	1
0008658	2
0008661	1
0008662	2
0008676	1
0008685	1
0008686	1
0008690	1
0008697	1
0008703	1
0008712	1
0008716	1
0008720	1
0008728	1
0008745	2
0008753	1
0008754	1
0008755	1
0008757	10
0008760	1
0008761	1
0008762	1
0008763	1
0008764	1
0008771	1
0008780	1
0008782	3
0008784	2
0008795	1
0008797	1
0008798	1
0008800	1
0008808	1
0008814	2
0008815	4
0008818	1
0008821	1
0008831	1
0008835	1
0008836	1
0008837	1
0008838	1
0008841	1
0008855	2
0008861	1
0008878	2
0008879	1
0008880	1
0008881	1
0008883	1
0008893	1
0008897	1
0008902	1
0008915	1
0008927	1
0008929	1
0008930	3
0008932	2
0008939	1
0008955	2
0008959	1
0008961	1
0008963	1
0008965	2
0008966	1
0008968	1
0008972	1
0008973	1
0008982	9
0008998	2
0009002	1
0009009	5
0009022	1
0009025	1
0009029	1
0009052	1
0009055	17
0009058	7
0009073	4
0009086	1
0009087	1
0009088	1
0009089	2
0009093	1
0009102	3
0009103	4
0009113	2
0009116	3
0009117	2
0009132	3
0009146	1
0009152	2
0009156	1
0009164	2
0009220	1
0009228	8
0009236	13
0009240	1
0009243	1
0009244	3
0009245	4
0009249	1
0009252	20
0009254	1
0009263	1
0009264	1
0009265	1
0009268	1
0009274	1
0009279	11
0009289	1
0009294	3
0009306	7
0009307	2
0009317	5
0009318	2
0009320	1
0009331	1
0009341	1
0009346	4
0009349	1
0009360	4
0009368	1
0009376	2
0009378	2
0009379	1
0009380	2
0009381	1
0009396	2
0009401	13
0009408	2
0009423	3
0009432	2
0009435	3
0009443	1
0009451	4
0009898	1
0009972	1
0009982	8
0010181	16
0010951	1
0015031	6
0015035	4
0015074	2
0015078	3
0015079	1
0015081	1
0015087	1
0015093	1
0015095	2
0015109	2
0015112	1
0015129	1
0015136	1
0015171	2
0015205	4
0015221	2
0015233	1
0015252	3
0015267	2
0015288	1
0015291	1
0015293	14
0015295	1
0015297	10
0015343	1
0015385	1
0015412	2
0015415	3
0015424	2
0015450	4
0015474	1
0015501	3
0015558	4
0015562	6
0015572	2
0015627	2
0015628	3
0015648	1
0015658	2
0015662	2
0015689	2
0015693	2
0015703	2
0015727	1
0015739	1
0015740	3
0015803	4
0015813	3
0015833	1
0015851	4
0015887	1
0015888	1
0015891	2
0015904	1
0015920	2
0015934	8
0015935	6
0015937	3
0015941	1
0015949	2
0015970	1
0015986	8
0016002	6
0016020	157
0016024	1
0016032	2
0016042	1
0016075	1
0016114	1
0016149	3
0016153	1
0016226	2
0016301	6
0016310	8
0016311	1
0016407	1
0016410	1
0016430	2
0016433	1
0016434	1
0016462	1
0016491	28
0016616	2
0016620	2
0016627	2
0016661	1
0016692	1
0016695	1
0016703	1
0016740	11
0016746	6
0016747	2
0016757	14
0016763	1
0016765	1
0016773	4
0016774	1
0016776	1
0016779	3
0016780	2
0016782	3
0016783	2
0016787	40
0016788	3
0016790	1
0016791	1
0016805	3
0016810	3
0016811	2
0016812	1
0016817	3
0016818	1
0016829	7
0016835	1
0016836	1
0016853	6
0016857	1
0016868	1
0016872	1
0016874	3
0016879	1
0016884	2
0016887	60
0016903	2
0016920	1
0016987	6
0016994	1
0017004	1
0017013	1
0017038	1
0017103	1
0017150	1
0018104	2
0018209	1
0018339	1
0018364	1
0018455	1
0018580	1
0018826	1
0019068	1
0019134	1
0019156	1
0019200	1
0019205	1
0019241	1
0019242	1
0019262	1
0019264	1
0019277	1
0019284	2
0019288	4
0019305	3
0019354	2
0019388	1
0019509	3
0019556	2
0019605	1
0019632	1
0019670	2
0019674	1
0019829	3
0019835	1
0019843	3
0019867	1
0020037	1
0022625	5
0022627	3
0022857	40
0022877	1
0022900	6
0030001	2
0030091	1
0030145	1
0030151	2
0030170	16
0030246	2
0030261	5
0030272	1
0030288	3
0030420	2
0030435	1
0030488	2
0030527	4
0030552	3
0030554	1
0030604	1
0030643	1
0030655	1
0030674	1
0030788	1
0030789	1
0030956	2
0030973	1
0030975	1
0030976	2
0030983	4
0031167	2
0031317	7
0031419	1
0031522	2
0031992	1
0032049	1
0032196	1
0032259	8
0032267	2
0032784	1
0032955	1
0033014	3
0033232	2
0033739	1
0033743	1
0033818	1
0033840	1
0033862	1
0034204	1
0034220	2
0034979	1
0035598	1
0035870	1
0036211	3
0036222	1
0036376	1
0036431	1
0038023	1
0042026	2
0042132	1
0042242	1
0042254	5
0042274	1
0042286	1
0042301	1
0042578	5
0042586	1
0042597	2
0042626	60
0042802	3
0042803	2
0042823	2
0042834	3
0042908	2
0042910	11
0043022	4
0043039	1
0043093	3
0043094	1
0043101	1
0043115	1
0043169	1
0043190	11
0043211	1
0043365	2
0043546	2
0043565	1
0043571	10
0043743	1
0043752	1
0043811	1
0043822	1
0043856	1
0043937	1
0043952	4
0044205	1
0044341	1
0044423	2
0045148	1
0045182	1
0045259	8
0045454	2
0045490	1
0045910	1
0046025	2
0046026	1
0046081	1
0046110	1
0046118	1
0046124	2
0046140	2
0046168	1
0046348	1
0046415	1
0046429	1
0046500	1
0046654	3
0046677	1
0046797	1
0046835	1
0046857	1
0046872	73
0046903	1
0046914	2
0046933	6
0046983	3
0047420	1
0047429	1
0047465	1
0047480	1
0047804	1
0047952	1
0048472	1
0048473	2
0048500	1
0048501	1
0048502	1
0050096	1
0050097	2
0050136	1
0050242	1
0050311	1
0050380	1
0050415	1
0050480	1
0050511	1
0050515	1
0050518	1
0050519	1
0050567	2
0050660	10
0050661	5
0050992	1
0051073	1
0051082	4
0051083	1
0051087	1
0051191	1
0051205	1
0051287	7
0051301	9
0051302	1
0051536	8
0051537	4
0051539	21
0051540	1
0051603	1
0051745	1
0051989	1
0052381	1
0052693	1
0052906	1
0052913	1
0055052	21
0055056	1
0055085	63
0061097	1
0061503	1
0061710	1
0061799	1
0070006	4
0070064	1
0070401	1
0070403	4
0070404	1
0070475	1
0070573	1
0070905	1
0071421	1
0071555	7
0071709	1
0071949	2
0071951	1
0071972	2
0072344	1
0072592	2
0080146	1
0090529	1
0090563	1
0097351	1
0097367	2
0102039	1
0103117	1
0106361	1
0106409	1
0120010	1
0120225	1
0140078	1
0140098	2
0140110	2
0140358	2
0140359	63
0140658	1
0140662	2
0140663	1
0141098	1
0160254	1
1901135	1
1901137	1
1901642	1
1901891	1
1902495	3
1902600	2
1902604	4
1904047	28
1904659	1
1905887	1
1990107	1
1990112	1
1990204	1
2000185	1
