0000015	2
0000036	3
0000049	5
0000103	2
0000104	4
0000105	13
0000107	2
0000150	3
0000155	2
0000156	14
0000160	36
0000162	5
0000166	21
0000179	1
0000210	1
0000256	1
0000271	4
0000286	1
0000287	28
0000310	1
0000311	1
0000314	3
0000315	3
0000413	1
0000451	1
0000700	1
0000724	2
0000774	1
0000902	2
0000906	1
0000910	2
0000976	1
0001072	5
0001216	6
0001522	5
0001539	4
0001671	1
0002098	1
0002189	1
0002949	3
0003676	16
0003677	161
0003678	6
0003682	1
0003684	4
0003688	1
0003697	6
0003700	141
0003723	33
0003725	1
0003735	54
0003743	3
0003746	5
0003747	1
0003755	4
0003774	4
0003824	59
0003842	1
0003848	1
0003849	1
0003852	2
0003855	1
0003856	1
0003857	2
0003858	2
0003861	2
0003862	2
0003864	1
0003866	1
0003868	1
0003870	1
0003879	1
0003882	1
0003883	1
0003886	1
0003887	7
0003896	2
0003899	4
0003904	1
0003905	1
0003906	1
0003908	4
0003911	1
0003916	1
0003917	1
0003918	4
0003919	1
0003922	1
0003924	14
0003934	2
0003935	1
0003937	1
0003938	1
0003942	1
0003949	1
0003951	1
0003952	1
0003955	1
0003960	1
0003964	1
0003977	1
0003983	1
0003984	1
0003985	1
0003987	1
0003989	4
0003991	1
0003994	1
0003995	1
0003999	1
0004013	1
0004018	1
0004019	1
0004020	1
0004022	2
0004040	1
0004044	1
0004045	1
0004047	1
0004048	1
0004049	1
0004055	1
0004056	1
0004057	1
0004061	1
0004066	1
0004070	1
0004072	1
0004073	1
0004075	1
0004077	1
0004084	1
0004088	1
0004089	1
0004107	3
0004108	1
0004109	2
0004113	1
0004124	1
0004129	6
0004140	1
0004148	2
0004149	1
0004150	1
0004152	1
0004156	1
0004157	1
0004160	1
0004170	1
0004174	1
0004176	4
0004177	2
0004181	1
0004190	1
0004222	9
0004252	12
0004298	1
0004309	1
0004311	1
0004314	1
0004315	3
0004316	1
0004318	1
0004322	1
0004325	1
0004326	1
0004329	1
0004332	2
0004333	1
0004340	1
0004345	1
0004347	1
0004349	1
0004350	1
0004356	8
0004357	1
0004358	1
0004360	1
0004362	1
0004363	1
0004368	2
0004370	2
0004371	1
0004372	1
0004375	2
0004385	1
0004386	5
0004397	2
0004399	3
0004400	1
0004401	1
0004412	1
0004413	1
0004414	1
0004416	1
0004418	1
0004424	1
0004425	1
0004427	1
0004450	1
0004462	1
0004470	2
0004471	2
0004478	1
0004479	1
0004488	1
0004489	1
0004494	1
0004497	10
0004505	1
0004516	1
0004518	7
0004519	2
0004523	2
0004525	1
0004526	1
0004527	1
0004540	6
0004550	1
0004553	3
0004585	2
0004588	1
0004590	1
0004591	1
0004592	1
0004594	1
0004595	1
0004601	7
0004602	1
0004604	1
0004605	1
0004617	1
0004632	1
0004633	1
0004634	2
0004635	1
0004636	1
0004637	1
0004638	1
0004639	2
0004640	1
0004641	1
0004642	2
0004643	1
0004644	1
0004648	1
0004654	1
0004655	1
0004657	1
0004659	2
0004664	1
0004672	1
0004673	6
0004674	1
0004719	1
0004725	1
0004733	1
0004735	1
0004739	3
0004742	1
0004743	1
0004748	2
0004749	2
0004750	1
0004751	2
0004758	1
0004764	1
0004781	1
0004784	3
0004791	1
0004792	1
0004795	1
0004798	1
0004801	1
0004802	2
0004803	40
0004805	1
0004807	1
0004812	3
0004813	1
0004814	1
0004817	1
0004818	2
0004820	2
0004821	1
0004822	1
0004823	1
0004824	1
0004825	1
0004826	2
0004827	1
0004828	1
0004829	1
0004830	1
0004831	1
0004832	1
0004834	2
0004851	2
0004852	1
0004853	1
0004866	1
0005047	1
0005048	1
0005198	12
0005215	5
0005216	1
0005247	3
0005267	1
0005381	2
0005384	1
0005436	2
0005488	1
0005506	5
0005507	6
0005509	3
0005515	56
0005524	338
0005525	21
0005694	3
0005737	51
0005829	13
0005840	30
0005854	1
0005886	122
0005960	1
0005975	21
0005992	1
0005996	1
0006006	2
0006011	1
0006015	3
0006020	1
0006040	1
0006048	1
0006071	4
0006072	3
0006086	3
0006089	1
0006090	2
0006094	2
0006096	9
0006098	5
0006099	12
0006102	1
0006106	1
0006109	1
0006120	1
0006139	1
0006163	1
0006164	5
0006177	1
0006189	6
0006207	4
0006220	1
0006221	2
0006226	1
0006231	1
0006233	1
0006241	1
0006259	1
0006260	14
0006261	1
0006265	5
0006269	1
0006270	1
0006275	1
0006281	22
0006282	1
0006284	3
0006285	1
0006289	3
0006298	2
0006303	2
0006304	3
0006308	2
0006310	18
0006313	1
0006351	8
0006352	8
0006353	3
0006355	127
0006364	8
0006396	5
0006400	7
0006402	2
0006412	58
0006413	3
0006414	5
0006415	5
0006418	2
0006419	1
0006420	1
0006423	1
0006424	4
0006426	2
0006427	1
0006428	1
0006429	1
0006430	1
0006431	1
0006432	2
0006433	1
0006434	1
0006435	1
0006436	1
0006437	1
0006438	1
0006450	1
0006457	7
0006465	3
0006468	1
0006470	2
0006482	1
0006508	43
0006520	4
0006522	1
0006526	5
0006527	1
0006529	1
0006535	2
0006537	3
0006541	1
0006542	8
0006546	3
0006548	3
0006556	1
0006559	3
0006561	3
0006564	3
0006567	1
0006568	1
0006572	2
0006574	1
0006591	1
0006592	3
0006601	1
0006605	2
0006614	1
0006629	4
0006631	8
0006633	16
0006635	2
0006654	2
0006662	1
0006730	5
0006741	1
0006744	8
0006749	28
0006750	4
0006751	2
0006760	1
0006777	8
0006779	5
0006783	1
0006784	1
0006790	1
0006793	2
0006796	1
0006798	1
0006799	1
0006808	3
0006810	9
0006811	1
0006812	3
0006813	5
0006814	1
0006817	8
0006821	3
0006824	1
0006826	2
0006833	1
0006855	7
0006865	9
0006879	1
0006880	1
0006885	1
0006886	4
0006935	8
0006950	1
0006972	1
0006974	1
0006979	6
0007049	1
0007059	3
0007076	1
0007154	5
0007155	1
0007160	1
0007165	9
0008033	10
0008047	1
0008080	18
0008081	1
0008094	1
0008097	1
0008113	3
0008115	4
0008121	2
0008135	1
0008137	9
0008146	7
0008152	13
0008168	28
0008169	1
0008170	2
0008171	4
0008173	2
0008176	1
0008177	2
0008186	1
0008198	1
0008199	3
0008233	15
0008236	4
0008237	2
0008252	1
0008270	19
0008295	7
0008299	4
0008311	2
0008320	1
0008324	4
0008360	5
0008374	2
0008379	2
0008381	3
0008408	4
0008409	1
0008412	1
0008422	1
0008425	5
0008428	1
0008441	1
0008442	1
0008444	1
0008446	1
0008452	1
0008460	1
0008465	2
0008478	1
0008479	1
0008483	4
0008484	2
0008490	1
0008495	1
0008519	2
0008534	1
0008535	2
0008556	2
0008610	5
0008615	4
0008616	2
0008643	30
0008649	2
0008652	2
0008654	6
0008657	1
0008658	2
0008661	1
0008664	1
0008666	1
0008676	2
0008677	2
0008685	1
0008686	1
0008690	1
0008703	1
0008712	1
0008714	1
0008716	1
0008718	2
0008743	1
0008745	2
0008752	1
0008753	2
0008754	2
0008757	7
0008760	1
0008762	1
0008763	1
0008764	1
0008773	2
0008777	2
0008780	1
0008782	1
0008783	7
0008784	1
0008794	1
0008800	3
0008804	1
0008808	1
0008812	2
0008817	2
0008818	1
0008821	1
0008829	1
0008830	4
0008831	1
0008835	1
0008836	3
0008837	2
0008838	1
0008839	1
0008840	1
0008841	1
0008855	2
0008863	3
0008879	1
0008882	1
0008883	1
0008890	1
0008897	1
0008899	2
0008914	1
0008915	1
0008920	1
0008929	1
0008930	1
0008932	1
0008934	1
0008939	1
0008940	3
0008961	1
0008963	1
0008964	1
0008965	2
0008966	1
0008967	1
0008976	3
0008982	1
0008983	1
0008984	1
0009001	1
0009009	1
0009013	1
0009014	1
0009022	1
0009027	1
0009029	1
0009030	1
0009037	1
0009052	2
0009055	28
0009058	13
0009060	2
0009061	3
0009073	7
0009081	1
0009082	3
0009086	3
0009088	2
0009089	10
0009094	1
0009097	1
0009098	5
0009103	1
0009107	1
0009113	2
0009116	4
0009117	2
0009152	2
0009156	1
0009164	1
0009165	1
0009190	6
0009220	1
0009225	1
0009228	2
0009236	19
0009240	1
0009243	3
0009244	1
0009245	4
0009249	2
0009252	15
0009253	1
0009254	1
0009274	2
0009279	5
0009288	6
0009294	1
0009297	2
0009306	9
0009307	1
0009316	2
0009317	5
0009318	1
0009320	1
0009325	3
0009326	5
0009331	2
0009336	1
0009340	1
0009349	1
0009358	1
0009360	1
0009368	2
0009376	2
0009378	2
0009379	1
0009380	2
0009381	1
0009394	1
0009396	3
0009401	4
0009403	1
0009404	1
0009408	2
0009423	3
0009424	1
0009425	2
0009426	1
0009427	1
0009428	2
0009431	2
0009432	5
0009435	2
0009436	1
0009443	1
0009446	1
0009448	1
0009450	1
0009451	3
0009636	1
0009678	1
0009691	1
0009898	7
0009966	5
0009975	6
0009982	5
0010133	1
0010181	15
0010257	1
0010945	1
0015016	1
0015031	5
0015035	3
0015036	2
0015074	2
0015078	3
0015079	2
0015087	1
0015095	2
0015098	2
0015103	3
0015109	1
0015136	1
0015159	1
0015205	1
0015220	1
0015221	5
0015232	2
0015250	1
0015267	1
0015288	11
0015291	2
0015297	2
0015385	1
0015415	6
0015416	2
0015419	2
0015439	1
0015440	2
0015444	1
0015450	5
0015451	1
0015562	6
0015627	1
0015628	3
0015658	14
0015666	1
0015689	3
0015693	3
0015700	1
0015703	1
0015716	5
0015739	1
0015803	1
0015833	8
0015840	4
0015846	3
0015871	2
0015886	3
0015888	3
0015914	2
0015920	2
0015930	3
0015934	8
0015935	6
0015937	3
0015940	4
0015941	1
0015942	4
0015949	1
0015970	1
0015977	1
0015986	7
0015990	2
0015995	1
0016020	251
0016024	1
0016034	1
0016051	1
0016114	1
0016117	1
0016149	3
0016153	1
0016208	1
0016209	2
0016226	7
0016301	7
0016310	8
0016311	1
0016410	2
0016430	1
0016433	1
0016434	1
0016462	1
0016491	192
0016531	1
0016597	2
0016598	1
0016603	1
0016614	5
0016616	9
0016620	4
0016624	1
0016627	6
0016628	3
0016638	2
0016646	3
0016651	10
0016655	2
0016667	1
0016682	3
0016705	3
0016709	1
0016722	1
0016740	9
0016746	21
0016747	12
0016757	26
0016763	1
0016765	4
0016767	1
0016772	1
0016773	1
0016776	2
0016779	9
0016780	5
0016782	1
0016783	3
0016787	83
0016788	4
0016790	2
0016791	3
0016793	1
0016799	1
0016805	2
0016810	20
0016812	1
0016829	7
0016831	2
0016832	2
0016836	3
0016849	1
0016853	10
0016855	1
0016857	1
0016862	1
0016866	3
0016868	1
0016874	3
0016879	1
0016881	1
0016884	1
0016887	200
0016987	8
0016990	1
0016992	1
0016993	1
0016994	1
0017004	5
0017038	2
0017057	1
0017148	1
0017150	1
0017186	1
0018142	2
0018277	1
0018364	1
0018454	1
0018478	2
0018738	1
0018822	6
0018835	2
0019062	1
0019068	4
0019082	1
0019104	3
0019120	1
0019134	1
0019172	1
0019200	2
0019205	1
0019239	1
0019242	1
0019243	1
0019264	1
0019277	1
0019281	2
0019285	1
0019287	1
0019288	1
0019305	5
0019346	3
0019354	2
0019361	1
0019379	1
0019427	1
0019430	1
0019441	1
0019464	1
0019478	1
0019480	1
0019509	1
0019529	1
0019546	1
0019556	1
0019557	1
0019632	1
0019634	4
0019636	1
0019645	1
0019646	1
0019673	1
0019674	1
0019684	2
0019700	2
0019746	2
0019752	1
0019808	3
0019843	3
0019867	4
0019899	1
0020037	17
0022625	5
0022627	3
0022857	130
0022900	3
0022904	1
0030001	2
0030026	1
0030091	5
0030145	2
0030151	2
0030163	1
0030170	27
0030234	2
0030245	1
0030246	1
0030253	1
0030257	1
0030261	2
0030272	3
0030288	3
0030420	2
0030430	1
0030488	1
0030494	1
0030541	1
0030551	1
0030552	8
0030554	5
0030604	1
0030612	2
0030643	1
0030655	3
0030694	2
0030729	1
0030788	1
0030789	1
0030798	1
0030955	1
0030956	2
0030974	2
0030975	1
0030976	6
0030983	2
0031004	3
0031071	1
0031167	2
0031419	3
0031469	2
0031522	3
0031966	2
0032049	1
0032259	7
0032300	1
0032363	1
0032508	1
0032555	1
0032559	1
0032784	7
0032977	1
0033014	4
0033194	1
0033212	1
0033221	4
0033232	2
0033265	1
0033286	4
0033288	4
0033294	1
0033295	1
0033308	4
0033573	2
0033617	2
0033735	1
0033739	1
0033743	1
0033744	3
0033745	1
0033818	1
0033819	1
0033856	1
0033862	1
0033863	2
0033890	2
0034204	1
0034220	2
0034553	1
0034755	2
0035435	1
0035556	6
0035870	1
0036211	5
0036222	1
0036297	1
0036361	2
0036374	2
0036424	1
0036431	1
0042026	3
0042126	2
0042132	1
0042158	1
0042242	1
0042245	2
0042254	3
0042301	1
0042314	2
0042450	2
0042546	2
0042578	5
0042586	2
0042597	3
0042619	2
0042626	236
0042732	1
0042773	5
0042780	1
0042802	8
0042803	2
0042820	1
0042834	5
0042853	1
0042908	1
0042910	4
0042952	1
0042953	2
0043022	6
0043093	1
0043115	1
0043165	1
0043190	26
0043213	1
0043295	2
0043335	1
0043462	1
0043546	6
0043565	10
0043714	1
0043752	1
0043811	1
0043858	1
0043880	1
0043885	1
0043952	5
0043953	1
0044205	1
0044209	1
0044238	1
0044341	2
0044423	3
0044571	2
0044780	8
0044781	3
0044874	1
0045027	1
0045182	1
0045239	1
0045252	1
0045254	3
0045261	3
0045263	1
0045271	1
0045273	4
0045275	2
0045277	1
0045300	1
0045333	1
0045454	2
0045550	1
0045861	1
0045892	4
0045893	1
0045900	1
0045936	1
0046025	1
0046026	1
0046081	1
0046118	1
0046140	1
0046177	1
0046292	1
0046294	1
0046316	1
0046395	1
0046416	1
0046417	1
0046429	1
0046449	1
0046513	1
0046537	1
0046653	4
0046654	2
0046677	1
0046685	2
0046688	1
0046718	2
0046855	1
0046857	1
0046872	91
0046873	1
0046912	1
0046914	4
0046917	1
0046933	5
0046983	1
0047300	1
0047304	1
0047324	2
0047343	1
0047400	1
0047429	2
0047480	1
0047570	1
0047617	3
0047733	1
0047789	1
0047804	1
0047810	1
0047869	2
0048038	5
0048040	1
0048472	1
0048473	2
0048501	1
0048502	3
0048511	1
0050032	1
0050126	1
0050129	1
0050136	1
0050242	1
0050311	1
0050380	1
0050385	1
0050480	1
0050485	1
0050487	1
0050511	1
0050515	1
0050518	1
0050532	1
0050567	2
0050568	1
0050570	1
0050656	4
0050660	34
0050661	13
0050797	1
0050898	5
0050920	1
0050992	1
0051007	1
0051073	1
0051082	6
0051083	1
0051087	2
0051116	3
0051131	1
0051139	1
0051213	2
0051252	1
0051262	1
0051266	1
0051287	24
0051290	1
0051301	9
0051470	4
0051536	24
0051537	26
0051539	15
0051596	1
0051603	1
0051731	1
0051745	1
0051903	1
0051907	1
0051920	6
0051989	1
0052381	1
0052547	1
0052693	1
0052717	1
0052873	1
0052906	1
0052913	1
0055052	105
0055085	218
0055130	1
0061024	1
0061077	1
0061542	6
0061599	2
0061710	1
0061712	1
0061799	1
0070004	1
0070006	4
0070007	1
0070063	5
0070064	1
0070069	1
0070402	2
0070403	52
0070475	1
0070573	1
0070814	1
0070905	1
0071555	3
0071704	1
0071709	1
0071949	4
0071951	1
0071973	12
0072488	2
0097367	2
0098024	1
0098561	6
0098567	1
0098797	1
0098869	1
0102208	5
0103117	1
0120225	1
0140078	1
0140110	1
0140359	251
0140662	2
0140701	1
1901135	2
1901137	1
1902358	2
1902495	3
1902600	4
1903826	1
1904047	25
1905887	2
1990204	2
1990397	1
1990586	2
1990610	1
1990961	1
