0000015	1
0000034	1
0000049	2
0000098	1
0000103	1
0000104	2
0000105	8
0000107	2
0000155	10
0000156	8
0000160	20
0000162	9
0000166	26
0000175	1
0000179	1
0000210	2
0000270	2
0000271	9
0000287	15
0000302	1
0000311	1
0000314	3
0000315	3
0000413	1
0000451	1
0000774	1
0000902	2
0000906	1
0000910	1
0000917	2
0000918	2
0000921	1
0000987	1
0001216	6
0001510	3
0001522	10
0001530	1
0001671	1
0001680	1
0001727	1
0002098	1
0002100	1
0002143	1
0002161	2
0002943	1
0002949	3
0003333	2
0003676	21
0003677	139
0003678	5
0003684	4
0003688	1
0003697	5
0003700	80
0003723	39
0003724	2
0003725	2
0003729	2
0003735	55
0003743	3
0003746	5
0003747	1
0003755	9
0003756	2
0003824	26
0003842	1
0003848	2
0003852	1
0003855	2
0003856	1
0003861	2
0003862	1
0003864	1
0003868	1
0003871	1
0003879	1
0003882	1
0003883	1
0003887	7
0003899	5
0003906	1
0003908	2
0003911	1
0003913	1
0003916	1
0003917	1
0003918	4
0003919	1
0003922	1
0003924	17
0003934	1
0003935	3
0003937	1
0003938	1
0003942	1
0003949	1
0003951	1
0003952	1
0003954	2
0003955	1
0003957	1
0003960	1
0003977	1
0003978	2
0003983	1
0003984	1
0003987	1
0003988	1
0003989	4
0003991	1
0003994	2
0003995	2
0003998	1
0003999	1
0004013	1
0004015	1
0004017	1
0004018	1
0004019	1
0004022	1
0004029	1
0004042	1
0004044	1
0004045	2
0004048	1
0004049	2
0004055	1
0004056	1
0004057	1
0004067	1
0004068	1
0004070	1
0004072	1
0004073	1
0004075	2
0004076	2
0004077	1
0004084	1
0004088	1
0004096	1
0004107	1
0004109	2
0004115	1
0004124	2
0004140	1
0004141	1
0004143	1
0004146	1
0004148	2
0004149	1
0004150	1
0004151	2
0004152	1
0004156	1
0004160	2
0004170	1
0004174	1
0004176	4
0004177	1
0004190	2
0004222	9
0004252	11
0004309	1
0004314	2
0004315	3
0004316	1
0004318	1
0004324	2
0004325	1
0004326	1
0004332	1
0004333	1
0004334	1
0004347	1
0004349	1
0004350	1
0004356	2
0004357	1
0004358	1
0004360	1
0004363	1
0004364	1
0004366	2
0004368	1
0004370	1
0004372	1
0004385	1
0004386	1
0004397	1
0004399	1
0004400	1
0004412	1
0004413	1
0004416	1
0004417	1
0004418	1
0004424	1
0004425	1
0004427	1
0004450	1
0004451	1
0004457	1
0004462	1
0004470	2
0004471	2
0004474	1
0004478	1
0004479	1
0004489	1
0004497	8
0004514	1
0004516	1
0004518	3
0004519	8
0004520	1
0004521	2
0004523	1
0004525	1
0004526	1
0004536	2
0004540	4
0004550	1
0004553	2
0004585	1
0004588	1
0004590	1
0004591	1
0004592	1
0004594	1
0004595	1
0004601	3
0004602	2
0004604	1
0004605	2
0004609	1
0004611	1
0004618	1
0004619	1
0004632	1
0004633	1
0004634	1
0004635	1
0004636	1
0004637	1
0004638	2
0004639	1
0004640	1
0004641	1
0004642	1
0004643	1
0004644	2
0004648	1
0004654	1
0004655	1
0004657	1
0004659	1
0004664	1
0004672	3
0004673	7
0004674	4
0004721	1
0004725	3
0004733	1
0004735	1
0004748	1
0004749	1
0004750	2
0004751	1
0004764	1
0004781	1
0004784	3
0004789	1
0004791	1
0004794	1
0004795	1
0004798	1
0004799	1
0004801	1
0004802	1
0004803	11
0004806	1
0004807	1
0004810	1
0004812	4
0004813	1
0004814	1
0004817	1
0004818	1
0004819	1
0004820	2
0004821	1
0004822	1
0004823	1
0004824	2
0004825	1
0004826	2
0004827	1
0004828	1
0004829	1
0004830	1
0004831	1
0004832	1
0004834	5
0004844	1
0004845	1
0004851	1
0004852	1
0004853	2
0004857	1
0005047	1
0005048	1
0005198	5
0005215	10
0005216	1
0005254	2
0005267	1
0005283	2
0005298	2
0005319	1
0005342	1
0005375	1
0005436	1
0005488	1
0005506	12
0005507	3
0005515	31
0005524	157
0005525	34
0005548	1
0005576	3
0005694	3
0005737	50
0005739	1
0005829	2
0005840	33
0005854	1
0005886	61
0005960	1
0005975	8
0006006	2
0006011	1
0006012	2
0006015	1
0006020	1
0006040	1
0006047	1
0006048	1
0006068	1
0006072	2
0006081	2
0006082	1
0006086	1
0006089	2
0006090	1
0006094	3
0006096	7
0006097	1
0006098	3
0006099	12
0006106	1
0006108	1
0006109	1
0006116	2
0006120	1
0006139	1
0006144	2
0006146	1
0006147	1
0006163	1
0006164	4
0006166	1
0006177	1
0006188	1
0006189	6
0006203	1
0006207	3
0006212	1
0006221	3
0006222	1
0006226	1
0006229	1
0006231	1
0006233	1
0006241	1
0006259	1
0006260	16
0006261	1
0006265	5
0006269	1
0006270	2
0006275	1
0006281	24
0006282	1
0006284	4
0006289	3
0006298	2
0006302	2
0006310	24
0006313	5
0006351	7
0006352	3
0006353	3
0006355	88
0006364	9
0006396	8
0006397	1
0006400	8
0006402	2
0006412	60
0006413	3
0006414	5
0006415	4
0006418	2
0006419	1
0006420	1
0006423	1
0006424	3
0006425	1
0006426	2
0006427	1
0006428	1
0006429	1
0006430	2
0006431	1
0006432	2
0006433	1
0006434	1
0006435	1
0006436	1
0006437	1
0006438	1
0006450	1
0006457	10
0006465	3
0006468	3
0006470	3
0006486	6
0006508	27
0006520	6
0006522	3
0006523	1
0006526	4
0006527	6
0006528	1
0006531	1
0006535	3
0006537	2
0006541	2
0006542	2
0006547	1
0006548	2
0006556	1
0006559	3
0006561	4
0006564	2
0006568	1
0006569	2
0006572	3
0006574	1
0006592	2
0006605	2
0006614	1
0006629	4
0006631	6
0006633	17
0006636	2
0006644	1
0006654	1
0006662	1
0006730	2
0006741	1
0006744	6
0006747	1
0006749	9
0006750	2
0006760	1
0006772	1
0006777	5
0006779	6
0006780	1
0006782	1
0006790	6
0006796	2
0006798	1
0006799	2
0006801	2
0006808	1
0006810	14
0006811	2
0006812	8
0006813	3
0006814	4
0006817	7
0006820	1
0006825	1
0006826	2
0006833	1
0006835	2
0006847	1
0006855	3
0006864	1
0006865	30
0006869	3
0006886	3
0006935	2
0006950	5
0006974	1
0006979	7
0007030	1
0007059	4
0007155	2
0007165	13
0008033	11
0008080	15
0008081	1
0008094	1
0008106	1
0008113	1
0008126	1
0008131	1
0008134	1
0008135	1
0008137	6
0008138	1
0008152	12
0008153	1
0008168	23
0008171	2
0008172	1
0008173	5
0008176	1
0008177	1
0008186	1
0008198	2
0008233	6
0008236	1
0008237	10
0008251	1
0008252	1
0008270	24
0008276	1
0008289	6
0008299	3
0008320	1
0008324	5
0008360	7
0008374	1
0008375	2
0008379	3
0008381	5
0008408	4
0008409	1
0008410	4
0008412	1
0008428	1
0008441	1
0008442	1
0008444	1
0008479	1
0008483	4
0008490	1
0008495	1
0008509	1
0008519	3
0008534	1
0008556	3
0008610	3
0008615	5
0008616	3
0008641	1
0008649	2
0008654	11
0008658	2
0008661	1
0008666	1
0008676	1
0008681	1
0008684	1
0008685	1
0008686	2
0008690	1
0008695	4
0008696	1
0008701	1
0008703	1
0008705	1
0008710	1
0008716	1
0008718	1
0008721	1
0008725	1
0008726	1
0008728	2
0008734	1
0008745	1
0008750	1
0008752	2
0008753	4
0008757	15
0008760	1
0008761	1
0008762	1
0008763	1
0008764	1
0008773	1
0008774	1
0008780	1
0008784	3
0008785	1
0008791	2
0008794	2
0008797	1
0008800	2
0008803	1
0008813	1
0008817	1
0008821	1
0008829	1
0008832	1
0008835	1
0008836	1
0008837	1
0008839	1
0008840	1
0008851	1
0008854	1
0008860	1
0008864	1
0008881	2
0008882	1
0008883	1
0008887	1
0008892	1
0008893	2
0008897	1
0008899	1
0008902	1
0008907	1
0008914	1
0008915	1
0008924	1
0008926	1
0008932	2
0008933	3
0008934	1
0008939	1
0008941	1
0008942	2
0008955	1
0008961	1
0008963	1
0008964	1
0008966	1
0008972	1
0008976	2
0008977	1
0008982	1
0008986	1
0008987	1
0008988	1
0008990	2
0008999	1
0009001	1
0009009	2
0009014	1
0009015	1
0009016	1
0009017	1
0009022	1
0009029	1
0009030	1
0009037	1
0009052	1
0009055	15
0009056	3
0009058	6
0009073	5
0009081	1
0009082	4
0009086	6
0009088	3
0009089	9
0009094	1
0009097	2
0009098	4
0009102	6
0009107	2
0009113	2
0009116	2
0009117	1
0009132	5
0009146	1
0009152	3
0009156	1
0009165	1
0009190	1
0009220	1
0009228	7
0009229	1
0009236	3
0009240	1
0009244	2
0009245	6
0009249	2
0009252	21
0009253	2
0009254	1
0009263	1
0009267	1
0009268	1
0009274	2
0009276	1
0009279	32
0009289	2
0009290	1
0009294	1
0009297	5
0009306	12
0009308	1
0009316	2
0009317	5
0009320	1
0009331	1
0009338	1
0009340	1
0009349	1
0009358	2
0009360	2
0009368	3
0009378	2
0009379	1
0009380	2
0009381	1
0009396	5
0009398	1
0009408	2
0009423	3
0009432	1
0009435	5
0009448	1
0009451	7
0009486	4
0009636	1
0009691	2
0009882	1
0009898	1
0009966	1
0009975	2
0009982	10
0010124	9
0010181	27
0010340	1
0015031	9
0015035	4
0015036	1
0015074	8
0015078	6
0015079	2
0015093	1
0015098	1
0015103	4
0015109	3
0015116	1
0015129	1
0015136	1
0015159	2
0015171	11
0015205	2
0015218	1
0015221	4
0015250	1
0015252	4
0015267	11
0015288	12
0015291	2
0015293	12
0015297	5
0015343	3
0015412	1
0015415	3
0015419	3
0015424	1
0015450	3
0015451	1
0015473	2
0015501	1
0015562	8
0015616	1
0015627	13
0015628	16
0015643	1
0015658	1
0015662	1
0015663	1
0015689	2
0015700	1
0015703	3
0015727	1
0015739	1
0015774	2
0015802	1
0015803	1
0015813	1
0015824	2
0015826	1
0015833	2
0015837	1
0015849	1
0015851	2
0015890	1
0015891	10
0015914	1
0015920	4
0015930	2
0015934	8
0015935	6
0015937	4
0015940	2
0015941	1
0015949	2
0015970	2
0015976	1
0015977	1
0015986	8
0015990	3
0016020	269
0016024	2
0016032	1
0016034	1
0016042	2
0016051	1
0016114	1
0016149	2
0016153	1
0016159	2
0016208	1
0016226	9
0016301	5
0016310	15
0016311	4
0016407	1
0016410	2
0016421	1
0016433	1
0016434	1
0016436	1
0016462	2
0016491	61
0016539	1
0016540	1
0016597	1
0016598	1
0016600	1
0016614	3
0016615	1
0016616	5
0016620	4
0016624	1
0016627	7
0016628	1
0016638	1
0016639	2
0016645	1
0016646	1
0016651	2
0016655	1
0016682	3
0016701	1
0016703	1
0016705	2
0016706	2
0016709	3
0016717	4
0016740	11
0016746	27
0016747	12
0016757	12
0016763	2
0016765	2
0016772	5
0016773	1
0016774	1
0016776	2
0016779	3
0016780	3
0016782	2
0016783	3
0016787	67
0016788	4
0016790	14
0016791	7
0016799	2
0016810	2
0016811	3
0016812	1
0016817	6
0016818	1
0016829	4
0016830	1
0016831	2
0016832	2
0016836	5
0016841	1
0016846	3
0016853	7
0016866	1
0016868	1
0016872	1
0016874	4
0016879	1
0016881	1
0016884	1
0016887	40
0016896	1
0016901	2
0016987	4
0016992	2
0017000	2
0017038	2
0017076	1
0017136	1
0017148	1
0017150	3
0018104	1
0018117	1
0018177	1
0018193	1
0018339	1
0018364	2
0018498	1
0018576	2
0018578	2
0018618	2
0018659	1
0018738	1
0018849	2
0018850	2
0019068	4
0019082	1
0019104	2
0019134	1
0019152	1
0019171	1
0019213	1
0019243	1
0019264	1
0019277	1
0019288	3
0019290	3
0019346	3
0019354	1
0019361	1
0019379	1
0019380	5
0019427	1
0019430	1
0019464	1
0019538	1
0019556	2
0019593	1
0019615	2
0019619	5
0019629	2
0019632	1
0019646	2
0019679	2
0019752	2
0019825	1
0019829	1
0019835	1
0019843	3
0019856	1
0019867	5
0019899	1
0020037	10
0022625	5
0022627	3
0022841	1
0022857	77
0022900	3
0022904	1
0030001	4
0030091	2
0030145	3
0030163	1
0030170	24
0030234	1
0030253	2
0030256	1
0030261	2
0030272	1
0030288	5
0030366	1
0030420	1
0030428	1
0030430	1
0030435	1
0030488	1
0030497	1
0030527	2
0030552	1
0030554	2
0030604	1
0030612	1
0030638	1
0030643	1
0030674	1
0030697	1
0030956	2
0030964	1
0030973	1
0030976	5
0030983	2
0031004	2
0031012	1
0031071	1
0031167	4
0031388	1
0031402	2
0031418	1
0031419	1
0031522	2
0031992	3
0032049	2
0032153	1
0032196	1
0032259	12
0032297	1
0032329	1
0032784	4
0032955	1
0032977	1
0032993	1
0033014	3
0033103	13
0033104	6
0033232	4
0033711	1
0033739	1
0033743	1
0033744	1
0033819	1
0033856	1
0033862	1
0033890	1
0033971	2
0034040	1
0034204	1
0034220	3
0034702	1
0035438	2
0035556	1
0035870	1
0036211	6
0036222	1
0036382	3
0036424	1
0036440	2
0036524	1
0038023	3
0042026	2
0042128	1
0042132	1
0042158	1
0042254	5
0042273	1
0042286	1
0042450	2
0042578	3
0042586	2
0042597	7
0042626	33
0042710	1
0042773	3
0042780	2
0042802	9
0042803	4
0042834	9
0042884	1
0042908	4
0042910	2
0042919	1
0042925	1
0042952	5
0042953	3
0043022	5
0043039	2
0043093	4
0043101	1
0043107	2
0043115	1
0043165	1
0043190	10
0043213	1
0043295	2
0043335	1
0043531	1
0043565	20
0043571	3
0043633	1
0043639	1
0043683	4
0043708	1
0043711	2
0043752	1
0043805	1
0043824	2
0043867	1
0043934	1
0043952	3
0043953	1
0044010	1
0044205	1
0044238	1
0044341	1
0044423	3
0044571	2
0044668	1
0044877	1
0045017	1
0045150	1
0045182	1
0045239	1
0045252	1
0045254	1
0045259	4
0045271	1
0045273	2
0045454	2
0045892	3
0045900	1
0045936	1
0046081	1
0046110	1
0046118	1
0046278	2
0046294	1
0046416	1
0046421	1
0046429	1
0046654	2
0046656	1
0046677	2
0046685	5
0046690	2
0046718	1
0046820	1
0046872	109
0046873	3
0046914	1
0046917	1
0046930	1
0046933	5
0046942	1
0047134	1
0047429	2
0047456	1
0047472	1
0047475	1
0047480	1
0047570	3
0047575	1
0047617	5
0047834	2
0048034	1
0048038	6
0048473	4
0048501	1
0050084	1
0050136	7
0050151	1
0050269	2
0050311	1
0050334	1
0050380	1
0050415	1
0050427	1
0050440	1
0050446	1
0050480	1
0050511	1
0050515	1
0050518	1
0050567	2
0050570	1
0050660	19
0050661	10
0050992	1
0051073	1
0051082	7
0051083	1
0051087	2
0051139	3
0051205	1
0051213	2
0051252	1
0051262	1
0051266	1
0051276	1
0051287	18
0051301	9
0051409	1
0051536	13
0051537	10
0051539	19
0051540	1
0051596	1
0051604	1
0051607	2
0051745	1
0051903	1
0051920	5
0051989	1
0052381	1
0052621	9
0052689	2
0052693	1
0052873	1
0052906	1
0052913	1
0055052	13
0055085	111
0055130	1
0061024	1
0061503	1
0061542	1
0061599	1
0061603	1
0061710	1
0061929	1
0070006	4
0070063	3
0070069	2
0070085	1
0070206	1
0070401	4
0070402	2
0070403	10
0070475	2
0070733	2
0070905	1
0070906	1
0070968	1
0071111	1
0071268	1
0071555	6
0071705	1
0071709	1
0071805	2
0071949	10
0071951	1
0071972	1
0072488	3
0090483	2
0090529	1
0097163	2
0097266	1
0097347	1
0097367	2
0098567	2
0098662	1
0098869	1
0102039	2
0103117	1
0110001	2
0110142	1
0120010	1
0140078	1
0140098	1
0140110	1
0140327	1
0140358	1
0140359	32
0140657	1
0140658	1
0140662	3
0141098	1
0170035	1
1901137	2
1901891	1
1902358	3
1902495	3
1902600	6
1903424	1
1903425	1
1904047	33
1904680	1
1905039	1
1905887	1
1990063	1
1990107	1
1990531	1
1990610	1
1990817	1
1990961	1
