0000015	1
0000049	2
0000103	1
0000104	2
0000105	12
0000107	2
0000150	2
0000155	15
0000156	23
0000160	40
0000162	6
0000166	23
0000175	1
0000179	1
0000270	4
0000271	11
0000272	2
0000287	17
0000302	1
0000311	1
0000314	3
0000315	3
0000413	1
0000451	1
0000774	1
0000902	2
0000906	1
0000910	4
0000917	1
0001216	3
0001510	3
0001522	8
0001530	1
0001539	5
0001680	1
0002098	1
0002100	1
0002161	1
0002949	3
0003676	14
0003677	121
0003678	6
0003684	5
0003688	1
0003697	3
0003700	45
0003723	38
0003724	1
0003725	2
0003735	55
0003743	3
0003746	5
0003747	2
0003755	5
0003756	1
0003774	5
0003824	30
0003844	1
0003848	1
0003849	1
0003852	1
0003855	1
0003856	1
0003861	2
0003862	1
0003864	1
0003866	1
0003871	1
0003879	1
0003882	1
0003883	1
0003887	8
0003899	6
0003906	1
0003908	1
0003910	1
0003911	1
0003913	1
0003916	2
0003917	1
0003918	4
0003922	1
0003924	17
0003933	2
0003935	3
0003937	1
0003938	1
0003941	1
0003942	1
0003949	1
0003951	1
0003952	1
0003954	1
0003955	1
0003964	1
0003977	1
0003978	2
0003983	1
0003984	1
0003987	1
0003989	3
0003991	1
0003994	1
0003999	1
0004013	1
0004015	1
0004017	1
0004018	1
0004019	1
0004035	2
0004039	1
0004042	1
0004044	1
0004045	1
0004048	1
0004049	2
0004055	1
0004056	1
0004057	1
0004068	1
0004070	1
0004072	1
0004073	1
0004075	1
0004076	1
0004077	1
0004084	1
0004088	1
0004089	1
0004096	1
0004107	1
0004108	2
0004109	2
0004112	1
0004124	2
0004127	1
0004129	9
0004134	1
0004140	1
0004141	1
0004143	1
0004146	1
0004148	1
0004150	1
0004151	1
0004152	1
0004156	1
0004160	1
0004170	1
0004174	1
0004175	1
0004176	4
0004177	3
0004190	4
0004197	2
0004222	11
0004252	6
0004311	1
0004314	1
0004315	5
0004316	1
0004318	1
0004322	2
0004324	1
0004325	1
0004326	1
0004328	1
0004329	1
0004332	1
0004345	1
0004347	1
0004349	1
0004350	1
0004356	6
0004357	1
0004358	1
0004360	1
0004363	1
0004371	1
0004372	2
0004373	1
0004385	1
0004386	2
0004399	1
0004400	2
0004412	1
0004413	1
0004416	1
0004418	1
0004424	1
0004425	1
0004427	1
0004450	1
0004456	1
0004462	1
0004478	1
0004479	1
0004488	1
0004489	1
0004497	2
0004514	1
0004518	6
0004519	1
0004523	2
0004525	1
0004526	1
0004536	2
0004540	3
0004550	1
0004553	4
0004585	1
0004588	1
0004590	1
0004592	1
0004594	1
0004595	1
0004602	1
0004604	1
0004605	3
0004609	1
0004616	1
0004618	1
0004619	1
0004632	1
0004633	1
0004634	1
0004635	1
0004636	1
0004637	1
0004638	2
0004639	1
0004640	1
0004641	1
0004642	1
0004643	1
0004644	1
0004648	1
0004654	1
0004655	1
0004659	2
0004664	1
0004672	2
0004673	9
0004674	2
0004719	2
0004721	1
0004722	2
0004725	2
0004735	1
0004738	1
0004742	1
0004743	1
0004748	2
0004749	1
0004750	1
0004751	2
0004764	2
0004765	1
0004781	1
0004784	1
0004789	1
0004791	1
0004794	1
0004795	1
0004798	1
0004799	1
0004801	1
0004802	1
0004803	12
0004807	3
0004808	1
0004810	1
0004812	3
0004813	1
0004814	1
0004817	1
0004818	1
0004819	1
0004820	2
0004821	1
0004822	1
0004823	1
0004824	1
0004825	1
0004826	2
0004827	1
0004828	1
0004829	1
0004830	1
0004831	1
0004832	1
0004834	2
0004844	1
0004847	1
0004851	1
0004852	2
0004853	1
0004866	1
0005047	1
0005048	1
0005198	7
0005215	5
0005247	1
0005267	1
0005315	1
0005319	1
0005344	3
0005381	1
0005506	7
0005507	2
0005509	3
0005515	29
0005524	190
0005525	31
0005694	2
0005737	51
0005739	1
0005829	2
0005840	31
0005854	1
0005886	70
0005960	1
0005975	17
0005978	2
0005980	1
0006006	2
0006011	1
0006012	2
0006015	1
0006040	1
0006048	1
0006071	2
0006072	1
0006086	1
0006090	1
0006094	2
0006096	10
0006098	5
0006099	9
0006109	1
0006116	1
0006120	1
0006139	1
0006163	1
0006164	4
0006168	1
0006177	1
0006188	1
0006189	5
0006207	3
0006221	2
0006222	1
0006226	1
0006229	2
0006231	1
0006233	1
0006241	1
0006259	1
0006260	15
0006261	2
0006265	5
0006269	1
0006270	2
0006275	1
0006281	23
0006282	1
0006284	4
0006289	3
0006298	2
0006304	1
0006308	2
0006310	27
0006351	5
0006352	8
0006353	3
0006354	1
0006355	70
0006364	10
0006396	7
0006400	9
0006401	1
0006402	1
0006412	60
0006413	3
0006414	5
0006415	5
0006418	2
0006419	1
0006420	1
0006423	1
0006424	3
0006425	1
0006426	2
0006427	1
0006428	1
0006429	1
0006430	1
0006431	1
0006432	2
0006433	1
0006434	1
0006435	1
0006436	1
0006437	1
0006438	1
0006450	1
0006457	9
0006465	1
0006468	3
0006470	4
0006482	1
0006486	8
0006508	33
0006520	3
0006522	1
0006523	1
0006526	4
0006535	4
0006537	2
0006541	2
0006542	6
0006556	1
0006561	3
0006564	2
0006568	1
0006592	2
0006605	4
0006614	1
0006629	1
0006631	1
0006633	14
0006636	1
0006654	2
0006662	1
0006729	1
0006730	4
0006741	1
0006744	6
0006749	3
0006750	2
0006760	1
0006777	7
0006779	5
0006780	2
0006782	2
0006783	2
0006790	5
0006796	2
0006797	1
0006799	1
0006801	1
0006808	3
0006810	11
0006811	1
0006812	5
0006813	4
0006814	2
0006817	6
0006821	1
0006824	1
0006826	4
0006833	1
0006855	1
0006865	1
0006869	1
0006874	1
0006885	1
0006886	3
0006935	10
0006950	1
0006974	1
0006979	3
0007059	5
0007155	2
0007165	25
0008033	9
0008080	6
0008094	1
0008097	1
0008113	1
0008115	2
0008119	1
0008121	2
0008124	1
0008134	2
0008135	1
0008137	6
0008152	6
0008153	1
0008168	13
0008170	1
0008172	1
0008173	4
0008175	1
0008176	1
0008177	1
0008186	1
0008194	2
0008198	1
0008199	3
0008233	4
0008234	1
0008236	2
0008237	8
0008251	1
0008252	1
0008270	20
0008273	1
0008276	1
0008289	2
0008295	1
0008299	4
0008311	1
0008320	1
0008324	3
0008360	6
0008374	1
0008375	4
0008379	3
0008381	2
0008408	3
0008409	2
0008412	1
0008413	1
0008441	1
0008444	1
0008460	1
0008479	1
0008483	3
0008490	1
0008495	1
0008519	3
0008534	1
0008535	3
0008556	4
0008610	5
0008615	3
0008616	4
0008641	1
0008643	1
0008649	2
0008652	2
0008653	1
0008654	10
0008658	3
0008661	1
0008662	1
0008666	1
0008675	1
0008676	1
0008685	1
0008686	3
0008690	1
0008696	1
0008700	1
0008703	1
0008705	1
0008710	1
0008712	1
0008716	1
0008718	1
0008725	1
0008726	1
0008728	2
0008734	1
0008745	2
0008753	1
0008754	2
0008755	2
0008757	9
0008760	1
0008762	1
0008763	1
0008764	1
0008773	1
0008779	1
0008780	1
0008783	1
0008784	1
0008785	1
0008794	1
0008802	1
0008803	1
0008808	2
0008812	1
0008813	1
0008817	2
0008821	1
0008828	1
0008829	2
0008830	1
0008835	1
0008836	1
0008837	1
0008839	1
0008840	1
0008851	1
0008855	2
0008863	2
0008864	1
0008878	1
0008879	1
0008881	1
0008882	1
0008883	1
0008893	2
0008897	1
0008899	1
0008902	1
0008914	1
0008915	1
0008920	2
0008922	1
0008924	1
0008932	1
0008933	4
0008939	1
0008942	2
0008948	1
0008955	2
0008961	1
0008963	1
0008964	1
0008965	2
0008966	1
0008967	1
0008968	1
0008972	1
0008976	2
0008982	1
0008984	2
0008986	1
0008988	2
0008999	1
0009001	2
0009002	4
0009009	3
0009014	1
0009016	1
0009022	1
0009029	1
0009030	1
0009039	2
0009052	2
0009055	36
0009058	8
0009059	2
0009060	3
0009061	1
0009073	5
0009081	1
0009082	3
0009086	7
0009088	3
0009089	9
0009094	1
0009097	2
0009098	3
0009102	6
0009103	3
0009107	1
0009113	2
0009116	3
0009117	1
0009146	1
0009152	3
0009156	1
0009165	1
0009190	3
0009220	1
0009225	1
0009228	6
0009236	9
0009240	1
0009244	4
0009245	5
0009249	2
0009252	21
0009253	2
0009254	1
0009255	2
0009263	1
0009267	1
0009274	2
0009279	29
0009288	5
0009289	1
0009290	1
0009294	1
0009297	2
0009306	17
0009307	1
0009316	2
0009317	4
0009318	2
0009320	1
0009326	3
0009331	1
0009340	1
0009349	1
0009358	1
0009360	3
0009368	2
0009378	2
0009379	1
0009380	2
0009381	1
0009396	4
0009401	4
0009408	3
0009423	2
0009424	2
0009425	1
0009426	1
0009427	1
0009428	2
0009431	2
0009432	1
0009435	4
0009448	1
0009451	8
0009636	2
0009678	1
0009691	1
0009898	3
0009966	5
0009975	8
0009982	8
0010038	1
0010181	12
0010257	1
0010340	1
0010974	1
0015031	11
0015035	7
0015036	2
0015074	10
0015078	4
0015079	2
0015081	1
0015087	1
0015093	3
0015095	1
0015098	2
0015103	2
0015109	1
0015112	1
0015136	1
0015171	1
0015221	4
0015232	3
0015250	1
0015252	3
0015267	6
0015288	12
0015291	1
0015293	1
0015297	2
0015343	2
0015385	1
0015415	3
0015419	3
0015450	3
0015562	17
0015616	1
0015627	13
0015628	21
0015662	2
0015666	1
0015689	3
0015693	1
0015700	1
0015703	1
0015706	1
0015739	1
0015803	2
0015840	5
0015846	1
0015886	3
0015891	5
0015914	2
0015920	4
0015930	2
0015934	8
0015935	7
0015937	3
0015940	2
0015941	1
0015942	2
0015948	1
0015949	2
0015970	2
0015976	1
0015977	1
0015986	8
0015990	2
0016020	206
0016024	3
0016051	4
0016114	1
0016117	1
0016149	2
0016151	5
0016192	1
0016208	1
0016226	7
0016301	3
0016310	8
0016311	4
0016410	2
0016433	1
0016434	1
0016436	1
0016462	2
0016491	47
0016530	1
0016531	1
0016597	1
0016598	1
0016614	3
0016616	1
0016620	2
0016627	2
0016638	2
0016645	1
0016651	2
0016655	3
0016667	1
0016684	1
0016705	3
0016706	1
0016709	1
0016717	1
0016722	2
0016740	14
0016746	9
0016747	5
0016755	1
0016757	16
0016758	2
0016763	1
0016765	1
0016772	2
0016773	1
0016776	3
0016779	6
0016780	5
0016782	2
0016783	2
0016787	38
0016788	4
0016790	1
0016791	7
0016793	1
0016798	1
0016799	2
0016810	2
0016811	1
0016829	4
0016831	1
0016836	2
0016840	4
0016841	1
0016849	3
0016853	4
0016854	1
0016857	1
0016866	2
0016868	2
0016874	7
0016879	1
0016881	1
0016884	1
0016887	51
0016896	1
0016901	1
0016987	9
0016992	1
0017003	1
0017004	9
0017013	1
0017038	2
0017057	1
0017121	1
0017128	1
0017148	1
0017150	1
0018104	1
0018149	1
0018189	8
0018193	1
0018277	1
0018339	1
0018364	2
0018493	1
0018759	1
0019104	3
0019134	1
0019171	1
0019172	2
0019177	1
0019213	2
0019243	1
0019264	2
0019277	1
0019285	2
0019288	3
0019305	3
0019346	1
0019354	1
0019379	1
0019427	1
0019430	1
0019464	1
0019509	1
0019538	1
0019557	1
0019627	6
0019629	1
0019632	1
0019646	2
0019647	2
0019679	2
0019808	1
0019825	3
0019829	2
0019835	1
0019843	4
0019856	1
0019867	7
0019899	1
0020037	28
0022625	5
0022627	3
0022841	1
0022857	50
0022877	1
0022900	6
0022904	4
0030001	4
0030091	4
0030145	1
0030151	2
0030163	2
0030170	19
0030234	2
0030246	1
0030253	2
0030261	3
0030270	1
0030288	5
0030428	1
0030488	1
0030527	1
0030551	1
0030552	4
0030604	1
0030612	2
0030643	1
0030694	3
0030894	1
0030955	1
0030956	2
0030983	2
0031004	2
0031071	1
0031167	2
0031240	1
0031267	1
0031418	1
0031419	2
0031460	1
0031522	2
0031992	1
0032049	2
0032150	1
0032259	6
0032300	1
0032363	1
0032555	2
0032784	4
0032977	1
0032993	2
0033014	5
0033219	1
0033221	5
0033573	1
0033617	1
0033739	1
0033743	1
0033744	1
0033818	1
0033819	1
0033856	1
0033862	1
0034204	1
0034220	1
0034755	1
0035435	2
0035438	2
0035550	1
0035556	3
0035870	1
0036211	6
0036222	1
0036424	1
0038023	2
0042026	2
0042128	1
0042132	2
0042158	1
0042242	1
0042254	6
0042273	1
0042274	1
0042286	1
0042301	1
0042450	2
0042586	1
0042597	3
0042626	40
0042710	2
0042773	3
0042802	10
0042803	1
0042834	6
0042908	5
0042953	3
0043022	6
0043024	1
0043093	2
0043107	3
0043115	1
0043165	1
0043169	1
0043190	10
0043213	1
0043295	1
0043335	1
0043419	1
0043448	1
0043462	1
0043546	2
0043565	4
0043633	1
0043683	5
0043687	3
0043708	2
0043752	1
0043755	1
0043800	1
0043801	2
0043811	1
0043952	3
0043953	1
0044096	2
0044183	2
0044205	1
0044571	1
0044780	9
0044781	2
0045182	1
0045254	2
0045259	4
0045271	1
0045273	2
0045275	1
0045277	1
0045454	1
0045861	2
0045892	3
0045893	2
0045900	2
0045936	1
0046081	1
0046118	1
0046167	1
0046421	1
0046429	1
0046523	1
0046653	2
0046654	1
0046656	2
0046685	4
0046820	2
0046857	1
0046872	115
0046873	4
0046905	1
0046914	2
0046917	1
0046930	1
0046933	5
0046983	2
0047134	1
0047324	1
0047429	2
0047480	1
0047547	1
0047617	2
0047804	1
0047952	1
0048038	4
0048472	1
0048501	1
0050129	1
0050136	3
0050311	1
0050380	1
0050440	1
0050446	1
0050511	1
0050515	1
0050518	1
0050567	2
0050568	2
0050570	1
0050660	14
0050661	8
0050920	1
0050992	1
0051073	1
0051082	7
0051083	1
0051087	2
0051119	1
0051139	3
0051235	2
0051259	1
0051266	1
0051287	13
0051301	9
0051536	12
0051537	10
0051539	18
0051540	1
0051596	1
0051604	2
0051745	1
0051920	3
0051989	1
0052381	1
0052621	8
0052689	1
0052693	1
0052906	1
0052913	1
0055052	19
0055085	74
0055130	1
0061077	2
0061503	1
0061542	1
0061599	1
0061710	2
0061799	1
0065003	1
0070006	4
0070063	3
0070064	1
0070401	1
0070402	1
0070403	6
0070475	2
0070733	1
0070905	1
0070968	1
0071111	9
0071268	1
0071555	6
0071705	1
0071709	1
0071805	3
0071949	8
0071951	1
0071972	1
0071973	12
0072488	3
0097163	1
0097347	1
0097367	2
0097657	1
0102039	1
0103117	1
0106219	1
0106361	1
0110142	1
0140078	1
0140098	2
0140110	1
0140327	1
0140358	1
0140359	43
0140662	2
0140737	2
0170035	1
1901135	2
1901137	1
1901515	2
1902208	2
1902358	2
1902495	1
1902600	4
1904047	19
1904091	1
1905887	5
1990107	1
1990229	1
1990586	1
1990610	1
1990817	1
