0000015	1
0000034	1
0000049	4
0000103	2
0000104	1
0000105	9
0000107	2
0000150	5
0000155	5
0000156	7
0000160	26
0000162	5
0000166	26
0000179	1
0000210	1
0000272	1
0000286	1
0000287	15
0000311	1
0000314	3
0000315	3
0000400	1
0000413	3
0000451	1
0000724	2
0000902	2
0000906	1
0000910	1
0001072	4
0001216	4
0001510	2
0001522	7
0001539	4
0002098	1
0002100	1
0002161	1
0002943	1
0002949	3
0003676	18
0003677	124
0003678	7
0003684	6
0003688	1
0003697	7
0003700	63
0003723	31
0003725	1
0003735	54
0003743	3
0003746	4
0003747	1
0003755	8
0003774	4
0003824	22
0003842	1
0003848	1
0003849	1
0003852	1
0003855	1
0003856	1
0003858	1
0003861	2
0003862	2
0003866	1
0003868	1
0003870	1
0003871	1
0003879	1
0003883	1
0003886	3
0003887	12
0003896	1
0003899	4
0003904	1
0003906	1
0003908	1
0003910	2
0003911	1
0003916	1
0003917	1
0003918	4
0003919	1
0003922	1
0003924	13
0003934	2
0003937	1
0003938	1
0003942	1
0003949	1
0003951	1
0003952	1
0003955	1
0003960	1
0003977	1
0003983	1
0003984	1
0003986	1
0003989	3
0003991	1
0003993	2
0003994	2
0003995	1
0004013	1
0004018	1
0004019	1
0004020	1
0004022	1
0004044	1
0004045	1
0004047	1
0004048	1
0004049	1
0004055	1
0004056	1
0004057	1
0004066	2
0004070	1
0004072	1
0004073	1
0004075	1
0004076	1
0004077	1
0004084	2
0004088	1
0004089	1
0004096	2
0004107	1
0004108	1
0004109	1
0004124	1
0004127	1
0004129	4
0004140	1
0004146	1
0004148	3
0004149	1
0004150	1
0004151	1
0004152	1
0004156	1
0004170	1
0004174	1
0004176	5
0004177	4
0004180	2
0004181	2
0004190	3
0004222	5
0004252	8
0004298	1
0004314	1
0004315	4
0004316	1
0004322	1
0004324	2
0004325	1
0004326	1
0004332	1
0004333	1
0004339	1
0004340	1
0004345	1
0004347	1
0004349	1
0004350	1
0004356	1
0004357	1
0004358	1
0004359	1
0004360	1
0004362	1
0004363	1
0004370	1
0004372	1
0004375	2
0004385	1
0004386	6
0004397	1
0004399	1
0004400	1
0004401	1
0004411	1
0004413	1
0004416	1
0004418	1
0004424	1
0004425	1
0004427	1
0004450	1
0004451	1
0004452	1
0004456	1
0004470	1
0004471	1
0004474	1
0004478	1
0004479	1
0004488	1
0004489	1
0004494	1
0004497	9
0004505	1
0004514	1
0004516	1
0004518	5
0004519	4
0004523	2
0004525	1
0004526	1
0004527	1
0004540	4
0004550	1
0004553	6
0004585	1
0004588	1
0004590	1
0004591	1
0004594	1
0004595	1
0004601	2
0004602	1
0004604	1
0004611	1
0004619	1
0004632	1
0004633	1
0004634	1
0004635	1
0004636	1
0004637	1
0004638	1
0004639	1
0004640	1
0004641	1
0004642	2
0004643	1
0004644	2
0004648	1
0004654	1
0004655	1
0004657	1
0004659	2
0004664	1
0004672	1
0004673	5
0004674	1
0004719	1
0004725	1
0004733	1
0004739	2
0004742	1
0004743	1
0004748	1
0004749	1
0004750	1
0004751	1
0004764	1
0004781	1
0004784	1
0004789	1
0004791	1
0004792	1
0004794	1
0004795	1
0004798	1
0004799	1
0004802	1
0004803	4
0004805	1
0004807	1
0004812	3
0004813	1
0004814	1
0004817	1
0004818	2
0004820	2
0004821	1
0004822	1
0004823	1
0004824	1
0004825	1
0004826	2
0004827	1
0004828	1
0004829	1
0004830	1
0004831	1
0004832	1
0004834	2
0004849	1
0004851	1
0004852	1
0004853	1
0004867	1
0004888	1
0005047	1
0005048	1
0005198	8
0005215	4
0005267	1
0005337	1
0005375	3
0005381	1
0005506	1
0005507	10
0005515	18
0005524	133
0005525	21
0005694	3
0005737	48
0005777	1
0005829	11
0005840	30
0005854	1
0005886	36
0005960	1
0005975	17
0005992	1
0006006	2
0006011	1
0006015	1
0006020	1
0006040	1
0006044	1
0006048	1
0006064	1
0006072	2
0006081	1
0006086	2
0006090	3
0006094	2
0006096	6
0006097	1
0006098	3
0006099	9
0006102	1
0006106	1
0006120	1
0006146	1
0006163	1
0006164	4
0006177	1
0006189	6
0006207	4
0006221	2
0006226	1
0006231	1
0006233	1
0006241	1
0006259	1
0006260	19
0006261	1
0006265	5
0006269	1
0006270	2
0006275	2
0006281	28
0006284	2
0006285	1
0006289	3
0006298	2
0006303	3
0006304	3
0006308	2
0006310	26
0006313	1
0006351	6
0006352	20
0006353	3
0006355	81
0006364	6
0006396	5
0006400	8
0006402	2
0006412	59
0006413	3
0006414	4
0006415	5
0006418	2
0006419	1
0006420	1
0006423	1
0006424	4
0006426	2
0006427	1
0006428	1
0006429	1
0006430	1
0006431	1
0006432	2
0006433	1
0006434	1
0006435	1
0006436	1
0006437	1
0006438	1
0006450	1
0006457	6
0006465	2
0006468	1
0006470	2
0006482	1
0006486	1
0006508	34
0006520	1
0006522	1
0006526	3
0006527	2
0006529	2
0006535	2
0006537	1
0006541	1
0006542	1
0006546	3
0006547	1
0006548	2
0006556	1
0006559	5
0006561	2
0006564	1
0006567	1
0006568	1
0006571	1
0006572	4
0006574	1
0006592	1
0006605	2
0006614	1
0006629	3
0006631	3
0006633	11
0006654	1
0006729	1
0006730	3
0006741	1
0006744	3
0006749	9
0006750	3
0006751	1
0006760	1
0006779	4
0006780	1
0006782	1
0006790	2
0006793	1
0006796	1
0006799	1
0006808	1
0006810	11
0006811	3
0006812	7
0006813	3
0006814	2
0006817	5
0006825	7
0006826	1
0006835	1
0006855	1
0006857	1
0006878	2
0006879	1
0006880	1
0006885	2
0006886	3
0006935	7
0006950	2
0006974	2
0006979	3
0007049	2
0007059	4
0007165	7
0008033	9
0008080	17
0008094	1
0008097	1
0008113	1
0008121	2
0008124	1
0008135	1
0008137	7
0008152	7
0008168	21
0008170	1
0008173	3
0008176	1
0008177	1
0008186	1
0008199	2
0008233	8
0008236	11
0008237	3
0008251	1
0008252	1
0008270	21
0008299	5
0008311	2
0008320	1
0008324	8
0008360	4
0008374	1
0008379	1
0008381	3
0008408	8
0008409	1
0008410	2
0008413	1
0008441	2
0008442	1
0008444	1
0008448	1
0008452	1
0008460	1
0008465	1
0008479	1
0008483	1
0008490	2
0008495	1
0008519	2
0008534	1
0008556	4
0008610	3
0008615	3
0008616	4
0008643	3
0008649	2
0008652	2
0008654	2
0008658	3
0008661	1
0008664	1
0008666	1
0008676	1
0008685	1
0008686	1
0008690	1
0008705	1
0008712	1
0008714	1
0008716	1
0008718	1
0008734	1
0008743	1
0008745	2
0008752	2
0008754	1
0008757	6
0008760	1
0008762	1
0008763	1
0008764	1
0008773	1
0008780	1
0008784	1
0008794	3
0008800	1
0008817	1
0008821	2
0008830	1
0008831	1
0008836	1
0008837	1
0008839	1
0008840	1
0008841	1
0008854	1
0008855	2
0008879	1
0008880	1
0008882	1
0008890	1
0008897	1
0008902	1
0008914	1
0008915	1
0008932	1
0008934	1
0008961	1
0008963	1
0008964	1
0008965	2
0008966	1
0008972	1
0008976	2
0008977	1
0008982	1
0008983	3
0008984	1
0008986	1
0008987	1
0008999	1
0009001	1
0009014	1
0009015	1
0009022	1
0009029	1
0009030	1
0009036	1
0009037	1
0009052	1
0009055	15
0009058	7
0009060	3
0009073	4
0009081	2
0009082	1
0009086	4
0009088	2
0009089	7
0009094	1
0009097	1
0009098	4
0009102	1
0009107	1
0009113	2
0009116	1
0009117	2
0009132	1
0009152	3
0009156	1
0009165	1
0009220	1
0009225	1
0009228	6
0009236	3
0009240	1
0009243	1
0009244	1
0009245	4
0009249	2
0009251	1
0009252	17
0009253	2
0009254	2
0009255	1
0009263	1
0009267	1
0009274	1
0009276	1
0009279	23
0009288	4
0009291	3
0009294	1
0009297	3
0009306	10
0009307	1
0009316	2
0009317	4
0009318	1
0009320	1
0009338	1
0009340	1
0009349	1
0009358	1
0009360	1
0009368	1
0009376	2
0009378	2
0009379	1
0009380	2
0009381	1
0009396	2
0009401	5
0009403	1
0009408	2
0009423	4
0009424	1
0009425	1
0009426	1
0009427	1
0009428	2
0009431	2
0009432	4
0009435	4
0009446	1
0009451	6
0009486	4
0009636	2
0009678	1
0009691	2
0009898	1
0009966	1
0009975	1
0009982	8
0010133	1
0010181	9
0010257	1
0010945	1
0015031	7
0015035	2
0015036	3
0015074	2
0015075	1
0015078	2
0015093	1
0015095	1
0015103	2
0015109	1
0015136	1
0015159	2
0015221	2
0015232	2
0015267	3
0015288	8
0015291	2
0015293	3
0015297	6
0015343	2
0015385	2
0015415	3
0015416	2
0015419	2
0015439	1
0015450	4
0015558	1
0015562	8
0015572	1
0015627	9
0015628	11
0015662	1
0015693	1
0015700	2
0015703	1
0015716	2
0015739	1
0015886	3
0015891	3
0015914	1
0015920	1
0015930	1
0015934	8
0015935	6
0015937	3
0015938	1
0015941	1
0015949	2
0015970	1
0015977	1
0015986	6
0015990	4
0016020	172
0016032	1
0016034	2
0016114	1
0016149	3
0016152	1
0016153	1
0016209	1
0016226	4
0016301	4
0016310	4
0016311	1
0016407	1
0016410	2
0016430	1
0016433	1
0016434	1
0016462	1
0016491	45
0016531	1
0016597	1
0016598	1
0016614	1
0016616	7
0016620	4
0016627	7
0016628	1
0016645	1
0016646	1
0016651	5
0016653	1
0016655	1
0016682	2
0016705	2
0016709	1
0016740	11
0016746	22
0016747	12
0016757	11
0016763	2
0016765	1
0016772	1
0016773	1
0016776	1
0016779	2
0016782	1
0016783	1
0016787	52
0016788	2
0016790	4
0016791	1
0016793	1
0016798	1
0016799	1
0016810	5
0016812	1
0016818	1
0016829	4
0016831	1
0016832	1
0016836	2
0016853	2
0016866	3
0016874	4
0016879	1
0016881	1
0016884	1
0016887	34
0016901	1
0016987	20
0016989	4
0016992	1
0017004	6
0017013	1
0017038	2
0017057	1
0017076	1
0017136	1
0017148	1
0017150	2
0018104	1
0018106	1
0018142	1
0018177	1
0018197	1
0018277	1
0018364	1
0018454	1
0018478	1
0018738	1
0019068	3
0019104	3
0019134	1
0019171	1
0019172	2
0019200	1
0019243	1
0019264	1
0019277	1
0019288	2
0019305	4
0019346	3
0019354	1
0019379	1
0019430	1
0019464	1
0019556	1
0019646	2
0019674	1
0019752	1
0019825	1
0019829	1
0019843	3
0019856	1
0019867	12
0019899	1
0020037	14
0022625	5
0022627	3
0022857	62
0022900	2
0022904	3
0030091	2
0030145	3
0030163	1
0030170	10
0030234	1
0030246	1
0030253	2
0030255	2
0030257	1
0030261	3
0030272	1
0030288	2
0030488	1
0030552	6
0030570	1
0030604	1
0030643	1
0030655	1
0030694	2
0030955	1
0030956	2
0030976	2
0030983	2
0031004	2
0031167	3
0031419	3
0031522	2
0031966	1
0031992	3
0032259	5
0032300	1
0032508	2
0032559	1
0032784	4
0032977	1
0033014	3
0033228	1
0033230	1
0033232	2
0033573	1
0033617	1
0033730	1
0033739	1
0033743	1
0033744	1
0033745	1
0033818	1
0033819	1
0033856	1
0033862	1
0033890	2
0033958	1
0034204	1
0034220	3
0034755	1
0035539	1
0035673	1
0035870	1
0036211	3
0036222	1
0036297	1
0036374	1
0042026	2
0042132	1
0042158	1
0042254	4
0042450	2
0042578	1
0042597	12
0042619	2
0042626	19
0042732	1
0042773	4
0042780	1
0042802	7
0042803	1
0042823	1
0042834	4
0042853	1
0042910	1
0042953	1
0043022	5
0043039	1
0043093	1
0043115	1
0043165	1
0043168	1
0043174	1
0043190	5
0043213	1
0043225	1
0043295	1
0043335	1
0043462	1
0043565	5
0043684	2
0043811	1
0043824	1
0043856	1
0043952	4
0043953	1
0044097	2
0044205	1
0044209	1
0044237	1
0044423	3
0044780	5
0044781	4
0045027	2
0045182	1
0045226	1
0045239	1
0045252	1
0045254	2
0045261	2
0045263	1
0045271	1
0045273	1
0045275	2
0045340	1
0045454	3
0045490	1
0045892	5
0045893	2
0045900	1
0045936	1
0046081	1
0046118	1
0046294	1
0046429	1
0046654	2
0046677	2
0046685	7
0046689	1
0046797	1
0046855	1
0046857	1
0046872	59
0046930	1
0046933	4
0046983	1
0047429	2
0047480	1
0047617	4
0047804	1
0047922	1
0047952	1
0048027	1
0048034	1
0048038	5
0048040	1
0048473	2
0048501	1
0050126	1
0050136	1
0050242	1
0050269	1
0050311	1
0050380	1
0050456	1
0050480	1
0050511	1
0050515	1
0050518	1
0050567	2
0050568	1
0050570	1
0050660	17
0050661	7
0050787	1
0050992	1
0051082	6
0051083	1
0051116	2
0051139	3
0051262	1
0051266	1
0051287	14
0051301	8
0051536	7
0051537	1
0051539	16
0051603	1
0051745	1
0051903	1
0051920	1
0051989	1
0052381	1
0052693	1
0052699	1
0052873	2
0052906	1
0052913	1
0052916	1
0055051	1
0055052	9
0055085	71
0055130	1
0061542	1
0061710	1
0070006	5
0070063	2
0070064	1
0070069	1
0070402	1
0070403	7
0070475	2
0070905	1
0070968	1
0071555	1
0071709	1
0071949	3
0071951	1
0071972	1
0071973	9
0072488	2
0097367	1
0098561	1
0098662	2
0103117	1
0140078	1
0140110	1
0140359	21
0140662	3
0140663	1
1901137	1
1901642	1
1902209	1
1902358	2
1902495	2
1902600	6
1902604	1
1904047	16
1905887	1
