0000015	1
0000030	1
0000034	1
0000036	3
0000041	1
0000049	3
0000103	3
0000105	13
0000107	4
0000150	7
0000155	10
0000156	13
0000160	49
0000162	6
0000166	22
0000179	1
0000210	1
0000271	3
0000272	1
0000286	1
0000287	13
0000311	1
0000314	3
0000315	3
0000413	1
0000451	1
0000902	1
0000906	1
0000910	8
0000917	2
0001072	3
0001510	1
0001514	2
0001522	3
0001530	1
0001539	6
0001887	1
0002098	1
0002100	1
0002161	2
0002949	3
0002953	1
0003676	17
0003677	122
0003678	5
0003684	3
0003688	1
0003697	4
0003700	35
0003723	31
0003724	1
0003725	1
0003729	4
0003735	53
0003743	3
0003746	7
0003747	1
0003755	9
0003774	5
0003824	44
0003848	1
0003849	3
0003852	1
0003855	1
0003856	1
0003857	1
0003861	1
0003862	1
0003864	1
0003866	1
0003879	2
0003882	1
0003883	1
0003886	2
0003887	7
0003896	3
0003899	4
0003908	1
0003911	1
0003916	1
0003917	1
0003918	2
0003919	1
0003922	1
0003924	19
0003933	1
0003935	3
0003937	2
0003938	1
0003942	1
0003949	1
0003953	1
0003955	1
0003978	1
0003983	1
0003984	1
0003986	1
0003989	3
0003991	1
0003994	1
0003998	1
0003999	1
0004013	1
0004015	1
0004016	2
0004018	1
0004019	1
0004020	1
0004044	1
0004045	2
0004047	1
0004048	1
0004049	1
0004055	1
0004056	1
0004066	1
0004070	1
0004072	2
0004073	1
0004075	1
0004076	1
0004077	1
0004084	1
0004088	1
0004089	2
0004096	1
0004107	1
0004114	1
0004124	1
0004125	1
0004127	1
0004134	1
0004140	1
0004141	1
0004148	1
0004149	1
0004151	1
0004152	1
0004156	1
0004160	1
0004170	1
0004176	1
0004190	2
0004197	2
0004198	1
0004222	6
0004252	9
0004314	2
0004315	5
0004316	1
0004325	1
0004326	1
0004332	1
0004333	2
0004349	1
0004350	1
0004352	1
0004356	1
0004358	1
0004360	2
0004370	1
0004372	1
0004373	1
0004375	2
0004385	1
0004386	12
0004399	1
0004400	2
0004410	1
0004412	1
0004418	1
0004424	1
0004425	1
0004450	1
0004470	1
0004471	1
0004478	1
0004479	1
0004488	1
0004494	1
0004497	1
0004514	2
0004518	2
0004519	4
0004520	1
0004521	1
0004523	2
0004525	1
0004526	1
0004527	1
0004540	5
0004550	1
0004553	2
0004585	1
0004588	1
0004590	1
0004591	1
0004592	1
0004594	1
0004595	1
0004601	2
0004605	1
0004609	1
0004611	1
0004617	1
0004632	1
0004633	1
0004634	1
0004635	1
0004636	1
0004637	1
0004638	1
0004639	1
0004640	1
0004641	1
0004642	1
0004643	2
0004644	2
0004654	1
0004655	1
0004659	2
0004664	1
0004672	1
0004673	3
0004674	2
0004719	1
0004722	1
0004729	1
0004735	1
0004736	1
0004743	1
0004749	1
0004750	1
0004751	1
0004756	1
0004764	1
0004765	1
0004781	2
0004784	1
0004789	1
0004791	1
0004794	1
0004795	1
0004798	1
0004802	1
0004803	62
0004805	1
0004807	1
0004812	4
0004813	1
0004814	1
0004816	1
0004817	1
0004818	1
0004819	1
0004820	2
0004821	1
0004822	1
0004823	1
0004824	2
0004825	1
0004826	2
0004827	1
0004828	1
0004829	1
0004830	1
0004831	1
0004832	1
0004834	3
0004844	1
0004845	1
0004851	1
0004853	1
0004866	2
0004869	1
0005047	1
0005048	1
0005198	7
0005215	5
0005337	1
0005375	1
0005506	9
0005507	1
0005509	1
0005515	20
0005524	211
0005525	30
0005694	1
0005737	54
0005777	1
0005829	6
0005840	31
0005854	1
0005886	37
0005960	2
0005975	13
0005978	2
0005980	1
0005992	1
0006002	1
0006006	2
0006011	1
0006012	2
0006015	1
0006020	1
0006072	1
0006085	1
0006086	1
0006090	2
0006094	2
0006096	6
0006098	1
0006099	6
0006106	1
0006109	1
0006139	2
0006146	1
0006163	1
0006164	5
0006168	1
0006171	2
0006177	1
0006189	5
0006207	3
0006210	1
0006212	1
0006221	3
0006226	1
0006231	1
0006233	1
0006241	1
0006259	2
0006260	15
0006261	1
0006265	3
0006269	1
0006270	2
0006275	1
0006276	1
0006281	19
0006289	3
0006298	2
0006304	8
0006308	3
0006310	29
0006313	23
0006351	4
0006352	6
0006353	3
0006355	78
0006364	5
0006396	4
0006400	10
0006402	2
0006412	59
0006413	3
0006414	6
0006415	5
0006417	1
0006418	2
0006419	1
0006420	1
0006421	1
0006423	1
0006424	3
0006425	1
0006426	2
0006427	1
0006428	1
0006429	1
0006430	2
0006431	1
0006432	2
0006433	1
0006434	1
0006435	1
0006436	1
0006437	1
0006438	1
0006448	1
0006450	1
0006457	9
0006465	3
0006468	3
0006470	2
0006482	3
0006486	1
0006493	1
0006508	20
0006520	4
0006522	1
0006525	1
0006526	4
0006527	1
0006529	1
0006535	2
0006537	2
0006541	1
0006542	1
0006546	2
0006556	1
0006561	3
0006564	1
0006567	1
0006568	2
0006592	2
0006605	2
0006614	1
0006629	1
0006631	1
0006633	19
0006635	1
0006654	1
0006730	3
0006744	5
0006777	9
0006779	4
0006790	1
0006797	1
0006799	1
0006808	3
0006810	7
0006812	4
0006813	6
0006814	2
0006817	3
0006824	5
0006825	1
0006826	2
0006855	4
0006885	2
0006886	3
0006935	17
0006950	1
0006974	1
0006979	4
0007049	1
0007059	7
0007165	24
0008033	12
0008047	4
0008080	6
0008081	1
0008094	1
0008097	1
0008108	1
0008113	2
0008134	9
0008135	1
0008137	5
0008146	1
0008152	10
0008153	1
0008168	19
0008170	6
0008171	2
0008172	1
0008173	1
0008176	1
0008186	1
0008199	1
0008219	1
0008233	5
0008234	2
0008236	1
0008251	1
0008252	1
0008253	1
0008270	21
0008295	1
0008299	4
0008324	3
0008360	6
0008374	1
0008379	2
0008381	2
0008408	3
0008409	1
0008413	1
0008425	5
0008441	1
0008444	1
0008446	2
0008460	1
0008479	2
0008483	3
0008490	1
0008519	2
0008534	1
0008556	3
0008610	2
0008615	4
0008616	3
0008641	1
0008643	2
0008649	3
0008652	1
0008654	5
0008657	3
0008658	3
0008661	2
0008664	1
0008676	1
0008677	1
0008685	1
0008686	3
0008690	1
0008703	1
0008705	1
0008710	1
0008712	1
0008716	1
0008734	1
0008757	9
0008760	1
0008761	1
0008762	1
0008763	1
0008764	1
0008770	1
0008773	2
0008776	1
0008780	1
0008784	1
0008792	1
0008795	1
0008800	2
0008817	2
0008818	1
0008821	1
0008830	1
0008831	1
0008833	1
0008835	1
0008836	1
0008837	1
0008839	1
0008840	1
0008841	1
0008855	3
0008878	1
0008879	1
0008881	1
0008882	1
0008883	1
0008888	1
0008902	1
0008915	1
0008920	3
0008929	1
0008932	1
0008934	1
0008939	2
0008940	5
0008959	1
0008961	2
0008963	1
0008965	1
0008966	1
0008968	1
0008972	1
0008976	1
0008983	4
0008984	3
0008987	1
0008998	2
0008999	1
0009001	1
0009009	1
0009011	1
0009013	2
0009022	1
0009029	1
0009030	1
0009035	3
0009036	1
0009037	1
0009052	1
0009055	23
0009058	12
0009061	1
0009073	5
0009081	1
0009082	3
0009086	2
0009088	2
0009089	7
0009094	1
0009097	2
0009098	3
0009102	4
0009103	1
0009107	1
0009113	2
0009116	4
0009132	1
0009143	1
0009152	3
0009156	1
0009165	1
0009220	1
0009225	1
0009228	7
0009234	3
0009236	17
0009240	2
0009243	3
0009244	5
0009245	4
0009249	1
0009252	15
0009265	1
0009276	1
0009279	10
0009288	4
0009290	1
0009294	1
0009295	1
0009297	2
0009306	15
0009307	2
0009316	1
0009317	4
0009318	3
0009320	1
0009325	5
0009342	1
0009349	1
0009358	1
0009360	3
0009368	1
0009374	1
0009378	2
0009379	1
0009380	2
0009381	1
0009396	3
0009399	7
0009401	2
0009403	1
0009408	2
0009423	5
0009424	2
0009425	1
0009426	1
0009427	1
0009428	2
0009431	2
0009432	2
0009435	5
0009450	2
0009451	2
0009678	1
0009691	2
0009898	1
0009927	1
0009966	16
0009975	16
0009982	4
0010038	1
0010045	1
0010181	18
0010945	1
0015016	1
0015031	5
0015035	1
0015036	1
0015074	8
0015078	3
0015087	3
0015093	2
0015095	2
0015098	1
0015103	1
0015112	2
0015113	2
0015136	1
0015159	1
0015205	2
0015221	4
0015267	1
0015288	3
0015291	2
0015293	1
0015297	4
0015385	2
0015412	3
0015415	2
0015450	4
0015499	1
0015562	12
0015627	5
0015628	8
0015658	1
0015666	1
0015689	4
0015693	2
0015700	1
0015706	2
0015707	2
0015724	1
0015739	1
0015837	3
0015914	3
0015920	3
0015930	1
0015934	8
0015935	6
0015937	3
0015938	1
0015940	4
0015941	1
0015949	2
0015970	1
0015986	6
0016020	154
0016024	1
0016051	2
0016070	1
0016114	1
0016149	3
0016151	2
0016163	4
0016226	2
0016301	4
0016310	5
0016311	1
0016405	1
0016407	1
0016410	2
0016430	1
0016433	1
0016434	1
0016462	1
0016491	40
0016530	2
0016597	1
0016610	2
0016612	2
0016616	3
0016620	3
0016625	1
0016639	1
0016646	3
0016651	2
0016655	1
0016661	3
0016667	1
0016682	1
0016684	1
0016692	1
0016740	13
0016742	1
0016743	1
0016746	9
0016747	5
0016756	1
0016757	24
0016765	3
0016772	1
0016776	2
0016779	3
0016780	1
0016782	2
0016783	3
0016787	35
0016788	2
0016790	4
0016791	6
0016793	1
0016799	1
0016810	2
0016812	1
0016818	1
0016831	4
0016832	2
0016836	3
0016838	1
0016852	1
0016853	4
0016866	1
0016874	4
0016879	2
0016884	1
0016887	47
0016903	3
0016987	7
0016992	1
0016994	1
0017004	7
0017013	1
0017038	2
0017061	1
0017076	1
0017113	1
0017148	1
0017150	2
0018117	1
0018177	1
0018277	3
0018339	1
0018364	1
0018455	2
0019068	1
0019082	1
0019120	1
0019171	2
0019205	1
0019242	1
0019251	1
0019264	1
0019277	1
0019288	4
0019305	4
0019346	1
0019354	1
0019430	2
0019464	3
0019509	2
0019632	1
0019645	1
0019673	2
0019746	1
0019752	2
0019825	1
0019843	3
0019867	4
0019899	1
0020037	17
0022625	5
0022627	3
0022857	46
0022900	3
0022904	6
0030001	1
0030091	5
0030115	1
0030145	1
0030151	2
0030170	14
0030234	3
0030246	2
0030261	5
0030272	1
0030288	5
0030428	1
0030435	1
0030488	1
0030527	1
0030541	4
0030552	3
0030554	4
0030604	1
0030612	1
0030639	1
0030643	1
0030655	2
0030674	1
0030694	3
0030788	1
0030789	1
0030955	1
0030956	2
0030964	1
0030973	2
0030976	4
0030983	3
0031004	2
0031071	1
0031167	2
0031179	2
0031317	1
0031419	2
0031522	2
0031956	1
0031992	1
0032259	11
0032508	2
0032778	2
0032784	4
0032977	1
0032993	1
0033014	3
0033228	2
0033230	2
0033739	1
0033743	1
0033744	2
0033818	3
0033840	1
0033856	1
0033862	1
0033922	1
0034081	1
0034204	1
0034220	1
0034257	1
0034258	1
0035438	9
0035539	1
0036211	11
0042026	2
0042126	4
0042158	2
0042173	1
0042242	1
0042254	4
0042279	3
0042286	1
0042372	1
0042450	2
0042578	4
0042586	2
0042597	7
0042626	32
0042732	1
0042773	3
0042802	9
0042803	4
0042834	3
0042853	1
0042910	2
0042953	2
0043022	6
0043039	2
0043093	1
0043107	4
0043139	1
0043165	1
0043168	1
0043169	1
0043190	12
0043213	1
0043225	1
0043231	1
0043546	2
0043565	1
0043571	7
0043683	2
0043714	1
0043751	1
0043752	1
0043755	1
0043805	1
0043811	1
0043856	5
0043952	4
0044205	1
0044780	5
0044781	2
0045151	1
0045182	1
0045239	1
0045252	1
0045261	3
0045263	2
0045312	1
0045454	2
0045892	3
0045900	1
0045910	1
0045936	1
0046025	1
0046026	1
0046081	1
0046118	1
0046140	1
0046364	1
0046429	1
0046500	1
0046523	1
0046537	1
0046677	2
0046685	1
0046820	1
0046855	1
0046857	1
0046872	76
0046912	1
0046933	5
0046938	1
0046983	2
0047343	1
0047407	1
0047429	2
0047480	1
0047605	1
0047617	1
0047733	1
0048038	2
0048040	1
0048472	1
0048501	1
0050136	1
0050242	1
0050380	1
0050456	2
0050511	1
0050515	1
0050518	1
0050567	2
0050568	3
0050570	1
0050656	1
0050660	8
0050661	8
0050797	1
0050992	1
0051007	1
0051073	1
0051082	6
0051083	1
0051131	2
0051262	1
0051287	9
0051290	3
0051301	6
0051353	1
0051536	23
0051537	2
0051539	35
0051540	2
0051604	1
0051607	2
0051745	1
0051920	2
0051983	1
0051989	1
0052381	2
0052624	1
0052717	2
0052906	1
0052913	1
0055051	2
0055052	12
0055085	60
0061024	1
0061077	2
0061542	5
0061599	3
0061710	1
0061712	1
0061799	1
0070006	1
0070063	2
0070401	1
0070403	3
0070475	1
0070733	1
0070905	1
0071555	2
0071709	1
0071949	3
0071951	1
0071972	1
0071973	11
0072488	2
0072592	1
0098561	18
0098567	1
0101006	1
0102208	5
0103117	1
0110001	4
0120225	1
0140078	1
0140110	1
0140327	1
0140359	38
0140662	2
1901137	2
1901576	1
1901642	1
1901893	1
1902495	1
1902600	5
1903424	1
1903425	1
1904047	26
1905887	3
1990107	1
1990204	1
1990586	3
1990610	1
