0000015	1
0000034	1
0000035	1
0000036	1
0000049	3
0000103	1
0000104	2
0000105	11
0000107	4
0000155	5
0000156	3
0000160	13
0000162	6
0000166	27
0000175	1
0000179	1
0000271	5
0000272	2
0000286	1
0000287	21
0000311	1
0000314	3
0000315	3
0000451	1
0000902	2
0000906	1
0000910	4
0000917	1
0000918	2
0001216	2
0001510	2
0001522	7
0001530	1
0001539	5
0001680	1
0001727	1
0002098	1
0002100	1
0002161	1
0002189	1
0002943	1
0002949	3
0003333	4
0003676	19
0003677	78
0003678	6
0003682	4
0003684	4
0003688	1
0003697	3
0003700	31
0003723	33
0003725	2
0003729	1
0003735	54
0003743	3
0003746	6
0003747	2
0003755	2
0003774	5
0003824	33
0003842	1
0003848	1
0003849	1
0003855	1
0003856	1
0003864	1
0003866	1
0003868	1
0003871	1
0003879	1
0003882	1
0003883	1
0003887	7
0003899	6
0003906	1
0003908	1
0003910	1
0003911	1
0003913	1
0003916	1
0003917	1
0003918	4
0003919	1
0003922	1
0003924	14
0003934	1
0003935	1
0003937	1
0003938	1
0003941	1
0003949	1
0003951	1
0003952	1
0003954	1
0003955	2
0003960	1
0003977	1
0003983	1
0003987	1
0003989	3
0003994	1
0004013	1
0004015	1
0004017	1
0004018	1
0004019	1
0004022	1
0004044	1
0004045	2
0004047	1
0004048	1
0004049	2
0004055	1
0004056	1
0004067	1
0004068	1
0004070	1
0004072	1
0004073	1
0004075	1
0004076	1
0004077	1
0004084	1
0004088	1
0004089	3
0004107	1
0004108	2
0004109	2
0004126	1
0004127	1
0004129	3
0004140	1
0004141	1
0004143	1
0004146	2
0004148	1
0004149	1
0004150	1
0004151	1
0004152	1
0004156	1
0004170	1
0004174	1
0004175	1
0004176	4
0004177	2
0004180	1
0004181	1
0004190	3
0004222	9
0004252	7
0004298	1
0004314	1
0004315	6
0004316	1
0004318	2
0004324	1
0004325	2
0004326	1
0004332	1
0004333	1
0004340	1
0004345	1
0004347	1
0004349	1
0004350	1
0004352	1
0004356	2
0004357	4
0004359	1
0004360	1
0004362	1
0004363	1
0004364	1
0004368	1
0004370	1
0004372	1
0004375	2
0004385	1
0004386	4
0004392	1
0004397	1
0004399	1
0004400	2
0004401	1
0004411	1
0004416	1
0004418	1
0004420	1
0004424	1
0004425	1
0004427	1
0004450	1
0004452	1
0004456	1
0004457	1
0004470	2
0004471	2
0004478	1
0004479	1
0004488	1
0004497	3
0004505	1
0004514	1
0004516	1
0004518	5
0004519	3
0004521	1
0004523	2
0004525	1
0004526	1
0004536	1
0004540	3
0004550	1
0004553	5
0004588	1
0004590	1
0004591	1
0004592	1
0004595	1
0004601	2
0004602	1
0004604	1
0004605	1
0004609	1
0004618	1
0004619	1
0004632	1
0004633	1
0004634	1
0004635	1
0004636	1
0004637	1
0004638	1
0004639	1
0004640	1
0004641	1
0004642	2
0004643	1
0004644	1
0004648	1
0004654	1
0004655	1
0004657	1
0004659	2
0004664	1
0004668	1
0004672	10
0004673	3
0004674	2
0004719	1
0004722	1
0004731	1
0004733	2
0004735	1
0004738	1
0004739	1
0004742	1
0004743	1
0004748	1
0004749	2
0004750	1
0004751	1
0004764	1
0004766	2
0004784	1
0004789	1
0004791	1
0004797	1
0004798	1
0004799	1
0004802	1
0004803	1
0004807	1
0004808	1
0004810	1
0004812	4
0004813	1
0004814	1
0004816	1
0004817	1
0004818	1
0004819	1
0004820	2
0004821	1
0004822	1
0004823	1
0004824	1
0004825	1
0004826	2
0004827	1
0004828	1
0004829	1
0004830	1
0004831	1
0004832	1
0004834	2
0004842	1
0004843	1
0004844	1
0004849	1
0004852	1
0004853	1
0004857	1
0004866	1
0005047	1
0005048	1
0005085	7
0005198	7
0005215	7
0005247	2
0005254	2
0005315	2
0005319	1
0005375	1
0005488	1
0005506	4
0005507	1
0005515	35
0005524	166
0005525	25
0005536	1
0005694	3
0005737	48
0005739	1
0005829	3
0005840	30
0005854	1
0005886	38
0005960	1
0005975	13
0006006	2
0006011	1
0006015	2
0006020	1
0006040	1
0006047	1
0006048	1
0006072	2
0006081	1
0006082	3
0006086	2
0006089	1
0006090	1
0006094	2
0006096	9
0006098	3
0006099	9
0006106	1
0006108	1
0006109	1
0006116	1
0006120	1
0006139	1
0006146	1
0006163	1
0006164	4
0006177	1
0006188	1
0006189	6
0006203	1
0006207	3
0006221	2
0006222	1
0006226	1
0006229	1
0006231	1
0006233	1
0006241	1
0006259	1
0006260	15
0006261	1
0006265	5
0006269	1
0006270	1
0006275	1
0006281	25
0006284	4
0006289	3
0006298	2
0006303	2
0006304	2
0006308	3
0006310	21
0006351	5
0006352	5
0006353	3
0006355	46
0006364	11
0006388	1
0006396	6
0006400	9
0006402	2
0006412	59
0006413	3
0006414	6
0006415	4
0006418	3
0006419	1
0006420	1
0006421	1
0006423	1
0006424	3
0006425	1
0006426	2
0006427	1
0006428	1
0006429	1
0006430	1
0006431	1
0006432	2
0006433	1
0006434	1
0006435	1
0006436	1
0006437	1
0006438	1
0006450	1
0006457	8
0006465	2
0006468	10
0006486	7
0006508	37
0006520	3
0006522	1
0006523	1
0006526	2
0006527	4
0006534	2
0006541	4
0006542	2
0006546	2
0006548	2
0006556	1
0006559	4
0006561	3
0006564	1
0006567	1
0006568	1
0006572	3
0006574	1
0006592	1
0006605	2
0006614	1
0006629	6
0006631	3
0006633	15
0006654	2
0006672	1
0006720	1
0006730	2
0006741	1
0006744	7
0006749	3
0006750	3
0006751	1
0006760	1
0006779	5
0006780	1
0006782	1
0006783	3
0006788	1
0006790	1
0006796	1
0006799	1
0006801	1
0006808	2
0006810	10
0006811	1
0006812	6
0006813	5
0006814	3
0006817	1
0006821	2
0006824	1
0006825	1
0006826	2
0006855	1
0006857	1
0006865	11
0006869	1
0006885	2
0006886	3
0006935	1
0006950	1
0006972	1
0006979	2
0007059	4
0007155	2
0007165	8
0007264	1
0008033	11
0008080	15
0008081	2
0008094	1
0008097	1
0008106	1
0008119	1
0008121	2
0008135	1
0008137	6
0008152	6
0008153	1
0008168	19
0008171	1
0008172	1
0008173	3
0008175	1
0008176	1
0008177	1
0008186	1
0008198	2
0008199	1
0008233	7
0008234	1
0008235	1
0008236	4
0008237	10
0008251	1
0008252	1
0008253	1
0008270	23
0008276	1
0008289	8
0008299	3
0008311	1
0008320	1
0008324	3
0008360	6
0008374	3
0008379	2
0008381	3
0008408	3
0008409	1
0008412	1
0008441	1
0008442	1
0008444	1
0008452	1
0008460	1
0008479	1
0008483	4
0008484	2
0008495	1
0008534	1
0008556	3
0008610	3
0008615	5
0008616	3
0008641	1
0008643	5
0008649	2
0008652	2
0008654	11
0008655	1
0008658	4
0008664	1
0008666	1
0008676	1
0008681	1
0008690	1
0008703	1
0008716	1
0008720	1
0008725	1
0008728	1
0008734	1
0008743	1
0008745	2
0008752	1
0008753	2
0008754	1
0008755	1
0008757	15
0008760	1
0008761	1
0008762	1
0008763	1
0008764	1
0008773	1
0008777	1
0008780	1
0008784	1
0008791	1
0008792	1
0008794	1
0008800	1
0008803	1
0008813	1
0008821	1
0008829	1
0008830	1
0008831	1
0008832	1
0008835	1
0008837	1
0008839	1
0008840	1
0008855	2
0008879	1
0008881	1
0008882	1
0008883	1
0008890	1
0008893	1
0008897	1
0008902	1
0008914	1
0008915	1
0008932	1
0008934	1
0008948	1
0008955	2
0008961	1
0008963	1
0008966	1
0008968	1
0008972	1
0008973	1
0008976	1
0008982	1
0008986	1
0008988	1
0008990	2
0008999	1
0009002	3
0009007	4
0009009	3
0009014	1
0009015	1
0009022	1
0009029	1
0009030	1
0009052	1
0009055	25
0009058	11
0009060	2
0009073	4
0009081	1
0009085	1
0009086	1
0009089	6
0009094	1
0009102	4
0009103	2
0009107	1
0009113	2
0009116	2
0009117	3
0009132	1
0009146	2
0009152	2
0009156	2
0009165	2
0009220	1
0009225	1
0009228	4
0009243	1
0009244	1
0009245	7
0009246	1
0009249	2
0009252	19
0009253	2
0009254	1
0009255	1
0009263	1
0009268	1
0009274	1
0009276	1
0009279	18
0009288	5
0009289	1
0009290	1
0009294	1
0009297	1
0009306	11
0009307	5
0009317	4
0009318	2
0009320	1
0009331	2
0009340	1
0009349	1
0009358	1
0009360	3
0009368	2
0009374	1
0009376	2
0009378	2
0009379	1
0009380	2
0009381	1
0009396	4
0009401	1
0009408	4
0009423	2
0009424	2
0009426	1
0009427	1
0009428	2
0009431	2
0009432	2
0009435	5
0009446	1
0009451	6
0009486	4
0009966	3
0009972	1
0009975	3
0009982	7
0010038	2
0010124	1
0010133	1
0010181	12
0010340	1
0010951	1
0015031	7
0015035	5
0015036	3
0015074	3
0015078	6
0015079	2
0015081	1
0015087	1
0015093	1
0015095	1
0015103	1
0015109	1
0015116	1
0015136	1
0015171	10
0015205	1
0015221	4
0015225	1
0015232	3
0015267	2
0015288	4
0015293	3
0015297	3
0015333	1
0015379	1
0015385	2
0015424	1
0015440	1
0015450	4
0015562	15
0015616	1
0015627	3
0015628	5
0015658	1
0015662	2
0015663	1
0015693	1
0015703	1
0015739	1
0015794	1
0015803	1
0015833	4
0015846	2
0015851	1
0015878	1
0015886	2
0015890	1
0015914	2
0015920	4
0015934	8
0015935	6
0015936	1
0015937	3
0015940	2
0015941	1
0015949	2
0015969	2
0015976	1
0015986	8
0015990	4
0016020	202
0016024	1
0016034	1
0016051	2
0016149	2
0016153	1
0016208	1
0016226	13
0016301	8
0016310	12
0016403	1
0016407	3
0016410	3
0016433	1
0016434	1
0016436	1
0016462	2
0016491	46
0016567	1
0016597	1
0016614	2
0016615	1
0016616	5
0016620	4
0016627	4
0016645	1
0016646	1
0016651	2
0016655	2
0016682	3
0016702	1
0016703	1
0016705	2
0016709	1
0016717	1
0016722	1
0016740	12
0016746	25
0016747	13
0016756	1
0016757	17
0016763	1
0016765	3
0016772	3
0016773	1
0016774	3
0016776	1
0016779	5
0016780	5
0016782	2
0016783	1
0016787	49
0016788	7
0016790	5
0016791	2
0016798	1
0016799	1
0016805	1
0016810	3
0016811	1
0016812	2
0016817	1
0016818	2
0016823	1
0016829	4
0016830	1
0016831	3
0016832	1
0016833	1
0016836	3
0016846	2
0016853	4
0016866	1
0016868	1
0016874	7
0016879	1
0016881	1
0016884	1
0016887	41
0016896	1
0016901	1
0016987	6
0016992	1
0017003	1
0017004	8
0017038	2
0017057	1
0017148	2
0017150	2
0018104	9
0018177	1
0018193	1
0018339	1
0018364	2
0018454	2
0018786	1
0019005	2
0019104	2
0019134	1
0019180	1
0019239	1
0019243	1
0019264	1
0019277	1
0019287	1
0019290	1
0019305	4
0019310	4
0019346	1
0019379	1
0019427	1
0019430	1
0019464	2
0019538	2
0019556	2
0019629	1
0019632	1
0019646	3
0019679	2
0019684	2
0019808	1
0019829	1
0019843	3
0019856	1
0019867	3
0019899	1
0020037	15
0022625	5
0022627	3
0022857	86
0022900	2
0022904	3
0030001	5
0030091	1
0030145	1
0030163	1
0030170	16
0030234	2
0030253	2
0030255	13
0030261	2
0030272	1
0030288	2
0030420	1
0030488	1
0030497	1
0030527	1
0030554	2
0030638	1
0030639	1
0030655	1
0030694	3
0030729	1
0030955	1
0030956	2
0030976	4
0030983	2
0031004	3
0031071	3
0031167	4
0031522	2
0032150	1
0032259	11
0032297	1
0032784	2
0032955	1
0032977	1
0032991	1
0033014	4
0033194	1
0033232	1
0033281	1
0033617	1
0033711	1
0033739	1
0033818	2
0033819	1
0033856	1
0033862	1
0033897	1
0034204	1
0034220	1
0035435	1
0035438	2
0035673	1
0035870	1
0036001	1
0036211	8
0036222	1
0036374	1
0042026	2
0042158	1
0042254	5
0042273	1
0042274	1
0042286	1
0042301	1
0042398	3
0042450	1
0042578	2
0042586	4
0042597	4
0042619	2
0042626	29
0042773	3
0042780	1
0042802	13
0042803	2
0042823	1
0042834	7
0042853	1
0042908	5
0042910	1
0042919	2
0042925	2
0042953	3
0043022	4
0043093	2
0043094	1
0043107	1
0043165	1
0043174	1
0043190	12
0043213	2
0043295	1
0043335	1
0043448	1
0043462	1
0043531	1
0043565	8
0043633	1
0043683	2
0043811	1
0043824	1
0043867	1
0043952	4
0043953	2
0044183	2
0044205	1
0044238	1
0044571	1
0044780	9
0044781	2
0044877	1
0045027	1
0045227	1
0045239	1
0045240	1
0045252	1
0045254	3
0045259	4
0045271	1
0045273	2
0045275	1
0045454	3
0045861	2
0045892	3
0045900	1
0046081	1
0046118	1
0046167	1
0046421	1
0046654	3
0046677	2
0046685	1
0046690	1
0046820	1
0046872	87
0046873	6
0046914	1
0046933	5
0046938	1
0046983	1
0047134	2
0047429	2
0047475	1
0047480	1
0047547	1
0047590	1
0047617	3
0047661	1
0047952	1
0048038	4
0048473	1
0048501	1
0050112	1
0050114	1
0050136	4
0050269	1
0050415	1
0050427	1
0050440	1
0050446	1
0050480	1
0050511	1
0050520	1
0050567	2
0050570	1
0050660	15
0050661	7
0050896	1
0051082	7
0051083	1
0051087	1
0051119	3
0051139	1
0051156	1
0051213	1
0051262	1
0051287	14
0051301	9
0051536	10
0051537	4
0051539	11
0051540	1
0051603	1
0051604	1
0051920	5
0051989	1
0052381	1
0052621	3
0052689	5
0052693	1
0052699	2
0052706	1
0052873	1
0052906	1
0052913	1
0055052	7
0055085	109
0061024	1
0061077	2
0061542	1
0061710	2
0070005	1
0070006	5
0070063	1
0070069	2
0070085	1
0070401	2
0070402	1
0070403	9
0070404	1
0070475	2
0070905	1
0070968	1
0071111	2
0071555	5
0071704	1
0071709	1
0071805	1
0071949	10
0071951	1
0071972	9
0071973	11
0072669	1
0090529	1
0097163	1
0097347	1
0097367	1
0098567	2
0098662	1
0103117	1
0106141	1
0110001	1
0110142	1
0140078	1
0140110	1
0140327	1
0140358	1
0140359	32
0140658	1
0140662	1
1901135	1
1901137	1
1901891	1
1902444	1
1902495	1
1902600	7
1903424	1
1903425	1
1904047	22
1904680	3
1905887	3
1990107	1
1990229	1
1990397	2
1990817	1
