0000015	1
0000027	1
0000034	1
0000036	4
0000041	1
0000049	2
0000062	1
0000103	4
0000104	2
0000105	10
0000107	4
0000155	6
0000156	7
0000160	32
0000162	4
0000166	26
0000175	2
0000179	1
0000210	1
0000256	1
0000270	2
0000286	1
0000287	18
0000311	1
0000314	3
0000315	3
0000373	1
0000413	2
0000451	1
0000774	1
0000902	2
0000906	1
0000910	4
0000917	1
0001072	3
0001216	3
0001510	2
0001522	9
0001530	1
0001539	7
0001680	1
0002098	3
0002100	1
0002143	2
0002161	1
0002943	1
0002949	3
0002953	1
0003676	24
0003677	144
0003678	6
0003684	4
0003688	1
0003690	1
0003697	4
0003700	50
0003723	37
0003724	4
0003725	2
0003729	3
0003735	53
0003743	3
0003746	6
0003747	3
0003755	7
0003774	8
0003796	1
0003824	41
0003842	1
0003844	1
0003848	2
0003849	1
0003852	1
0003855	1
0003856	1
0003857	1
0003858	1
0003861	2
0003862	1
0003864	1
0003866	1
0003868	1
0003871	1
0003872	1
0003879	1
0003882	1
0003883	1
0003886	2
0003887	8
0003896	1
0003899	7
0003904	1
0003906	1
0003908	1
0003911	1
0003916	2
0003917	1
0003918	4
0003919	1
0003922	1
0003924	17
0003934	1
0003935	3
0003937	1
0003938	1
0003941	1
0003942	1
0003949	1
0003951	1
0003953	1
0003955	1
0003957	1
0003964	1
0003977	1
0003983	1
0003984	2
0003987	2
0003988	2
0003989	3
0003991	2
0003994	1
0003995	2
0003998	2
0003999	1
0004000	1
0004013	1
0004015	1
0004017	1
0004018	1
0004019	1
0004020	1
0004022	2
0004035	1
0004040	1
0004044	1
0004045	2
0004047	1
0004048	1
0004049	2
0004055	1
0004056	1
0004057	1
0004066	3
0004067	1
0004072	3
0004073	1
0004075	1
0004076	1
0004077	1
0004084	1
0004088	1
0004089	1
0004096	2
0004106	1
0004107	1
0004109	2
0004124	1
0004127	1
0004129	5
0004133	1
0004134	1
0004140	1
0004141	1
0004143	1
0004144	1
0004146	1
0004148	1
0004149	1
0004150	2
0004151	1
0004152	1
0004156	1
0004157	1
0004160	1
0004170	1
0004174	1
0004176	4
0004177	4
0004180	1
0004181	1
0004190	2
0004222	7
0004252	9
0004298	1
0004309	1
0004314	3
0004315	4
0004316	1
0004318	1
0004322	2
0004325	1
0004326	1
0004332	1
0004334	1
0004340	2
0004345	1
0004347	1
0004349	2
0004350	2
0004356	1
0004357	1
0004360	1
0004362	1
0004363	2
0004366	1
0004370	1
0004372	1
0004375	1
0004385	1
0004386	7
0004397	1
0004399	1
0004400	1
0004401	1
0004411	1
0004412	1
0004413	1
0004416	1
0004418	1
0004421	1
0004424	1
0004425	1
0004427	1
0004450	1
0004451	1
0004455	1
0004456	1
0004462	1
0004470	1
0004471	1
0004474	1
0004478	1
0004479	1
0004488	1
0004489	1
0004497	3
0004505	1
0004514	1
0004518	5
0004519	6
0004520	1
0004521	2
0004523	2
0004525	1
0004526	1
0004540	7
0004550	1
0004553	5
0004588	1
0004590	1
0004591	1
0004592	1
0004594	1
0004595	1
0004601	1
0004602	2
0004604	1
0004609	2
0004614	1
0004616	1
0004618	1
0004619	1
0004620	1
0004632	1
0004633	1
0004634	1
0004635	1
0004636	1
0004637	1
0004638	2
0004639	1
0004640	1
0004641	1
0004642	1
0004643	1
0004644	1
0004648	1
0004654	1
0004655	1
0004657	1
0004664	1
0004665	1
0004672	4
0004673	2
0004674	2
0004719	1
0004721	1
0004725	1
0004730	1
0004733	1
0004735	1
0004738	1
0004742	1
0004743	1
0004748	1
0004749	1
0004750	1
0004751	1
0004764	1
0004781	1
0004783	2
0004784	1
0004791	1
0004792	1
0004794	1
0004795	1
0004797	1
0004798	1
0004799	1
0004801	1
0004802	1
0004803	39
0004806	1
0004807	1
0004808	2
0004810	1
0004812	6
0004813	1
0004814	1
0004816	1
0004817	1
0004818	1
0004819	1
0004820	2
0004821	1
0004822	1
0004823	1
0004824	1
0004825	1
0004826	2
0004827	1
0004828	1
0004829	1
0004830	1
0004831	1
0004832	1
0004833	1
0004834	2
0004844	1
0004845	2
0004849	1
0004851	1
0004852	1
0004853	1
0004854	2
0005047	1
0005048	1
0005198	15
0005215	5
0005216	2
0005247	1
0005267	1
0005283	2
0005298	2
0005319	2
0005337	1
0005351	1
0005436	3
0005506	3
0005509	3
0005515	25
0005524	187
0005525	27
0005536	1
0005542	1
0005694	4
0005737	63
0005829	6
0005840	29
0005854	1
0005886	43
0005960	1
0005975	29
0005978	3
0005980	1
0005983	2
0006002	1
0006006	4
0006007	1
0006011	1
0006015	1
0006040	1
0006047	1
0006048	1
0006072	2
0006086	1
0006090	1
0006094	2
0006096	8
0006097	1
0006098	5
0006099	10
0006109	1
0006139	1
0006144	1
0006146	1
0006147	1
0006163	1
0006164	3
0006168	1
0006177	1
0006188	1
0006189	5
0006203	2
0006207	2
0006210	1
0006212	1
0006221	2
0006222	1
0006226	1
0006229	1
0006231	1
0006233	1
0006241	1
0006260	12
0006261	1
0006265	6
0006268	2
0006269	1
0006270	1
0006275	1
0006281	24
0006282	1
0006284	3
0006289	3
0006298	2
0006304	6
0006308	1
0006310	20
0006313	2
0006351	8
0006352	16
0006353	3
0006355	90
0006364	11
0006396	9
0006400	12
0006402	2
0006412	57
0006413	3
0006414	6
0006415	5
0006417	1
0006418	4
0006419	1
0006420	1
0006421	1
0006423	1
0006424	1
0006425	1
0006426	2
0006427	1
0006428	1
0006429	1
0006430	1
0006431	1
0006432	2
0006433	1
0006434	1
0006435	1
0006436	1
0006437	1
0006438	1
0006457	10
0006465	3
0006468	5
0006470	2
0006482	2
0006486	1
0006508	36
0006520	2
0006522	1
0006526	2
0006527	5
0006529	3
0006535	2
0006537	1
0006541	1
0006542	1
0006547	1
0006548	2
0006556	1
0006559	5
0006561	5
0006564	2
0006567	1
0006568	1
0006571	1
0006572	4
0006574	1
0006592	3
0006605	3
0006614	1
0006629	6
0006631	5
0006633	20
0006635	1
0006654	2
0006662	2
0006729	1
0006730	2
0006744	8
0006749	5
0006750	6
0006751	3
0006760	2
0006777	6
0006779	5
0006780	1
0006782	1
0006783	1
0006790	4
0006796	1
0006798	1
0006799	1
0006801	1
0006808	2
0006810	14
0006811	2
0006812	3
0006813	1
0006814	14
0006817	5
0006826	2
0006855	3
0006865	3
0006869	2
0006879	2
0006880	2
0006885	1
0006886	3
0006888	2
0006935	18
0006950	1
0006974	1
0006979	3
0007059	4
0007155	1
0007165	19
0008033	12
0008080	10
0008081	1
0008094	1
0008097	1
0008113	1
0008121	1
0008124	1
0008134	3
0008135	1
0008152	10
0008153	1
0008168	17
0008170	3
0008172	1
0008173	3
0008175	1
0008176	1
0008177	1
0008186	1
0008198	1
0008199	2
0008218	1
0008219	3
0008233	7
0008236	15
0008237	6
0008241	1
0008251	1
0008252	1
0008270	22
0008276	1
0008299	4
0008310	1
0008311	1
0008320	1
0008324	1
0008360	6
0008373	1
0008374	2
0008379	1
0008381	2
0008408	6
0008409	1
0008410	1
0008412	1
0008422	1
0008425	3
0008428	1
0008441	2
0008442	1
0008444	1
0008479	1
0008483	1
0008484	1
0008490	1
0008495	1
0008534	1
0008535	2
0008610	4
0008615	5
0008616	3
0008641	1
0008643	3
0008649	2
0008652	4
0008654	6
0008657	8
0008658	3
0008660	1
0008661	1
0008664	1
0008666	1
0008676	1
0008677	1
0008681	1
0008685	1
0008686	1
0008692	1
0008696	1
0008703	1
0008705	1
0008716	1
0008725	1
0008728	1
0008734	1
0008743	1
0008745	3
0008752	1
0008753	1
0008754	1
0008757	8
0008758	1
0008760	1
0008761	2
0008762	1
0008763	1
0008764	1
0008772	1
0008773	1
0008780	1
0008782	1
0008784	1
0008791	1
0008792	1
0008794	1
0008795	1
0008800	1
0008801	1
0008803	1
0008817	1
0008821	1
0008828	1
0008829	1
0008832	2
0008835	1
0008836	1
0008837	1
0008839	1
0008840	1
0008854	3
0008855	1
0008864	1
0008878	2
0008882	1
0008883	1
0008890	1
0008892	1
0008893	1
0008897	1
0008899	1
0008914	1
0008915	1
0008930	1
0008932	1
0008933	2
0008934	1
0008948	2
0008955	1
0008961	1
0008963	1
0008964	1
0008966	1
0008967	2
0008968	1
0008974	1
0008976	1
0008977	1
0008982	1
0008983	2
0008984	2
0008986	1
0008987	1
0008988	1
0008990	2
0008995	1
0008999	1
0009001	1
0009007	1
0009009	1
0009014	3
0009015	1
0009017	1
0009022	1
0009029	1
0009030	1
0009035	2
0009052	1
0009055	14
0009058	10
0009060	1
0009067	1
0009073	5
0009081	1
0009082	5
0009086	4
0009088	2
0009089	10
0009094	1
0009097	1
0009098	3
0009102	4
0009103	1
0009107	1
0009113	2
0009115	3
0009116	3
0009117	2
0009143	1
0009152	3
0009156	1
0009164	1
0009165	1
0009168	1
0009190	1
0009220	1
0009228	3
0009236	1
0009240	1
0009244	1
0009245	6
0009246	1
0009249	2
0009252	18
0009253	4
0009254	1
0009255	1
0009263	1
0009271	1
0009274	1
0009276	1
0009279	25
0009288	6
0009290	1
0009294	1
0009295	1
0009306	14
0009307	2
0009310	1
0009316	2
0009317	4
0009318	1
0009320	1
0009330	1
0009337	2
0009338	3
0009340	1
0009349	1
0009358	1
0009360	3
0009368	2
0009376	2
0009378	2
0009379	1
0009380	2
0009381	1
0009396	5
0009401	1
0009403	1
0009408	2
0009423	3
0009424	2
0009425	1
0009426	2
0009427	2
0009428	4
0009431	4
0009432	3
0009435	5
0009436	1
0009448	1
0009451	6
0009691	1
0009898	3
0009966	3
0009975	3
0009982	8
0010038	1
0010124	8
0010133	1
0010181	14
0010608	1
0010945	1
0010974	1
0015016	1
0015031	9
0015035	7
0015036	1
0015074	7
0015078	4
0015079	1
0015081	2
0015093	1
0015095	1
0015103	2
0015116	2
0015136	1
0015221	3
0015232	2
0015267	1
0015288	6
0015291	2
0015293	4
0015297	7
0015343	1
0015379	1
0015385	3
0015412	2
0015415	2
0015440	1
0015450	3
0015486	1
0015562	4
0015627	14
0015628	15
0015663	1
0015689	2
0015693	1
0015700	1
0015739	1
0015824	2
0015833	5
0015886	2
0015890	1
0015891	2
0015914	1
0015920	2
0015930	1
0015934	8
0015935	6
0015937	3
0015940	3
0015941	1
0015949	2
0015969	2
0015976	1
0015977	1
0015986	8
0015990	1
0016020	201
0016032	2
0016034	1
0016042	1
0016051	2
0016070	1
0016114	1
0016149	2
0016151	1
0016153	1
0016208	2
0016209	1
0016226	7
0016301	4
0016310	9
0016311	1
0016410	2
0016430	1
0016432	1
0016434	1
0016436	1
0016462	2
0016491	61
0016530	2
0016531	1
0016598	1
0016614	2
0016616	3
0016620	6
0016627	5
0016645	1
0016651	1
0016655	6
0016657	1
0016667	1
0016682	2
0016705	2
0016706	1
0016709	1
0016717	1
0016740	10
0016743	1
0016746	14
0016747	12
0016757	6
0016758	1
0016765	1
0016772	1
0016773	2
0016776	2
0016779	4
0016782	3
0016783	3
0016787	38
0016788	2
0016790	3
0016791	5
0016798	2
0016799	3
0016810	4
0016812	2
0016813	1
0016817	1
0016818	2
0016829	1
0016830	1
0016831	3
0016832	2
0016833	1
0016836	1
0016853	6
0016857	1
0016868	1
0016874	5
0016879	2
0016881	1
0016887	38
0016896	1
0016987	17
0016992	1
0017000	1
0017004	7
0017013	1
0017038	2
0017057	1
0017113	1
0017148	1
0017150	3
0017168	2
0018149	1
0018177	1
0018189	5
0018277	2
0018339	1
0018364	2
0018478	2
0018738	1
0019104	2
0019134	1
0019171	1
0019177	1
0019200	1
0019217	1
0019239	2
0019243	1
0019264	1
0019277	1
0019281	1
0019288	3
0019290	1
0019344	1
0019346	1
0019354	1
0019379	1
0019427	2
0019430	1
0019441	1
0019464	3
0019491	1
0019509	1
0019538	3
0019556	1
0019619	1
0019628	1
0019629	2
0019632	1
0019646	1
0019679	1
0019752	2
0019825	1
0019835	1
0019843	3
0019856	1
0019867	7
0019899	1
0020037	11
0022625	5
0022627	3
0022857	66
0022900	6
0022904	2
0030060	1
0030091	3
0030145	2
0030151	2
0030163	1
0030170	20
0030234	2
0030245	1
0030246	2
0030261	2
0030272	1
0030288	6
0030488	2
0030527	1
0030541	8
0030551	1
0030554	4
0030604	1
0030612	1
0030643	1
0030655	1
0030674	2
0030694	4
0030697	1
0030955	1
0030973	1
0030976	4
0030983	2
0031071	1
0031167	3
0031177	2
0031267	2
0031317	1
0031402	2
0031418	1
0031419	1
0031522	2
0031992	1
0032259	5
0032297	1
0032784	3
0032934	1
0032977	1
0033014	3
0033103	4
0033104	1
0033539	1
0033592	1
0033711	1
0033739	1
0033743	1
0033744	1
0033745	1
0033818	1
0033819	1
0033856	1
0033862	1
0033890	1
0033971	1
0034057	1
0034204	1
0034220	3
0034707	1
0035435	1
0035438	5
0035556	1
0036211	10
0036374	3
0036376	1
0036424	1
0042026	2
0042132	1
0042158	1
0042254	5
0042273	1
0042274	1
0042277	1
0042286	1
0042398	1
0042450	1
0042578	2
0042586	1
0042597	5
0042626	22
0042780	1
0042802	17
0042803	9
0042823	1
0042834	4
0042853	1
0042910	4
0042953	6
0043022	6
0043039	1
0043107	1
0043115	1
0043165	2
0043168	1
0043169	1
0043190	9
0043213	1
0043225	1
0043295	2
0043335	1
0043531	1
0043546	2
0043565	5
0043571	11
0043633	1
0043683	2
0043687	1
0043824	1
0043856	1
0043867	1
0043952	3
0043953	1
0044205	1
0044238	1
0044341	3
0044423	2
0044571	1
0044780	11
0044781	2
0045017	1
0045252	1
0045254	2
0045261	3
0045263	1
0045273	2
0045275	1
0045277	1
0045301	1
0045312	1
0045454	3
0045861	2
0045892	12
0045900	1
0045927	1
0045936	1
0046081	1
0046118	1
0046294	1
0046417	1
0046421	1
0046429	1
0046654	2
0046656	2
0046677	1
0046685	2
0046820	2
0046854	1
0046872	63
0046912	1
0046930	1
0046933	5
0047134	1
0047307	1
0047330	1
0047429	3
0047456	1
0047475	1
0047480	1
0047617	1
0047804	1
0047952	1
0048001	1
0048038	1
0048501	1
0050380	1
0050415	1
0050440	1
0050480	1
0050511	1
0050515	1
0050518	1
0050568	3
0050570	1
0050660	18
0050661	10
0050821	1
0050992	1
0051060	2
0051082	8
0051083	1
0051087	2
0051156	1
0051213	1
0051219	1
0051252	1
0051262	1
0051266	1
0051287	14
0051290	8
0051301	7
0051536	6
0051537	4
0051539	16
0051540	1
0051596	1
0051603	1
0051604	2
0051607	1
0051678	2
0051745	1
0051903	1
0051983	3
0051989	1
0052381	1
0052689	1
0052693	1
0052717	1
0052873	1
0052906	1
0052913	1
0055052	6
0055085	65
0060274	1
0061024	1
0061542	4
0061599	1
0061710	1
0061799	1
0065003	1
0070006	4
0070063	1
0070069	1
0070401	1
0070402	1
0070403	10
0070475	1
0070567	1
0070905	1
0071555	3
0071704	1
0071709	1
0071949	4
0071951	1
0071973	22
0071978	1
0075713	1
0089714	1
0097163	1
0097266	1
0097351	1
0097367	3
0098003	1
0098561	13
0098567	2
0098662	1
0101006	1
0102208	3
0103117	1
0106141	1
0110001	4
0120225	1
0140078	1
0140110	2
0140327	1
0140359	25
0140658	1
0140662	4
0140741	1
0141014	1
0141100	1
1900727	1
1901135	2
1901137	1
1901642	1
1902358	1
1902495	1
1902600	4
1904047	13
1904680	4
1905887	1
1990229	1
1990586	1
1990610	1
1990817	1
