0000010	1
0000015	1
0000036	2
0000049	3
0000098	1
0000103	3
0000105	10
0000107	2
0000150	6
0000155	23
0000156	21
0000160	40
0000162	6
0000166	31
0000179	1
0000270	1
0000271	5
0000272	2
0000286	1
0000287	10
0000302	1
0000311	1
0000314	3
0000315	3
0000373	2
0000413	1
0000451	1
0000724	2
0000774	1
0000902	1
0000906	1
0000910	3
0000917	1
0000918	1
0001216	1
0001228	1
0001510	2
0001522	6
0001539	3
0001680	1
0001727	1
0001887	1
0001968	1
0002098	1
0002100	1
0002949	3
0003676	24
0003677	297
0003678	8
0003682	1
0003684	3
0003688	1
0003690	4
0003697	3
0003700	152
0003714	1
0003723	34
0003725	1
0003729	1
0003735	56
0003743	3
0003746	4
0003747	1
0003755	3
0003774	4
0003824	45
0003842	1
0003848	1
0003852	1
0003855	1
0003856	1
0003857	1
0003861	2
0003862	1
0003864	1
0003866	1
0003871	1
0003879	1
0003882	1
0003883	1
0003886	3
0003887	8
0003899	7
0003908	2
0003911	1
0003916	4
0003917	2
0003918	4
0003919	1
0003920	1
0003922	1
0003924	16
0003933	1
0003935	1
0003937	1
0003938	1
0003941	5
0003949	1
0003951	3
0003954	3
0003955	1
0003964	2
0003973	1
0003977	1
0003978	1
0003983	2
0003984	1
0003985	1
0003989	5
0003994	1
0003995	1
0003998	1
0003999	1
0004014	1
0004016	1
0004018	1
0004019	1
0004020	1
0004022	3
0004029	1
0004030	2
0004044	1
0004045	2
0004047	1
0004048	1
0004049	3
0004053	1
0004055	1
0004056	1
0004061	1
0004066	2
0004067	1
0004070	1
0004072	2
0004073	1
0004075	1
0004076	1
0004077	1
0004084	1
0004088	3
0004089	1
0004096	3
0004106	1
0004107	1
0004112	1
0004124	2
0004126	1
0004127	1
0004129	8
0004139	2
0004140	1
0004141	1
0004146	1
0004148	2
0004149	1
0004150	1
0004151	1
0004152	1
0004156	1
0004160	1
0004163	1
0004170	1
0004175	3
0004176	2
0004177	5
0004180	1
0004181	2
0004190	3
0004222	15
0004252	14
0004298	1
0004314	1
0004315	2
0004316	1
0004318	1
0004325	3
0004326	1
0004329	1
0004332	3
0004333	1
0004335	1
0004340	1
0004342	1
0004345	1
0004347	1
0004349	1
0004350	1
0004356	1
0004359	1
0004360	1
0004368	1
0004370	2
0004371	1
0004372	1
0004375	2
0004385	1
0004386	2
0004397	1
0004399	1
0004400	2
0004401	1
0004412	1
0004413	1
0004414	1
0004417	1
0004418	1
0004420	1
0004421	1
0004424	1
0004425	1
0004427	1
0004450	1
0004451	1
0004452	1
0004459	2
0004471	1
0004473	1
0004474	1
0004476	2
0004478	2
0004479	1
0004488	1
0004496	1
0004497	6
0004514	1
0004518	4
0004519	11
0004521	2
0004523	3
0004525	1
0004526	1
0004527	2
0004529	1
0004536	2
0004540	2
0004550	1
0004553	8
0004555	1
0004556	2
0004559	1
0004565	1
0004574	2
0004585	2
0004587	1
0004588	1
0004590	2
0004591	1
0004592	1
0004595	1
0004601	3
0004602	1
0004604	1
0004605	1
0004609	1
0004612	1
0004616	1
0004617	1
0004618	1
0004619	1
0004631	1
0004632	1
0004633	1
0004634	1
0004635	1
0004636	1
0004637	1
0004638	2
0004639	1
0004641	1
0004642	2
0004643	1
0004644	1
0004654	1
0004655	1
0004659	1
0004664	1
0004672	4
0004673	17
0004674	1
0004713	1
0004715	1
0004721	1
0004722	3
0004725	5
0004729	1
0004731	2
0004733	1
0004735	1
0004736	1
0004739	2
0004743	1
0004747	2
0004748	1
0004749	1
0004750	1
0004751	2
0004756	1
0004764	1
0004765	1
0004781	1
0004783	2
0004784	2
0004788	1
0004789	1
0004791	1
0004794	2
0004795	1
0004797	1
0004798	1
0004799	2
0004802	2
0004803	39
0004807	1
0004808	1
0004812	3
0004813	1
0004814	2
0004816	1
0004817	1
0004818	1
0004820	2
0004821	1
0004822	2
0004823	1
0004824	1
0004825	2
0004826	2
0004827	1
0004828	1
0004829	2
0004830	1
0004831	1
0004832	1
0004833	1
0004834	2
0004837	1
0004844	1
0004845	1
0004849	1
0004851	1
0004852	2
0004853	1
0004888	1
0005047	1
0005048	1
0005198	26
0005215	8
0005216	1
0005267	1
0005283	5
0005298	1
0005337	1
0005351	1
0005375	1
0005388	1
0005436	1
0005488	3
0005506	5
0005507	6
0005509	2
0005515	24
0005524	283
0005525	25
0005576	4
0005694	3
0005737	64
0005829	5
0005840	34
0005854	1
0005886	81
0005951	1
0005960	1
0005975	40
0005991	2
0005996	1
0006002	1
0006006	3
0006007	1
0006011	2
0006012	2
0006013	1
0006014	2
0006044	3
0006048	1
0006051	1
0006066	1
0006068	1
0006071	4
0006072	2
0006085	1
0006086	3
0006089	2
0006090	1
0006094	7
0006096	13
0006097	1
0006098	4
0006099	6
0006106	1
0006109	3
0006113	1
0006116	3
0006119	1
0006139	5
0006144	1
0006163	2
0006164	4
0006166	1
0006168	1
0006171	1
0006177	1
0006189	8
0006207	3
0006213	1
0006221	4
0006226	1
0006229	1
0006231	2
0006233	1
0006241	1
0006259	2
0006260	19
0006261	1
0006265	12
0006269	2
0006270	4
0006275	1
0006281	30
0006282	1
0006284	3
0006285	1
0006289	3
0006290	1
0006298	2
0006302	3
0006303	2
0006304	4
0006308	1
0006310	26
0006313	8
0006351	9
0006352	18
0006353	4
0006354	1
0006355	168
0006364	9
0006396	4
0006400	9
0006401	1
0006402	4
0006412	62
0006413	3
0006414	4
0006415	3
0006417	1
0006418	2
0006419	1
0006420	2
0006421	1
0006423	1
0006424	3
0006426	2
0006427	1
0006428	2
0006429	1
0006430	1
0006431	2
0006432	2
0006433	1
0006434	1
0006435	2
0006436	1
0006437	1
0006438	1
0006450	1
0006457	7
0006465	5
0006468	5
0006470	5
0006482	1
0006486	5
0006508	40
0006520	6
0006522	1
0006526	1
0006527	1
0006528	1
0006529	2
0006534	1
0006535	3
0006541	2
0006542	1
0006546	2
0006548	2
0006556	2
0006561	3
0006562	1
0006564	1
0006565	4
0006567	1
0006568	1
0006569	1
0006572	1
0006605	2
0006614	1
0006629	6
0006631	1
0006633	12
0006635	1
0006644	1
0006654	3
0006730	2
0006741	1
0006760	1
0006772	3
0006777	9
0006779	4
0006780	2
0006782	1
0006783	5
0006785	1
0006790	2
0006801	4
0006808	2
0006810	9
0006811	2
0006812	5
0006813	2
0006814	11
0006816	1
0006817	4
0006825	1
0006826	4
0006855	3
0006865	12
0006886	2
0006935	15
0006950	1
0006979	5
0007059	5
0007165	22
0008033	11
0008080	32
0008081	3
0008094	1
0008097	1
0008113	1
0008134	5
0008135	1
0008137	1
0008152	10
0008153	1
0008168	28
0008170	2
0008171	1
0008173	2
0008175	1
0008176	1
0008186	1
0008194	1
0008199	2
0008233	15
0008236	13
0008237	1
0008251	1
0008253	3
0008254	1
0008270	35
0008289	4
0008295	1
0008299	2
0008324	7
0008360	8
0008374	1
0008379	2
0008381	2
0008408	6
0008409	2
0008443	1
0008444	1
0008448	2
0008460	1
0008479	1
0008483	3
0008495	2
0008534	1
0008610	3
0008615	1
0008616	2
0008641	2
0008643	50
0008649	3
0008652	2
0008654	9
0008655	1
0008658	8
0008662	1
0008664	1
0008675	2
0008686	1
0008687	1
0008700	2
0008703	1
0008706	4
0008716	1
0008725	1
0008728	2
0008734	1
0008736	1
0008740	1
0008745	11
0008752	4
0008753	4
0008756	1
0008757	14
0008760	2
0008761	1
0008762	1
0008763	1
0008764	1
0008776	1
0008782	1
0008784	1
0008785	1
0008788	1
0008795	1
0008800	3
0008802	1
0008804	1
0008808	1
0008817	1
0008829	2
0008835	1
0008836	1
0008837	1
0008839	1
0008840	4
0008841	1
0008855	1
0008861	1
0008863	1
0008864	1
0008869	1
0008879	1
0008881	1
0008883	1
0008887	1
0008888	1
0008890	1
0008893	1
0008897	1
0008902	1
0008909	1
0008929	1
0008930	1
0008932	1
0008933	1
0008935	1
0008940	3
0008941	1
0008955	5
0008959	1
0008961	1
0008962	1
0008963	1
0008965	1
0008966	1
0008972	3
0008973	2
0008982	40
0008984	1
0008987	1
0008993	2
0008994	1
0008999	1
0009001	1
0009002	4
0009007	1
0009009	5
0009022	1
0009030	1
0009035	1
0009036	1
0009037	1
0009052	2
0009055	11
0009058	11
0009060	1
0009061	1
0009063	1
0009073	6
0009081	1
0009082	2
0009085	2
0009086	5
0009088	3
0009089	10
0009094	1
0009097	1
0009098	4
0009102	2
0009103	1
0009107	3
0009113	2
0009116	7
0009117	1
0009132	3
0009143	1
0009152	2
0009156	1
0009164	1
0009166	3
0009220	2
0009225	1
0009228	9
0009231	1
0009234	9
0009236	1
0009246	1
0009247	1
0009249	4
0009252	20
0009253	5
0009254	3
0009255	1
0009263	1
0009264	2
0009288	3
0009290	1
0009294	1
0009298	1
0009306	12
0009307	2
0009311	2
0009316	2
0009317	6
0009318	1
0009320	1
0009325	3
0009326	1
0009331	2
0009337	2
0009339	1
0009349	1
0009360	2
0009368	2
0009376	2
0009378	2
0009379	1
0009380	2
0009381	1
0009394	1
0009396	3
0009401	72
0009403	1
0009408	4
0009423	2
0009424	2
0009425	3
0009431	2
0009432	3
0009435	6
0009451	4
0009486	1
0009691	2
0009847	11
0009898	2
0009966	1
0009972	1
0009975	1
0009982	6
0009986	1
0010124	6
0010181	16
0010468	1
0015031	3
0015035	10
0015036	3
0015074	12
0015078	8
0015079	2
0015081	1
0015093	1
0015095	1
0015103	1
0015105	2
0015109	3
0015112	1
0015113	1
0015123	2
0015128	1
0015129	2
0015136	1
0015144	3
0015169	1
0015171	3
0015205	3
0015209	1
0015233	1
0015234	1
0015267	2
0015293	12
0015295	1
0015297	11
0015385	5
0015412	3
0015415	3
0015416	7
0015424	1
0015446	1
0015450	3
0015556	1
0015562	4
0015572	1
0015573	3
0015574	1
0015577	1
0015627	1
0015628	2
0015648	2
0015655	1
0015658	2
0015662	6
0015689	3
0015693	1
0015697	1
0015700	1
0015703	3
0015716	8
0015727	1
0015739	1
0015740	4
0015759	3
0015771	1
0015794	1
0015796	1
0015803	2
0015824	1
0015833	4
0015837	1
0015851	3
0015887	1
0015888	1
0015934	8
0015935	6
0015936	1
0015937	3
0015940	2
0015941	1
0015942	1
0015949	2
0015969	1
0015970	1
0015976	1
0015986	8
0015990	6
0016019	2
0016020	327
0016024	1
0016032	12
0016042	1
0016075	1
0016114	1
0016126	2
0016149	2
0016152	1
0016153	1
0016154	1
0016209	2
0016226	5
0016301	16
0016310	26
0016311	4
0016407	5
0016413	1
0016430	1
0016433	1
0016434	1
0016462	1
0016491	66
0016597	2
0016600	1
0016614	1
0016616	11
0016620	6
0016624	2
0016627	6
0016628	1
0016639	2
0016646	3
0016647	1
0016651	1
0016655	1
0016682	4
0016684	1
0016703	3
0016705	3
0016712	1
0016722	2
0016740	11
0016742	1
0016746	32
0016747	16
0016755	1
0016757	18
0016758	2
0016763	1
0016765	2
0016773	8
0016776	2
0016779	4
0016780	5
0016782	1
0016783	3
0016787	94
0016788	3
0016790	7
0016791	5
0016798	5
0016799	1
0016810	7
0016811	5
0016812	2
0016817	3
0016818	1
0016829	6
0016830	1
0016831	1
0016832	3
0016835	2
0016836	1
0016853	3
0016854	1
0016855	1
0016857	2
0016868	1
0016872	1
0016874	13
0016879	1
0016884	2
0016887	121
0016891	1
0016903	1
0016987	19
0016989	1
0016990	1
0016992	1
0017000	2
0017004	6
0017013	1
0017038	1
0017103	2
0017110	1
0017111	2
0017118	1
0017148	2
0017150	1
0017168	3
0018193	1
0018277	1
0018364	1
0018455	1
0018467	1
0018480	1
0018835	1
0019062	1
0019068	11
0019082	1
0019104	3
0019134	1
0019136	2
0019152	1
0019172	1
0019180	1
0019191	2
0019200	3
0019205	1
0019213	1
0019239	1
0019242	1
0019262	1
0019264	1
0019277	2
0019285	1
0019287	4
0019299	2
0019301	3
0019305	2
0019317	1
0019344	1
0019350	5
0019354	1
0019379	1
0019388	2
0019430	1
0019441	2
0019464	2
0019480	1
0019491	2
0019509	1
0019521	1
0019546	1
0019547	1
0019556	2
0019605	1
0019629	1
0019632	1
0019634	3
0019645	1
0019647	1
0019674	1
0019679	1
0019700	1
0019752	1
0019825	3
0019829	6
0019835	1
0019843	3
0019867	1
0019877	1
0020037	11
0022625	5
0022627	3
0022857	98
0022877	2
0022900	1
0030001	6
0030091	2
0030115	1
0030145	3
0030151	3
0030170	20
0030234	2
0030246	6
0030261	2
0030272	1
0030288	3
0030366	1
0030388	1
0030420	3
0030429	1
0030435	10
0030436	45
0030488	1
0030552	2
0030554	6
0030612	2
0030639	1
0030643	1
0030655	3
0030694	2
0030729	1
0030955	1
0030956	2
0030973	2
0030976	6
0030983	3
0031071	1
0031072	1
0031167	2
0031317	7
0031402	1
0031469	4
0032049	1
0032196	1
0032259	17
0032300	1
0032328	1
0032466	1
0032784	3
0032993	2
0033014	4
0033228	4
0033230	4
0033232	4
0033286	3
0033288	3
0033294	1
0033295	1
0033308	3
0033739	1
0033743	1
0033744	1
0033816	1
0033818	1
0033862	1
0033922	2
0033926	1
0033958	1
0034200	1
0034220	3
0034301	1
0034618	1
0034979	1
0035429	1
0035438	1
0035673	1
0036211	4
0036376	1
0042026	1
0042126	2
0042132	1
0042173	1
0042174	1
0042254	6
0042274	1
0042286	2
0042354	1
0042450	3
0042545	1
0042546	4
0042578	13
0042586	1
0042597	3
0042626	119
0042773	2
0042780	1
0042802	10
0042803	2
0042806	1
0042823	2
0042834	3
0042853	1
0042908	2
0042910	3
0043022	6
0043093	3
0043094	1
0043101	1
0043138	1
0043139	1
0043190	24
0043295	1
0043365	2
0043565	9
0043682	1
0043687	1
0043743	1
0043772	2
0043800	1
0043801	1
0043811	1
0043822	1
0043856	2
0043858	1
0043937	4
0043952	2
0043953	2
0044205	1
0044341	1
0044423	11
0044780	8
0044781	2
0045027	1
0045087	2
0045127	1
0045148	1
0045150	2
0045152	1
0045182	1
0045227	2
0045239	1
0045240	4
0045252	1
0045254	2
0045259	5
0045340	2
0045454	5
0045717	1
0045881	1
0045892	9
0045910	1
0045936	1
0045982	1
0046081	1
0046110	1
0046118	1
0046168	1
0046292	1
0046314	1
0046316	1
0046348	2
0046416	1
0046417	1
0046421	1
0046428	1
0046500	1
0046522	1
0046654	1
0046677	4
0046685	4
0046689	2
0046718	1
0046797	1
0046798	1
0046820	1
0046835	1
0046857	1
0046872	130
0046873	2
0046912	1
0046914	2
0046919	1
0046933	5
0046942	1
0046983	4
0047200	1
0047307	1
0047324	2
0047348	1
0047355	4
0047429	1
0047465	1
0047475	1
0047480	1
0047547	1
0047617	1
0047661	2
0047761	1
0047804	1
0047810	1
0047952	1
0048030	1
0048473	4
0048501	1
0050136	4
0050182	1
0050334	2
0050380	1
0050415	1
0050456	4
0050480	1
0050500	1
0050511	1
0050515	1
0050567	2
0050568	1
0050660	18
0050661	12
0050787	1
0051027	1
0051082	6
0051083	1
0051087	1
0051117	1
0051131	1
0051139	2
0051144	1
0051156	1
0051205	1
0051213	1
0051287	15
0051301	13
0051409	1
0051470	3
0051536	7
0051537	1
0051539	17
0051540	1
0051603	1
0051606	1
0051775	1
0051920	3
0051989	1
0052381	1
0052689	2
0052693	1
0052851	1
0052873	4
0052906	1
0052913	1
0055051	4
0055052	32
0055056	1
0055085	133
0061077	1
0061097	1
0061599	1
0061603	1
0061710	1
0061712	1
0061783	2
0061799	1
0062192	1
0070006	6
0070007	7
0070063	2
0070069	3
0070085	3
0070204	1
0070205	1
0070395	3
0070401	1
0070403	8
0070475	1
0070573	1
0070726	3
0070905	1
0070908	1
0070967	1
0071555	17
0071586	6
0071704	1
0071705	5
0071722	1
0071793	2
0071805	1
0071949	6
0071951	1
0071973	11
0072344	1
0090529	1
0090563	1
0097163	1
0097266	1
0097311	1
0097351	1
0097367	6
0098024	1
0098662	3
0098869	1
0102039	1
0110001	1
0120225	2
0140078	1
0140098	2
0140110	3
0140297	1
0140327	1
0140358	1
0140359	144
0140657	2
0140662	2
0140741	1
0140911	5
0160105	1
0180001	1
1901023	1
1901135	5
1901137	2
1901642	1
1902495	16
1902560	1
1902600	7
1903424	2
1903425	2
1903826	1
1904047	32
1904659	1
1904680	1
1905039	1
1905887	2
1990107	1
1990112	1
1990397	2
1990586	1
1990610	1
