0000015	2
0000030	1
0000034	1
0000035	2
0000036	2
0000049	2
0000098	1
0000103	2
0000104	2
0000105	10
0000107	2
0000150	5
0000155	32
0000156	27
0000160	70
0000162	6
0000166	35
0000175	2
0000179	1
0000210	1
0000225	1
0000255	1
0000256	2
0000270	4
0000271	8
0000272	3
0000287	20
0000302	1
0000311	1
0000314	3
0000315	3
0000413	1
0000451	1
0000902	1
0000906	2
0000910	4
0000917	1
0000918	2
0000976	1
0001216	9
0001510	2
0001522	11
0001530	1
0001539	4
0001680	1
0001727	1
0001882	1
0002060	1
0002098	4
0002100	1
0002143	1
0002161	2
0002943	1
0002949	3
0003333	2
0003676	28
0003677	246
0003678	9
0003684	5
0003688	1
0003690	1
0003697	5
0003700	135
0003723	39
0003724	3
0003725	2
0003729	1
0003735	55
0003743	4
0003746	4
0003747	2
0003755	10
0003774	6
0003824	53
0003842	1
0003844	1
0003848	2
0003849	1
0003852	1
0003855	1
0003856	1
0003857	1
0003861	2
0003862	1
0003864	1
0003866	1
0003868	1
0003871	1
0003879	1
0003882	1
0003883	2
0003887	11
0003899	5
0003905	1
0003906	1
0003908	1
0003910	1
0003911	2
0003916	4
0003917	3
0003918	4
0003919	1
0003922	1
0003924	17
0003933	1
0003934	2
0003935	2
0003937	1
0003938	1
0003941	1
0003942	1
0003949	1
0003951	1
0003952	1
0003954	1
0003955	1
0003957	1
0003960	1
0003973	1
0003977	1
0003983	1
0003984	1
0003985	2
0003987	1
0003988	1
0003989	4
0003991	1
0003993	1
0003994	2
0003995	1
0003999	1
0004013	1
0004014	1
0004015	1
0004016	1
0004017	1
0004018	1
0004019	1
0004022	3
0004035	1
0004037	1
0004039	2
0004042	1
0004044	1
0004045	2
0004047	2
0004048	1
0004049	2
0004055	1
0004056	1
0004057	1
0004066	1
0004070	1
0004072	1
0004073	1
0004075	3
0004076	1
0004077	1
0004084	1
0004088	1
0004089	2
0004096	2
0004107	1
0004108	2
0004109	2
0004115	1
0004124	2
0004127	1
0004129	4
0004133	1
0004134	1
0004139	2
0004140	1
0004141	1
0004143	1
0004146	1
0004148	1
0004149	1
0004150	2
0004151	2
0004152	1
0004156	1
0004160	1
0004165	1
0004170	1
0004174	1
0004175	1
0004176	4
0004177	4
0004180	1
0004181	1
0004190	4
0004222	13
0004252	12
0004298	1
0004300	1
0004308	1
0004309	1
0004314	1
0004315	5
0004316	1
0004322	3
0004324	1
0004325	1
0004326	1
0004328	1
0004332	1
0004334	1
0004340	1
0004345	2
0004347	1
0004349	1
0004350	1
0004352	1
0004356	4
0004357	1
0004358	1
0004359	3
0004360	1
0004362	1
0004363	1
0004364	3
0004366	1
0004368	1
0004370	1
0004371	1
0004372	2
0004373	1
0004375	1
0004385	1
0004386	10
0004392	1
0004397	1
0004399	1
0004400	1
0004411	1
0004412	1
0004413	1
0004416	1
0004418	1
0004424	1
0004425	2
0004427	2
0004450	1
0004451	1
0004456	1
0004462	1
0004470	1
0004471	1
0004474	2
0004478	1
0004479	1
0004488	1
0004489	1
0004497	5
0004505	1
0004514	1
0004516	1
0004518	6
0004519	6
0004523	2
0004525	1
0004526	1
0004527	2
0004536	2
0004540	7
0004550	1
0004553	11
0004585	1
0004588	1
0004590	1
0004591	1
0004592	1
0004594	1
0004595	1
0004601	3
0004602	3
0004604	1
0004609	1
0004611	1
0004614	1
0004618	1
0004619	1
0004632	1
0004633	1
0004634	2
0004635	1
0004636	1
0004637	1
0004638	2
0004639	1
0004640	1
0004641	1
0004642	1
0004643	1
0004644	2
0004648	1
0004654	1
0004655	1
0004657	1
0004659	2
0004664	1
0004672	2
0004673	25
0004674	3
0004719	1
0004722	1
0004725	1
0004731	1
0004733	1
0004735	1
0004738	1
0004742	1
0004743	1
0004747	2
0004748	1
0004749	1
0004750	1
0004751	2
0004756	1
0004764	3
0004766	1
0004781	1
0004784	3
0004789	1
0004791	1
0004792	1
0004794	2
0004795	1
0004798	1
0004801	1
0004802	1
0004803	13
0004806	1
0004807	1
0004808	1
0004810	1
0004812	4
0004813	1
0004814	1
0004817	1
0004818	1
0004819	1
0004820	2
0004821	1
0004822	1
0004823	1
0004824	1
0004825	1
0004826	2
0004827	1
0004828	1
0004829	1
0004830	1
0004831	1
0004832	1
0004834	2
0004842	2
0004844	1
0004845	1
0004847	1
0004851	2
0004852	1
0004853	1
0004854	2
0004856	1
0004857	1
0004866	1
0004888	5
0005047	1
0005048	1
0005198	15
0005215	15
0005216	1
0005253	1
0005254	2
0005283	1
0005298	1
0005319	1
0005342	1
0005344	1
0005375	1
0005381	2
0005436	1
0005488	1
0005506	10
0005507	3
0005509	5
0005515	42
0005524	312
0005525	41
0005536	1
0005576	1
0005615	2
0005694	3
0005737	62
0005739	1
0005829	10
0005840	32
0005854	1
0005886	100
0005960	2
0005975	31
0005978	1
0005980	2
0005991	2
0005992	1
0005997	1
0006006	4
0006011	1
0006014	2
0006015	2
0006040	1
0006048	1
0006071	2
0006072	3
0006086	1
0006090	2
0006094	3
0006096	10
0006097	2
0006098	6
0006099	13
0006109	3
0006116	1
0006120	1
0006139	3
0006144	1
0006146	1
0006147	1
0006163	1
0006164	4
0006168	1
0006171	1
0006177	1
0006188	1
0006189	7
0006203	1
0006207	3
0006221	4
0006222	1
0006223	1
0006226	1
0006229	1
0006233	1
0006241	2
0006259	1
0006260	20
0006261	4
0006265	8
0006269	1
0006270	2
0006275	1
0006281	31
0006282	1
0006284	5
0006289	3
0006298	2
0006302	2
0006303	2
0006304	1
0006308	2
0006310	41
0006313	3
0006351	6
0006352	11
0006353	3
0006354	3
0006355	165
0006364	14
0006396	8
0006400	12
0006402	4
0006412	59
0006413	4
0006414	3
0006415	5
0006417	2
0006418	2
0006419	1
0006420	1
0006423	1
0006424	3
0006425	1
0006426	2
0006427	1
0006428	1
0006429	1
0006430	1
0006431	1
0006432	2
0006433	1
0006434	1
0006435	1
0006436	1
0006437	1
0006438	1
0006450	1
0006457	12
0006465	2
0006468	3
0006470	2
0006482	2
0006486	14
0006493	1
0006506	1
0006508	49
0006520	6
0006522	1
0006526	6
0006527	5
0006529	1
0006534	2
0006535	6
0006537	1
0006541	3
0006542	4
0006546	1
0006547	1
0006548	2
0006556	1
0006559	4
0006561	4
0006564	2
0006568	2
0006571	1
0006572	3
0006574	1
0006592	3
0006605	2
0006614	1
0006629	2
0006631	3
0006633	19
0006635	1
0006637	1
0006654	2
0006662	1
0006729	1
0006730	2
0006741	1
0006744	7
0006749	11
0006750	3
0006751	1
0006760	2
0006777	8
0006779	5
0006780	1
0006788	1
0006790	7
0006796	3
0006797	1
0006798	1
0006799	1
0006801	2
0006808	2
0006810	27
0006811	9
0006812	9
0006813	6
0006814	5
0006817	11
0006825	1
0006826	4
0006829	2
0006835	2
0006847	1
0006855	3
0006865	28
0006869	1
0006879	2
0006884	1
0006885	2
0006886	3
0006935	51
0006950	3
0006972	1
0006974	1
0006979	6
0007059	6
0007155	6
0007165	50
0008033	12
0008080	33
0008081	2
0008094	1
0008097	1
0008113	1
0008115	1
0008124	1
0008134	9
0008135	1
0008137	6
0008152	11
0008153	1
0008168	25
0008172	1
0008173	3
0008175	1
0008176	1
0008177	1
0008186	1
0008198	1
0008199	5
0008219	1
0008233	11
0008234	4
0008236	6
0008237	9
0008251	1
0008252	2
0008270	49
0008276	1
0008289	6
0008295	2
0008299	4
0008310	1
0008311	1
0008320	1
0008324	3
0008360	5
0008374	2
0008379	3
0008381	5
0008408	5
0008409	1
0008410	2
0008412	1
0008413	1
0008428	1
0008441	1
0008442	1
0008444	2
0008446	1
0008460	2
0008478	1
0008479	1
0008483	10
0008484	1
0008495	1
0008519	1
0008534	1
0008535	2
0008556	3
0008610	4
0008615	6
0008616	4
0008641	2
0008643	12
0008649	2
0008652	1
0008653	1
0008654	8
0008658	6
0008660	1
0008661	1
0008662	1
0008666	1
0008674	1
0008676	1
0008677	2
0008681	1
0008685	1
0008686	1
0008690	1
0008692	1
0008696	1
0008703	1
0008705	1
0008710	1
0008714	1
0008716	2
0008725	2
0008726	1
0008728	2
0008734	1
0008745	3
0008752	2
0008753	3
0008754	1
0008755	1
0008757	14
0008758	2
0008760	1
0008761	1
0008762	1
0008763	1
0008764	1
0008770	1
0008773	1
0008777	1
0008780	1
0008784	1
0008785	1
0008791	1
0008792	1
0008794	1
0008795	1
0008797	1
0008800	1
0008802	1
0008803	1
0008808	2
0008812	1
0008813	1
0008817	2
0008821	1
0008824	1
0008829	1
0008830	2
0008832	1
0008835	1
0008836	2
0008837	1
0008839	1
0008840	1
0008851	1
0008854	3
0008855	2
0008864	2
0008867	1
0008869	1
0008872	1
0008879	1
0008881	1
0008882	1
0008883	1
0008887	1
0008892	1
0008893	1
0008897	2
0008899	1
0008902	1
0008907	1
0008914	2
0008915	1
0008920	2
0008924	2
0008932	1
0008933	2
0008939	1
0008942	2
0008948	1
0008955	4
0008961	2
0008963	1
0008964	1
0008965	1
0008966	1
0008967	1
0008968	1
0008972	1
0008976	1
0008977	1
0008982	2
0008984	2
0008986	1
0008987	1
0008988	2
0008990	1
0008995	1
0008999	1
0009001	4
0009002	4
0009007	5
0009009	7
0009013	1
0009014	1
0009015	1
0009016	1
0009017	1
0009022	1
0009027	1
0009029	1
0009030	1
0009035	1
0009037	2
0009039	2
0009045	1
0009052	2
0009055	24
0009058	13
0009061	1
0009062	1
0009063	1
0009073	6
0009081	1
0009082	3
0009085	1
0009086	7
0009088	3
0009089	9
0009094	1
0009097	3
0009098	4
0009102	5
0009103	3
0009107	1
0009113	2
0009115	3
0009116	6
0009117	2
0009132	7
0009143	1
0009146	3
0009152	3
0009156	1
0009165	1
0009220	1
0009225	2
0009228	7
0009236	18
0009240	1
0009244	3
0009245	7
0009249	2
0009250	1
0009252	25
0009253	3
0009254	1
0009255	1
0009263	1
0009264	2
0009267	1
0009269	1
0009274	2
0009279	35
0009288	6
0009289	5
0009290	1
0009294	1
0009295	1
0009297	7
0009306	20
0009307	2
0009310	1
0009313	1
0009316	2
0009317	5
0009318	2
0009320	1
0009326	1
0009331	2
0009338	3
0009339	1
0009340	1
0009349	2
0009358	1
0009360	3
0009368	2
0009376	2
0009378	2
0009379	1
0009380	2
0009381	1
0009396	5
0009399	1
0009401	3
0009408	2
0009423	3
0009424	1
0009425	1
0009426	1
0009427	1
0009428	2
0009431	2
0009432	8
0009435	6
0009439	1
0009443	1
0009446	2
0009448	2
0009450	1
0009451	8
0009486	3
0009750	1
0009898	4
0009927	1
0009966	7
0009975	7
0009982	11
0009986	1
0010124	1
0010181	23
0010308	1
0010309	1
0010340	1
0010468	2
0010945	1
0010951	1
0015031	19
0015035	7
0015036	4
0015074	17
0015075	1
0015078	8
0015079	3
0015081	1
0015093	1
0015095	1
0015098	1
0015103	4
0015105	1
0015116	1
0015128	2
0015136	1
0015150	1
0015159	2
0015169	1
0015171	5
0015185	1
0015205	3
0015220	1
0015221	4
0015232	3
0015252	4
0015267	11
0015276	1
0015288	16
0015291	1
0015293	6
0015297	6
0015343	5
0015385	2
0015412	2
0015415	6
0015416	4
0015417	1
0015419	3
0015424	6
0015450	3
0015451	1
0015473	2
0015535	1
0015562	13
0015612	1
0015614	2
0015627	8
0015628	12
0015633	1
0015658	4
0015662	3
0015663	1
0015689	4
0015693	1
0015697	1
0015716	6
0015739	1
0015740	1
0015753	2
0015756	1
0015774	2
0015794	1
0015802	6
0015803	2
0015812	1
0015824	1
0015833	2
0015837	1
0015840	5
0015846	6
0015849	1
0015851	3
0015871	1
0015886	2
0015890	1
0015891	12
0015914	1
0015920	4
0015930	1
0015934	8
0015935	6
0015937	3
0015940	4
0015941	1
0015942	1
0015949	2
0015969	3
0015976	2
0015977	1
0015986	8
0015990	3
0016020	358
0016032	5
0016042	2
0016052	1
0016070	1
0016114	1
0016149	2
0016151	5
0016153	1
0016208	1
0016226	12
0016260	1
0016298	1
0016301	6
0016310	11
0016311	5
0016407	1
0016410	2
0016421	2
0016432	2
0016433	1
0016434	1
0016436	1
0016462	2
0016491	105
0016530	1
0016531	2
0016567	2
0016597	1
0016598	1
0016614	2
0016616	9
0016620	6
0016627	3
0016628	1
0016645	1
0016646	2
0016647	1
0016651	2
0016655	4
0016661	1
0016667	1
0016682	1
0016684	1
0016701	1
0016703	1
0016705	1
0016709	3
0016722	2
0016740	17
0016742	1
0016746	38
0016747	20
0016755	1
0016757	24
0016758	2
0016763	3
0016765	2
0016772	5
0016773	1
0016776	2
0016779	7
0016780	6
0016782	3
0016783	4
0016787	88
0016788	8
0016790	10
0016791	6
0016798	1
0016799	2
0016805	1
0016810	10
0016811	2
0016812	1
0016817	8
0016818	3
0016823	1
0016829	6
0016830	2
0016831	2
0016832	3
0016833	1
0016836	7
0016841	2
0016846	1
0016853	7
0016854	1
0016857	2
0016861	1
0016866	2
0016868	1
0016872	2
0016874	12
0016879	1
0016881	2
0016884	1
0016887	111
0016896	1
0016901	3
0016987	12
0016989	4
0016992	1
0016993	1
0016994	1
0016997	1
0017000	2
0017003	1
0017004	8
0017013	1
0017038	2
0017057	1
0017076	1
0017136	3
0017148	1
0017150	3
0017168	1
0018104	1
0018117	1
0018149	1
0018189	6
0018193	1
0018277	2
0018339	1
0018364	2
0018467	1
0018578	2
0018659	1
0018738	1
0018835	2
0019058	1
0019062	1
0019068	6
0019104	3
0019120	4
0019134	1
0019171	2
0019172	1
0019200	1
0019213	2
0019239	2
0019243	1
0019250	1
0019264	2
0019277	1
0019285	2
0019288	3
0019290	4
0019305	5
0019310	3
0019346	1
0019354	2
0019379	1
0019394	1
0019427	1
0019430	1
0019464	4
0019475	1
0019491	1
0019509	4
0019538	1
0019556	1
0019557	1
0019619	3
0019627	6
0019629	2
0019631	1
0019632	2
0019633	1
0019634	4
0019673	1
0019679	2
0019700	2
0019752	1
0019808	5
0019825	1
0019829	4
0019835	2
0019843	3
0019856	1
0019867	19
0019899	1
0020037	16
0022625	5
0022627	3
0022857	120
0022877	1
0022900	2
0022904	3
0030001	7
0030091	3
0030151	4
0030163	2
0030170	32
0030234	1
0030246	7
0030253	5
0030254	24
0030256	2
0030257	5
0030261	4
0030272	1
0030288	17
0030430	1
0030435	1
0030488	2
0030527	3
0030551	1
0030552	1
0030554	7
0030604	1
0030638	1
0030639	1
0030643	1
0030674	1
0030694	2
0030697	1
0030788	1
0030789	1
0030955	1
0030956	2
0030964	1
0030973	1
0030976	4
0030979	1
0030983	2
0031004	3
0031012	1
0031071	3
0031167	3
0031176	1
0031177	1
0031317	2
0031402	1
0031411	1
0031412	1
0031419	1
0031522	2
0031992	4
0032049	3
0032150	1
0032259	10
0032297	1
0032300	1
0032363	1
0032775	4
0032784	6
0032955	1
0032977	1
0032993	6
0033013	1
0033014	3
0033103	31
0033104	10
0033194	1
0033212	1
0033214	1
0033219	1
0033221	5
0033222	1
0033232	4
0033286	3
0033288	3
0033294	1
0033295	1
0033308	3
0033573	2
0033711	1
0033730	1
0033739	1
0033743	1
0033744	1
0033819	1
0033856	1
0033862	1
0033863	1
0033890	1
0033942	1
0033971	1
0034081	1
0034194	1
0034204	1
0034220	3
0034702	1
0034755	2
0035429	2
0035435	1
0035438	7
0035550	1
0035870	1
0036125	1
0036211	8
0036222	1
0036374	1
0036424	1
0038023	3
0042026	2
0042121	1
0042128	1
0042132	1
0042158	2
0042173	1
0042178	1
0042242	1
0042254	5
0042273	1
0042274	1
0042286	1
0042301	3
0042450	2
0042546	3
0042578	2
0042586	2
0042597	9
0042626	148
0042732	1
0042773	3
0042780	1
0042802	10
0042823	1
0042834	4
0042882	1
0042884	3
0042908	3
0042910	3
0042918	1
0042919	1
0042925	1
0042952	1
0042953	5
0043022	8
0043024	1
0043039	2
0043093	2
0043101	1
0043107	2
0043115	1
0043138	1
0043165	1
0043169	2
0043190	33
0043213	1
0043295	4
0043335	1
0043419	1
0043448	1
0043462	1
0043531	1
0043546	5
0043565	18
0043639	1
0043683	5
0043684	2
0043711	3
0043720	1
0043751	1
0043752	1
0043755	1
0043811	1
0043819	1
0043824	1
0043828	1
0043856	2
0043867	1
0043874	1
0043880	1
0043934	1
0043952	3
0044097	1
0044205	1
0044209	1
0044341	1
0044419	1
0044423	8
0044571	1
0044668	1
0044780	9
0044781	3
0044874	1
0044877	1
0045027	1
0045182	1
0045252	1
0045254	2
0045259	4
0045271	1
0045273	2
0045277	1
0045454	3
0045493	1
0045861	2
0045892	11
0045893	3
0045900	2
0045936	1
0046026	1
0046081	1
0046110	1
0046118	1
0046168	1
0046177	1
0046278	2
0046292	1
0046294	1
0046306	1
0046316	1
0046392	1
0046395	1
0046417	1
0046421	1
0046429	1
0046523	1
0046565	1
0046653	1
0046654	3
0046656	1
0046677	4
0046685	2
0046688	1
0046690	1
0046718	2
0046797	2
0046820	1
0046872	172
0046873	4
0046906	1
0046917	1
0046930	10
0046933	5
0046983	4
0047134	1
0047307	1
0047324	1
0047420	1
0047429	4
0047448	1
0047456	1
0047471	2
0047472	1
0047475	1
0047480	1
0047570	1
0047575	1
0047617	4
0047632	1
0047661	1
0047804	1
0047834	2
0047938	1
0047952	1
0047975	1
0048001	1
0048034	1
0048038	7
0048472	1
0048473	4
0048501	1
0050114	1
0050126	1
0050129	1
0050131	1
0050136	5
0050311	1
0050380	1
0050440	1
0050446	2
0050480	1
0050511	1
0050515	1
0050518	1
0050520	1
0050567	2
0050568	2
0050570	2
0050660	34
0050661	11
0050709	1
0050896	1
0050992	1
0051073	1
0051082	7
0051083	1
0051087	1
0051116	1
0051119	1
0051139	3
0051156	1
0051213	2
0051252	1
0051259	1
0051262	1
0051266	1
0051287	21
0051301	10
0051304	2
0051470	3
0051536	23
0051537	8
0051539	20
0051540	1
0051596	1
0051603	1
0051604	2
0051745	1
0051782	2
0051903	1
0051920	4
0051989	1
0052040	1
0052381	1
0052547	3
0052621	23
0052689	4
0052693	1
0052737	1
0052873	1
0052906	1
0052913	1
0055052	48
0055085	186
0061024	1
0061077	3
0061542	1
0061599	1
0061710	2
0061799	1
0065003	1
0070006	5
0070063	4
0070069	1
0070395	2
0070401	4
0070402	3
0070403	19
0070475	2
0070573	1
0070733	2
0070905	2
0070968	3
0071111	15
0071268	1
0071555	5
0071704	1
0071705	1
0071709	1
0071805	1
0071824	3
0071949	11
0071951	1
0071972	1
0071973	11
0072344	1
0072488	1
0075713	1
0090729	1
0097163	2
0097347	1
0097367	3
0097588	1
0098003	3
0098024	2
0098025	1
0098045	1
0098561	3
0098567	2
0098662	2
0098797	3
0098847	2
0098869	1
0101006	1
0102039	1
0103117	1
0106361	1
0110001	4
0110142	1
0120225	1
0140078	1
0140110	1
0140327	1
0140358	3
0140359	146
0140657	1
0140658	2
0140662	4
0140673	1
0140741	1
0141014	1
0160105	1
0170035	2
1901135	1
1901137	1
1901891	1
1901893	1
1902358	2
1902600	6
1903424	1
1903425	1
1904047	25
1904091	1
1904680	1
1905887	4
1990107	1
1990204	2
1990229	1
1990586	1
1990610	1
