0000015	1
0000027	2
0000034	1
0000049	2
0000062	1
0000103	5
0000104	1
0000105	10
0000107	2
0000150	1
0000155	19
0000156	5
0000160	28
0000162	3
0000166	22
0000175	2
0000179	1
0000210	1
0000256	1
0000270	5
0000271	3
0000272	2
0000287	29
0000302	1
0000309	1
0000310	1
0000311	1
0000314	3
0000315	3
0000373	3
0000700	1
0000703	1
0000774	1
0000902	1
0000906	1
0000910	4
0000917	1
0000918	1
0000976	1
0001072	3
0001216	9
0001510	4
0001522	8
0001539	5
0001680	1
0001727	1
0002098	2
0002100	1
0002143	3
0002161	1
0002943	2
0002949	4
0002953	1
0003333	2
0003676	24
0003677	213
0003678	8
0003684	5
0003688	1
0003697	7
0003700	120
0003723	46
0003724	6
0003725	2
0003729	1
0003735	55
0003743	3
0003746	6
0003747	2
0003755	6
0003774	6
0003824	30
0003841	1
0003844	1
0003848	1
0003852	1
0003855	1
0003856	1
0003861	3
0003862	2
0003864	1
0003866	1
0003871	1
0003879	1
0003883	1
0003886	1
0003887	9
0003899	9
0003906	2
0003908	2
0003911	2
0003916	4
0003917	3
0003918	4
0003919	1
0003920	1
0003922	1
0003924	13
0003934	1
0003935	1
0003937	1
0003938	1
0003942	1
0003949	1
0003951	1
0003952	1
0003954	1
0003957	1
0003964	3
0003977	1
0003978	1
0003984	4
0003985	1
0003987	1
0003989	4
0003991	1
0003994	2
0003995	1
0003998	1
0003999	1
0004000	1
0004014	1
0004015	1
0004017	1
0004018	2
0004019	1
0004020	1
0004022	2
0004034	1
0004035	1
0004039	1
0004042	1
0004044	1
0004045	2
0004047	1
0004048	1
0004049	1
0004055	1
0004056	1
0004062	2
0004066	1
0004067	1
0004068	1
0004070	1
0004071	1
0004072	2
0004073	1
0004075	1
0004076	1
0004077	1
0004084	1
0004088	1
0004089	1
0004096	2
0004106	2
0004107	1
0004109	2
0004115	1
0004124	2
0004127	1
0004129	3
0004133	1
0004134	1
0004139	1
0004140	1
0004141	2
0004143	1
0004146	1
0004148	1
0004149	1
0004150	1
0004151	1
0004152	1
0004156	1
0004160	1
0004170	1
0004175	1
0004176	4
0004177	3
0004185	1
0004190	4
0004222	9
0004252	9
0004298	1
0004308	1
0004309	2
0004314	1
0004315	3
0004316	1
0004322	1
0004324	1
0004325	1
0004326	1
0004332	1
0004333	1
0004335	1
0004342	1
0004345	1
0004347	1
0004349	1
0004350	1
0004356	1
0004357	1
0004359	1
0004360	1
0004362	1
0004363	1
0004364	3
0004366	1
0004368	3
0004370	1
0004372	1
0004373	1
0004375	1
0004385	1
0004386	7
0004397	1
0004399	1
0004400	2
0004401	1
0004410	1
0004412	1
0004413	1
0004416	1
0004417	1
0004418	1
0004424	1
0004425	1
0004427	1
0004450	1
0004455	1
0004457	1
0004470	1
0004471	1
0004476	1
0004478	1
0004479	1
0004488	1
0004489	1
0004497	2
0004514	1
0004516	1
0004518	3
0004519	4
0004520	2
0004521	3
0004523	2
0004525	1
0004526	1
0004527	1
0004534	1
0004540	3
0004550	1
0004553	9
0004565	1
0004585	1
0004588	1
0004590	1
0004591	1
0004592	1
0004594	1
0004595	1
0004601	2
0004602	1
0004604	1
0004609	2
0004612	1
0004614	1
0004616	1
0004619	2
0004620	1
0004622	1
0004632	1
0004633	1
0004634	1
0004635	1
0004636	1
0004637	1
0004638	2
0004639	1
0004640	1
0004641	1
0004642	1
0004643	1
0004644	2
0004648	1
0004654	1
0004655	1
0004659	1
0004664	1
0004665	1
0004672	1
0004673	7
0004674	3
0004719	1
0004721	2
0004725	1
0004731	2
0004733	1
0004735	1
0004738	1
0004742	1
0004743	2
0004747	1
0004748	3
0004750	1
0004751	1
0004764	1
0004765	1
0004781	1
0004783	2
0004784	1
0004789	1
0004791	1
0004792	2
0004794	1
0004795	1
0004797	1
0004798	1
0004799	1
0004801	1
0004802	1
0004803	30
0004807	1
0004808	1
0004810	1
0004812	3
0004813	1
0004814	1
0004815	1
0004816	1
0004817	1
0004818	1
0004819	1
0004820	2
0004821	1
0004822	1
0004823	1
0004824	1
0004825	1
0004826	2
0004827	2
0004828	1
0004829	1
0004830	1
0004831	1
0004832	1
0004834	2
0004844	1
0004845	1
0004847	2
0004849	1
0004851	3
0004852	1
0004853	1
0004857	1
0004888	8
0005047	1
0005048	1
0005198	13
0005215	13
0005247	1
0005298	1
0005337	1
0005351	1
0005375	1
0005381	1
0005385	1
0005488	2
0005506	7
0005507	4
0005509	1
0005515	30
0005524	261
0005525	24
0005542	1
0005576	1
0005615	1
0005694	4
0005737	62
0005829	5
0005840	32
0005854	1
0005886	61
0005960	1
0005971	1
0005975	42
0005978	2
0005980	1
0005991	1
0005996	1
0006002	1
0006006	1
0006012	5
0006014	1
0006015	1
0006044	2
0006048	1
0006064	3
0006066	1
0006071	2
0006072	4
0006084	1
0006086	1
0006089	1
0006090	1
0006094	3
0006096	10
0006098	4
0006099	12
0006101	1
0006106	1
0006113	3
0006116	1
0006120	1
0006139	3
0006144	1
0006146	1
0006163	1
0006164	3
0006166	1
0006168	1
0006177	1
0006188	1
0006189	5
0006203	1
0006207	4
0006221	2
0006222	1
0006226	1
0006229	1
0006231	1
0006233	1
0006260	21
0006261	4
0006265	8
0006269	1
0006270	1
0006274	1
0006275	1
0006281	26
0006284	4
0006285	1
0006289	3
0006298	2
0006302	2
0006304	2
0006308	1
0006310	40
0006313	3
0006351	7
0006352	11
0006353	3
0006355	149
0006364	13
0006396	9
0006400	12
0006401	1
0006402	2
0006412	57
0006413	3
0006414	6
0006415	4
0006417	1
0006418	1
0006419	1
0006420	1
0006421	1
0006422	1
0006423	1
0006424	1
0006425	1
0006426	2
0006427	1
0006428	1
0006429	1
0006430	1
0006431	1
0006432	2
0006433	1
0006434	1
0006435	1
0006436	1
0006437	1
0006438	1
0006457	9
0006465	2
0006468	2
0006474	1
0006482	1
0006486	3
0006508	48
0006520	6
0006522	1
0006523	1
0006526	5
0006527	1
0006529	2
0006534	1
0006535	3
0006537	1
0006541	2
0006542	1
0006547	1
0006548	2
0006556	1
0006561	3
0006564	2
0006568	1
0006571	1
0006592	3
0006596	1
0006605	3
0006614	1
0006629	5
0006631	2
0006633	12
0006654	2
0006662	2
0006730	1
0006744	10
0006749	7
0006750	2
0006754	1
0006760	1
0006777	10
0006779	5
0006780	1
0006790	2
0006796	1
0006798	2
0006799	1
0006801	1
0006808	1
0006810	18
0006811	4
0006812	3
0006813	5
0006814	3
0006817	6
0006821	1
0006824	1
0006825	1
0006826	1
0006829	2
0006835	1
0006855	1
0006865	29
0006879	2
0006885	2
0006886	4
0006935	12
0006950	4
0006970	1
0006979	5
0007059	4
0007155	5
0007165	36
0008033	10
0008080	15
0008081	2
0008094	1
0008106	1
0008108	1
0008113	1
0008134	4
0008135	1
0008137	6
0008152	12
0008168	13
0008172	1
0008173	5
0008176	1
0008177	1
0008184	2
0008186	1
0008199	2
0008218	1
0008219	1
0008233	6
0008234	2
0008236	4
0008237	11
0008251	1
0008270	24
0008276	1
0008295	2
0008299	4
0008310	1
0008311	1
0008320	1
0008324	3
0008360	4
0008374	1
0008375	2
0008379	1
0008381	1
0008408	5
0008409	1
0008410	1
0008412	1
0008413	1
0008428	1
0008441	1
0008444	1
0008448	1
0008460	1
0008478	1
0008479	1
0008483	12
0008484	2
0008495	1
0008519	1
0008534	1
0008610	3
0008615	5
0008616	5
0008641	2
0008643	11
0008649	3
0008652	4
0008653	2
0008654	6
0008658	3
0008660	1
0008661	1
0008662	1
0008666	1
0008668	1
0008672	1
0008674	2
0008675	1
0008676	1
0008677	1
0008679	1
0008681	1
0008685	1
0008686	1
0008690	1
0008696	1
0008697	1
0008703	1
0008705	1
0008710	1
0008712	1
0008714	1
0008716	1
0008720	2
0008725	1
0008726	1
0008728	1
0008734	1
0008740	1
0008745	4
0008750	2
0008752	1
0008753	2
0008754	1
0008755	1
0008756	1
0008757	8
0008758	1
0008760	1
0008761	1
0008762	1
0008763	1
0008764	1
0008770	1
0008771	1
0008777	1
0008779	1
0008780	1
0008782	1
0008783	1
0008784	1
0008785	1
0008792	1
0008794	1
0008795	1
0008797	1
0008798	1
0008800	1
0008801	1
0008803	1
0008808	1
0008810	1
0008813	1
0008814	1
0008815	3
0008817	1
0008821	1
0008828	1
0008829	1
0008830	1
0008831	1
0008832	1
0008834	1
0008835	1
0008836	1
0008837	1
0008839	1
0008840	1
0008854	3
0008855	1
0008859	1
0008861	1
0008863	3
0008864	1
0008867	2
0008869	2
0008878	1
0008879	1
0008880	1
0008881	1
0008882	1
0008883	1
0008887	1
0008888	1
0008893	1
0008897	3
0008899	1
0008902	1
0008909	2
0008914	1
0008915	1
0008920	1
0008922	1
0008924	1
0008926	1
0008927	2
0008929	1
0008930	1
0008932	1
0008933	4
0008934	1
0008935	1
0008940	3
0008941	1
0008942	2
0008951	1
0008955	1
0008961	1
0008962	1
0008963	1
0008964	1
0008966	1
0008968	1
0008972	1
0008973	1
0008974	1
0008976	1
0008977	1
0008982	11
0008984	1
0008986	1
0008987	1
0008988	2
0008990	4
0008993	1
0008995	1
0008998	1
0009001	1
0009002	3
0009007	2
0009009	3
0009014	1
0009022	1
0009029	1
0009030	2
0009052	1
0009055	15
0009058	13
0009061	3
0009063	3
0009067	1
0009073	6
0009081	1
0009082	6
0009086	5
0009088	3
0009089	8
0009094	1
0009097	2
0009098	5
0009102	7
0009103	8
0009107	1
0009113	2
0009116	5
0009117	4
0009143	1
0009146	2
0009152	5
0009164	1
0009166	1
0009220	1
0009225	1
0009228	11
0009234	7
0009236	1
0009240	1
0009243	1
0009244	2
0009245	5
0009246	7
0009249	2
0009250	1
0009252	14
0009253	3
0009254	2
0009263	3
0009264	1
0009267	2
0009271	1
0009274	2
0009276	5
0009279	10
0009288	6
0009289	4
0009294	1
0009295	1
0009297	6
0009298	1
0009306	13
0009307	1
0009310	1
0009316	2
0009317	5
0009318	1
0009320	1
0009325	3
0009326	3
0009330	1
0009331	3
0009337	1
0009338	2
0009340	1
0009341	1
0009346	3
0009347	1
0009349	1
0009358	1
0009360	2
0009368	2
0009376	2
0009378	2
0009379	1
0009380	2
0009381	1
0009389	1
0009396	3
0009399	12
0009401	15
0009408	2
0009409	1
0009421	1
0009423	2
0009424	2
0009425	1
0009426	1
0009427	1
0009428	2
0009431	2
0009432	3
0009435	6
0009443	1
0009446	2
0009447	2
0009448	1
0009451	5
0009636	1
0009750	1
0009898	6
0009927	1
0009966	1
0009975	1
0009982	8
0009986	1
0010181	19
0010340	1
0010468	1
0010608	1
0010945	1
0010974	1
0015031	12
0015035	4
0015074	21
0015078	3
0015079	2
0015081	1
0015087	1
0015095	2
0015098	2
0015103	1
0015112	2
0015113	1
0015116	1
0015128	2
0015129	1
0015136	1
0015169	1
0015171	3
0015205	4
0015209	1
0015221	2
0015233	1
0015252	2
0015267	5
0015288	5
0015291	4
0015293	7
0015297	1
0015343	4
0015344	2
0015385	2
0015411	2
0015415	3
0015417	1
0015419	3
0015420	1
0015424	11
0015440	1
0015450	3
0015451	1
0015473	1
0015503	1
0015562	11
0015572	1
0015573	1
0015574	1
0015599	1
0015627	9
0015628	11
0015633	1
0015645	1
0015649	1
0015658	3
0015663	1
0015666	1
0015689	4
0015693	2
0015706	2
0015707	1
0015716	1
0015734	1
0015739	1
0015759	1
0015771	1
0015774	1
0015794	2
0015803	5
0015824	1
0015826	1
0015833	6
0015840	5
0015846	4
0015851	4
0015887	1
0015888	2
0015889	2
0015890	1
0015891	5
0015914	1
0015920	1
0015926	1
0015930	1
0015934	8
0015935	6
0015937	4
0015940	4
0015941	1
0015942	3
0015944	1
0015949	2
0015969	2
0015976	3
0015977	1
0015986	8
0016020	287
0016032	1
0016070	5
0016075	1
0016114	1
0016149	2
0016153	1
0016163	3
0016208	1
0016209	1
0016226	8
0016298	1
0016301	8
0016310	17
0016311	1
0016407	1
0016410	2
0016413	1
0016430	1
0016432	1
0016434	1
0016436	1
0016462	2
0016491	53
0016610	1
0016612	2
0016614	1
0016616	6
0016620	3
0016627	1
0016628	1
0016639	1
0016651	3
0016655	2
0016661	1
0016667	1
0016682	1
0016684	1
0016705	2
0016709	3
0016722	1
0016731	1
0016740	15
0016746	8
0016747	7
0016757	8
0016758	1
0016763	2
0016765	1
0016772	3
0016773	1
0016776	1
0016779	6
0016780	3
0016782	2
0016783	3
0016787	39
0016788	8
0016790	1
0016791	2
0016798	3
0016799	3
0016805	1
0016810	7
0016811	1
0016812	1
0016813	1
0016817	2
0016818	1
0016829	12
0016830	2
0016831	4
0016832	3
0016833	2
0016835	1
0016836	1
0016846	1
0016853	5
0016855	2
0016857	2
0016868	1
0016872	1
0016874	3
0016879	1
0016881	2
0016887	85
0016896	1
0016901	1
0016903	2
0016920	1
0016966	1
0016987	12
0016989	4
0016992	1
0016997	1
0017000	1
0017004	1
0017013	1
0017038	2
0017057	1
0017108	1
0017148	1
0017150	3
0017168	4
0018106	1
0018209	1
0018277	1
0018339	1
0018364	2
0018738	1
0018835	2
0019068	1
0019104	2
0019134	1
0019145	1
0019152	1
0019165	1
0019171	1
0019177	1
0019180	1
0019200	1
0019213	1
0019217	1
0019242	1
0019243	1
0019264	1
0019277	1
0019281	1
0019288	3
0019290	1
0019299	2
0019301	1
0019305	3
0019344	1
0019346	2
0019354	3
0019361	1
0019379	1
0019394	1
0019427	1
0019430	1
0019464	3
0019509	1
0019534	1
0019538	2
0019556	1
0019557	1
0019594	1
0019627	3
0019632	1
0019634	5
0019645	1
0019646	1
0019700	2
0019752	2
0019808	2
0019825	2
0019829	2
0019835	1
0019843	3
0019856	1
0019867	15
0020037	7
0022625	5
0022627	3
0022857	92
0022877	1
0022900	9
0022904	2
0030001	4
0030060	1
0030091	3
0030145	5
0030151	3
0030170	31
0030234	1
0030246	4
0030248	2
0030253	6
0030254	9
0030255	1
0030256	3
0030257	4
0030261	2
0030272	1
0030288	9
0030420	1
0030428	1
0030488	2
0030527	3
0030552	1
0030554	6
0030570	2
0030599	1
0030604	1
0030638	1
0030643	1
0030655	1
0030674	1
0030694	2
0030697	1
0030894	1
0030955	1
0030964	1
0030975	1
0030976	10
0030977	1
0030983	2
0031071	5
0031167	5
0031179	1
0031402	1
0031419	2
0031460	1
0031522	2
0031556	2
0031564	3
0031638	1
0032049	2
0032150	1
0032196	2
0032259	2
0032297	1
0032300	1
0032324	1
0032329	1
0032506	1
0032775	1
0032784	4
0032923	1
0032955	1
0032977	1
0032993	4
0033014	3
0033094	1
0033103	21
0033104	6
0033219	1
0033221	5
0033232	3
0033567	1
0033573	1
0033592	1
0033711	1
0033739	1
0033743	1
0033744	1
0033818	1
0033819	1
0033856	1
0033862	1
0033863	1
0033890	1
0033980	1
0034040	4
0034057	1
0034077	1
0034194	2
0034204	1
0034219	1
0034634	1
0034755	1
0034775	1
0035312	1
0035429	2
0035435	2
0035438	2
0035673	1
0036104	2
0036211	6
0036376	1
0036380	2
0036424	1
0038023	3
0042026	2
0042126	2
0042128	2
0042132	2
0042158	1
0042168	1
0042254	4
0042273	1
0042274	1
0042277	1
0042286	1
0042301	1
0042450	2
0042545	1
0042586	1
0042597	7
0042626	139
0042710	1
0042773	3
0042780	1
0042802	3
0042803	3
0042823	1
0042834	5
0042908	3
0042910	3
0042938	2
0042953	4
0043022	6
0043039	1
0043043	1
0043093	2
0043094	1
0043107	2
0043115	2
0043164	1
0043165	3
0043169	1
0043190	32
0043213	1
0043335	1
0043365	2
0043531	1
0043546	2
0043565	16
0043571	14
0043683	2
0043684	1
0043687	1
0043708	1
0043711	1
0043811	1
0043867	1
0043952	3
0044097	1
0044205	1
0044209	1
0044238	1
0044423	2
0044571	1
0044780	10
0044781	1
0044877	1
0045127	2
0045148	1
0045150	1
0045151	1
0045182	1
0045239	1
0045252	2
0045254	2
0045259	4
0045271	1
0045273	1
0045454	4
0045490	4
0045892	5
0045893	4
0045900	1
0045927	2
0046081	1
0046118	1
0046174	1
0046177	1
0046294	1
0046306	1
0046316	1
0046325	1
0046348	1
0046392	2
0046411	1
0046417	2
0046428	1
0046429	1
0046487	1
0046500	1
0046654	2
0046656	2
0046677	1
0046685	1
0046688	3
0046690	1
0046835	1
0046854	1
0046872	70
0046912	2
0046917	2
0046930	1
0046933	5
0046961	1
0046983	3
0047111	1
0047134	1
0047150	1
0047241	1
0047420	1
0047429	3
0047480	1
0047489	1
0047605	1
0047632	1
0047661	4
0047804	1
0047834	1
0047952	1
0048001	1
0048034	1
0048038	4
0048473	3
0048501	1
0048502	1
0050032	1
0050126	1
0050129	1
0050136	4
0050188	1
0050262	1
0050380	1
0050401	1
0050446	2
0050480	1
0050511	1
0050515	1
0050518	1
0050519	1
0050531	1
0050568	1
0050570	1
0050580	1
0050660	18
0050661	14
0050709	1
0050821	1
0050920	1
0050992	1
0051075	1
0051082	8
0051083	1
0051087	2
0051131	1
0051139	1
0051191	1
0051213	1
0051219	1
0051252	1
0051266	2
0051287	22
0051301	7
0051304	2
0051409	1
0051479	1
0051536	16
0051537	2
0051539	27
0051603	1
0051604	1
0051607	2
0051745	1
0051782	1
0051920	2
0051983	1
0051989	1
0052381	1
0052621	5
0052689	2
0052693	2
0052851	1
0052855	1
0052873	1
0052906	1
0055052	34
0055056	1
0055070	1
0055085	161
0060274	1
0061077	2
0061459	1
0061542	1
0061710	1
0061799	1
0061929	1
0062192	1
0065003	2
0070006	7
0070063	3
0070069	1
0070204	1
0070205	1
0070206	1
0070401	1
0070402	1
0070403	8
0070404	1
0070475	1
0070733	1
0070905	1
0070967	1
0070968	1
0071111	4
0071555	7
0071577	1
0071704	6
0071705	3
0071709	1
0071824	1
0071916	2
0071949	6
0071951	1
0071973	16
0072488	1
0075713	1
0089705	2
0089714	1
0090529	2
0090729	2
0097163	1
0097351	2
0097367	2
0097657	1
0098561	1
0098847	2
0101006	1
0102039	1
0103117	1
0106141	1
0106219	1
0110001	5
0110142	1
0120225	1
0140078	1
0140110	3
0140359	149
0140658	1
0140662	4
0140741	1
0141014	1
0141098	1
1901135	2
1901137	1
1901515	1
1901642	1
1901891	1
1902208	2
1902209	1
1902358	2
1902495	2
1902600	2
1903457	1
1903663	1
1903803	1
1903826	1
1904047	16
1904659	1
1905887	2
1990107	1
1990397	1
1990594	1
1990610	1
1990817	1
1990961	2
