0000015	1
0000035	1
0000036	2
0000049	2
0000105	10
0000107	2
0000150	3
0000155	13
0000156	12
0000160	16
0000166	27
0000179	1
0000215	1
0000271	4
0000272	1
0000286	1
0000287	19
0000311	1
0000314	3
0000315	3
0000400	1
0000413	1
0000451	1
0000724	1
0000902	1
0000910	3
0000917	3
0000918	1
0001228	1
0001510	2
0001522	8
0001558	1
0001680	1
0001727	3
0002098	1
0002100	1
0002161	2
0002189	1
0002949	3
0003333	2
0003676	26
0003677	182
0003678	9
0003684	5
0003688	1
0003697	8
0003700	80
0003723	32
0003725	1
0003729	1
0003735	55
0003743	3
0003746	5
0003755	3
0003796	5
0003824	20
0003844	1
0003871	1
0003879	1
0003883	1
0003887	8
0003899	8
0003908	1
0003911	1
0003916	2
0003917	1
0003918	4
0003919	1
0003920	1
0003922	1
0003924	14
0003937	1
0003938	1
0003941	2
0003949	1
0003950	1
0003951	2
0003952	1
0003977	1
0003978	1
0003983	1
0003984	1
0003989	2
0003998	1
0003999	1
0004000	1
0004016	1
0004018	1
0004019	1
0004022	1
0004044	1
0004045	2
0004055	1
0004056	1
0004066	1
0004070	1
0004072	2
0004073	1
0004077	1
0004084	1
0004088	1
0004096	1
0004124	1
0004126	1
0004127	1
0004132	1
0004139	1
0004140	1
0004146	1
0004148	1
0004151	1
0004152	2
0004163	1
0004176	1
0004177	3
0004190	1
0004222	12
0004252	5
0004298	1
0004309	1
0004314	1
0004315	2
0004325	1
0004326	1
0004329	1
0004332	3
0004333	1
0004335	1
0004340	1
0004342	1
0004345	1
0004347	1
0004349	1
0004350	1
0004356	2
0004359	1
0004360	1
0004368	1
0004370	2
0004371	1
0004372	1
0004373	1
0004385	1
0004386	2
0004399	1
0004400	2
0004412	1
0004413	1
0004420	1
0004421	1
0004424	1
0004427	1
0004452	1
0004459	2
0004476	1
0004478	1
0004479	1
0004489	1
0004496	1
0004497	1
0004516	1
0004518	6
0004519	11
0004521	2
0004523	3
0004525	1
0004526	1
0004527	1
0004529	1
0004534	1
0004536	1
0004540	1
0004550	1
0004553	13
0004556	2
0004557	1
0004559	2
0004564	1
0004565	1
0004574	2
0004588	1
0004590	2
0004594	1
0004595	1
0004601	3
0004602	1
0004605	1
0004612	1
0004616	1
0004618	1
0004619	1
0004631	1
0004632	1
0004633	1
0004634	1
0004635	1
0004636	1
0004637	1
0004638	2
0004639	1
0004641	1
0004642	2
0004643	1
0004644	1
0004659	4
0004672	1
0004673	10
0004674	1
0004713	4
0004715	2
0004721	2
0004722	1
0004725	3
0004731	1
0004735	1
0004736	1
0004739	1
0004743	1
0004748	3
0004749	2
0004750	1
0004751	1
0004764	2
0004788	1
0004791	1
0004794	1
0004795	1
0004797	1
0004798	1
0004799	1
0004803	139
0004807	1
0004808	1
0004812	3
0004813	1
0004814	1
0004816	1
0004817	1
0004818	1
0004820	2
0004821	1
0004822	1
0004823	1
0004824	1
0004825	1
0004826	2
0004827	1
0004828	1
0004829	1
0004830	1
0004831	1
0004832	1
0004844	1
0004845	1
0004849	1
0005047	1
0005048	1
0005198	20
0005215	3
0005247	1
0005267	1
0005351	2
0005375	1
0005504	2
0005506	1
0005507	1
0005515	10
0005524	222
0005525	18
0005576	3
0005694	3
0005737	48
0005829	5
0005840	33
0005854	1
0005886	41
0005971	1
0005975	35
0005978	2
0005991	1
0005996	1
0006002	1
0006006	2
0006011	1
0006012	2
0006013	2
0006015	1
0006044	3
0006048	1
0006051	1
0006066	1
0006071	3
0006072	2
0006085	2
0006086	2
0006089	3
0006090	2
0006094	6
0006096	13
0006098	4
0006099	1
0006101	1
0006106	1
0006108	1
0006109	1
0006113	2
0006139	3
0006163	2
0006164	4
0006166	1
0006168	1
0006171	1
0006177	1
0006189	7
0006207	3
0006213	1
0006220	1
0006221	5
0006231	1
0006233	1
0006241	1
0006259	2
0006260	22
0006261	1
0006265	5
0006269	1
0006270	2
0006275	1
0006281	26
0006282	1
0006284	4
0006289	3
0006298	3
0006302	2
0006304	1
0006306	1
0006308	1
0006310	29
0006313	8
0006351	7
0006352	2
0006353	2
0006355	83
0006364	9
0006388	1
0006396	4
0006400	7
0006402	2
0006412	60
0006413	3
0006414	5
0006415	4
0006418	2
0006419	1
0006420	1
0006421	1
0006423	1
0006424	3
0006426	2
0006427	1
0006428	1
0006429	1
0006430	1
0006431	1
0006432	2
0006433	1
0006434	1
0006435	1
0006436	1
0006437	1
0006438	1
0006450	1
0006457	5
0006465	1
0006468	2
0006470	2
0006486	11
0006508	29
0006520	3
0006522	1
0006525	1
0006526	1
0006529	1
0006534	1
0006535	2
0006541	1
0006542	2
0006556	1
0006561	3
0006565	2
0006567	1
0006605	1
0006614	1
0006629	3
0006631	1
0006633	9
0006654	1
0006730	2
0006741	1
0006747	1
0006772	1
0006779	2
0006797	1
0006798	1
0006799	1
0006810	6
0006812	5
0006817	5
0006821	1
0006825	2
0006826	2
0006855	1
0006865	14
0006886	1
0006950	1
0006979	5
0007059	6
0007165	12
0008033	11
0008080	19
0008081	1
0008094	1
0008113	2
0008135	1
0008152	5
0008168	10
0008170	4
0008173	2
0008175	1
0008176	1
0008233	6
0008234	3
0008236	8
0008237	2
0008239	1
0008251	1
0008253	3
0008270	25
0008289	1
0008299	4
0008324	3
0008360	7
0008374	1
0008381	3
0008408	5
0008409	1
0008444	1
0008448	2
0008460	1
0008479	1
0008483	1
0008519	1
0008534	1
0008610	2
0008616	1
0008643	27
0008649	3
0008652	2
0008654	5
0008658	4
0008662	2
0008697	1
0008716	1
0008725	2
0008728	2
0008736	1
0008740	1
0008745	1
0008752	1
0008753	2
0008757	8
0008760	1
0008761	2
0008762	1
0008763	1
0008764	1
0008771	1
0008776	2
0008782	1
0008784	1
0008788	1
0008795	1
0008801	1
0008808	2
0008814	1
0008815	2
0008817	1
0008821	1
0008830	1
0008831	1
0008836	1
0008837	1
0008839	1
0008840	1
0008841	1
0008855	1
0008861	1
0008869	1
0008878	1
0008879	1
0008881	1
0008893	1
0008897	1
0008902	1
0008930	1
0008932	1
0008955	4
0008959	1
0008961	1
0008962	2
0008963	1
0008965	1
0008966	1
0008972	1
0008973	1
0008976	1
0008982	20
0008993	2
0008994	2
0008998	1
0008999	1
0009001	1
0009002	1
0009009	4
0009024	1
0009037	1
0009052	1
0009055	5
0009058	4
0009063	1
0009081	1
0009086	3
0009088	2
0009089	7
0009103	2
0009107	2
0009113	2
0009116	5
0009117	2
0009132	3
0009143	2
0009146	1
0009152	2
0009156	2
0009164	1
0009165	1
0009166	2
0009220	1
0009225	1
0009228	2
0009236	1
0009243	1
0009245	1
0009249	3
0009252	17
0009253	6
0009254	1
0009255	1
0009263	1
0009264	1
0009268	2
0009294	1
0009306	6
0009307	2
0009311	2
0009317	3
0009318	1
0009320	1
0009331	1
0009346	2
0009358	1
0009360	3
0009368	1
0009374	1
0009376	2
0009378	2
0009379	1
0009380	2
0009381	1
0009398	1
0009401	48
0009408	1
0009432	3
0009435	3
0009451	4
0009691	1
0009898	2
0009972	2
0009982	8
0009986	6
0010181	10
0015031	2
0015035	4
0015074	12
0015078	6
0015079	1
0015093	1
0015105	1
0015128	1
0015136	1
0015155	1
0015171	10
0015205	3
0015234	1
0015252	1
0015267	2
0015293	3
0015297	4
0015415	4
0015424	5
0015444	1
0015446	1
0015450	2
0015562	3
0015573	2
0015648	2
0015658	3
0015662	6
0015663	1
0015693	1
0015697	1
0015739	1
0015759	2
0015803	3
0015826	1
0015833	1
0015837	1
0015846	1
0015851	3
0015888	1
0015890	1
0015934	8
0015935	6
0015936	1
0015937	4
0015941	1
0015949	2
0015969	1
0015970	1
0015976	1
0015986	8
0016020	184
0016024	1
0016032	10
0016075	1
0016114	1
0016126	2
0016149	3
0016154	1
0016209	1
0016226	5
0016301	16
0016310	26
0016311	2
0016407	1
0016430	1
0016434	1
0016462	1
0016491	39
0016597	1
0016600	1
0016614	1
0016616	3
0016620	4
0016639	1
0016651	2
0016655	1
0016682	2
0016740	10
0016743	2
0016746	21
0016747	7
0016755	1
0016757	26
0016763	1
0016765	2
0016773	5
0016776	3
0016779	3
0016780	3
0016783	1
0016787	54
0016788	4
0016790	1
0016791	8
0016798	4
0016805	4
0016810	1
0016811	2
0016817	3
0016818	3
0016823	1
0016832	2
0016835	1
0016836	1
0016846	2
0016853	6
0016857	2
0016861	1
0016862	1
0016868	1
0016874	2
0016879	1
0016884	1
0016887	91
0016891	1
0016901	1
0016920	1
0016987	2
0016998	5
0017000	1
0017013	3
0017038	1
0017136	1
0017148	1
0017150	1
0018104	1
0018117	1
0018364	1
0018580	1
0019068	14
0019104	1
0019134	1
0019197	1
0019200	3
0019205	1
0019239	2
0019262	1
0019264	1
0019277	1
0019287	3
0019299	2
0019301	4
0019305	4
0019310	4
0019317	1
0019346	2
0019350	2
0019361	1
0019430	1
0019509	1
0019512	3
0019521	1
0019632	2
0019808	1
0019829	6
0019835	1
0019843	3
0020037	2
0022625	5
0022627	3
0022841	1
0022857	55
0022872	1
0022877	3
0030001	2
0030091	3
0030145	2
0030170	13
0030246	4
0030261	2
0030272	1
0030388	3
0030420	1
0030554	2
0030612	1
0030643	1
0030955	1
0030956	2
0030976	3
0030983	4
0031071	1
0031167	2
0031419	1
0032049	2
0032196	2
0032259	9
0032300	1
0032329	1
0032466	1
0032508	2
0032549	1
0032784	3
0032955	1
0033228	2
0033230	2
0033232	2
0033743	1
0033744	2
0033818	1
0033862	1
0033920	2
0034077	1
0034200	1
0034219	1
0034220	2
0034979	1
0035429	1
0035673	1
0036211	4
0036370	1
0042026	2
0042132	1
0042254	6
0042274	1
0042301	2
0042450	1
0042546	1
0042578	7
0042586	1
0042597	1
0042626	82
0042780	1
0042802	3
0042803	4
0042834	1
0042853	1
0042918	1
0043022	5
0043039	1
0043093	3
0043094	1
0043101	2
0043137	2
0043138	1
0043139	1
0043169	1
0043190	18
0043213	1
0043214	1
0043295	1
0043365	2
0043464	1
0043565	2
0043682	1
0043687	1
0043743	1
0043800	1
0043811	1
0043822	1
0043883	1
0043937	1
0043952	2
0044205	1
0044423	17
0045151	1
0045182	1
0045254	1
0045259	6
0045454	3
0045490	1
0045892	5
0045893	1
0045910	1
0045936	1
0045982	1
0046110	1
0046118	1
0046168	1
0046316	1
0046348	1
0046654	1
0046677	1
0046685	3
0046797	3
0046835	1
0046872	70
0046873	2
0046914	1
0046917	1
0046933	5
0046983	2
0047112	2
0047200	1
0047324	2
0047429	3
0047465	1
0047473	1
0047480	1
0047605	1
0047661	1
0047804	1
0047952	1
0048038	1
0048473	2
0048501	1
0050112	1
0050114	1
0050136	2
0050151	1
0050242	1
0050380	1
0050456	2
0050511	1
0050515	1
0050519	1
0050567	2
0050660	4
0050661	10
0051082	3
0051083	1
0051119	1
0051156	1
0051191	1
0051205	2
0051213	2
0051287	9
0051301	10
0051302	1
0051536	3
0051539	4
0051540	1
0051603	1
0051775	2
0051920	2
0051989	1
0052381	1
0052689	1
0052693	1
0052851	2
0052873	1
0052906	1
0052913	1
0055051	2
0055052	24
0055085	79
0061710	1
0062192	1
0070006	3
0070007	7
0070063	2
0070069	2
0070394	1
0070395	3
0070401	1
0070403	6
0070726	2
0070733	1
0070905	1
0070967	2
0071555	8
0071586	6
0071722	1
0071805	1
0071949	4
0071951	1
0071972	1
0072488	1
0090529	1
0090563	2
0097351	1
0097367	2
0110001	1
0140078	1
0140098	2
0140110	1
0140359	88
0140662	1
0140664	1
0140741	1
0140911	5
0160105	1
0180001	1
1901135	2
1901137	2
1902495	12
1902560	1
1902600	3
1904047	13
1904680	1
1905887	3
2001295	1
