0000015	1
0000034	1
0000041	1
0000049	2
0000098	3
0000103	2
0000104	2
0000105	10
0000107	2
0000155	12
0000156	17
0000160	37
0000162	9
0000166	34
0000175	2
0000179	1
0000210	1
0000255	1
0000256	1
0000270	3
0000271	7
0000272	1
0000286	1
0000287	24
0000302	1
0000310	1
0000311	1
0000314	3
0000315	3
0000373	1
0000451	1
0000703	1
0000774	1
0000902	2
0000906	2
0000910	4
0000917	1
0000918	2
0000976	1
0001216	8
0001510	2
0001514	2
0001522	9
0001530	1
0001539	5
0001727	1
0001882	1
0002098	3
0002100	1
0002143	1
0002161	2
0002943	1
0002949	3
0003676	25
0003677	227
0003678	9
0003684	4
0003688	1
0003690	1
0003697	5
0003700	148
0003723	38
0003724	3
0003725	2
0003729	3
0003735	54
0003743	4
0003746	5
0003747	2
0003755	7
0003756	1
0003774	5
0003824	60
0003842	2
0003844	1
0003848	2
0003852	1
0003855	1
0003856	1
0003858	1
0003861	2
0003862	1
0003864	1
0003868	1
0003871	1
0003879	1
0003882	1
0003883	1
0003887	8
0003899	6
0003906	1
0003908	2
0003911	1
0003916	3
0003917	3
0003918	4
0003919	1
0003922	1
0003924	20
0003933	1
0003934	1
0003935	2
0003937	1
0003938	1
0003941	2
0003942	1
0003949	1
0003951	1
0003952	2
0003954	1
0003955	2
0003957	1
0003959	1
0003960	1
0003964	1
0003973	1
0003977	1
0003983	1
0003984	1
0003985	3
0003987	1
0003988	1
0003989	3
0003991	1
0003994	2
0003995	6
0003998	1
0003999	1
0004013	1
0004015	1
0004017	1
0004018	1
0004019	1
0004022	2
0004037	1
0004042	1
0004044	1
0004045	2
0004047	1
0004048	1
0004049	2
0004055	1
0004056	1
0004057	1
0004066	1
0004068	1
0004072	2
0004073	1
0004075	2
0004076	1
0004077	1
0004084	2
0004088	1
0004089	1
0004096	3
0004107	1
0004108	2
0004109	3
0004124	2
0004125	1
0004126	1
0004127	1
0004129	14
0004130	1
0004133	1
0004134	1
0004139	1
0004140	1
0004141	1
0004143	1
0004146	4
0004148	1
0004149	1
0004150	2
0004151	1
0004152	1
0004156	1
0004160	2
0004170	1
0004174	1
0004175	1
0004176	4
0004177	3
0004180	2
0004181	1
0004190	6
0004222	10
0004252	10
0004298	1
0004309	1
0004311	1
0004314	1
0004315	4
0004316	1
0004318	1
0004322	2
0004324	1
0004325	1
0004326	1
0004332	2
0004333	1
0004337	1
0004340	1
0004345	1
0004347	2
0004349	1
0004350	1
0004352	1
0004356	4
0004357	1
0004358	1
0004359	2
0004360	2
0004362	1
0004363	1
0004364	2
0004366	1
0004368	3
0004370	1
0004372	2
0004373	1
0004375	1
0004385	1
0004386	4
0004397	1
0004399	1
0004400	1
0004411	1
0004412	1
0004413	1
0004416	1
0004418	1
0004424	1
0004425	1
0004427	1
0004450	1
0004451	1
0004452	1
0004456	1
0004462	1
0004470	1
0004471	1
0004474	1
0004478	2
0004479	1
0004488	1
0004489	1
0004497	8
0004505	1
0004514	1
0004516	1
0004518	3
0004519	5
0004521	1
0004523	2
0004525	1
0004526	1
0004527	1
0004529	1
0004534	1
0004536	2
0004540	3
0004550	1
0004553	5
0004585	1
0004588	1
0004590	1
0004591	1
0004592	1
0004594	1
0004595	1
0004601	5
0004602	1
0004609	1
0004611	1
0004618	1
0004619	1
0004620	1
0004632	1
0004633	1
0004634	1
0004635	1
0004636	1
0004637	1
0004638	2
0004639	1
0004640	1
0004641	1
0004642	1
0004643	1
0004644	1
0004648	2
0004654	1
0004655	1
0004657	2
0004664	1
0004668	1
0004672	5
0004673	8
0004674	2
0004719	1
0004722	1
0004725	4
0004731	1
0004733	1
0004735	2
0004738	1
0004742	1
0004743	2
0004748	2
0004749	1
0004750	1
0004751	1
0004756	1
0004764	1
0004781	1
0004784	3
0004789	1
0004791	1
0004792	1
0004794	2
0004795	1
0004798	1
0004799	1
0004801	3
0004802	2
0004803	2
0004807	2
0004808	1
0004812	4
0004813	1
0004814	1
0004817	1
0004818	1
0004819	1
0004820	2
0004821	1
0004822	1
0004823	1
0004824	2
0004825	1
0004826	2
0004827	1
0004828	1
0004829	1
0004830	1
0004831	1
0004832	1
0004833	1
0004834	5
0004844	1
0004845	1
0004851	2
0004852	1
0004853	1
0004854	2
0004856	1
0004857	1
0005047	1
0005048	1
0005198	11
0005215	12
0005216	4
0005247	1
0005267	1
0005283	2
0005298	1
0005315	1
0005319	1
0005337	1
0005375	1
0005436	2
0005488	2
0005506	8
0005507	7
0005509	3
0005515	31
0005524	262
0005525	43
0005576	2
0005694	3
0005737	64
0005739	1
0005829	8
0005840	31
0005854	1
0005886	165
0005960	1
0005975	27
0005978	1
0005980	2
0005992	2
0005996	1
0005997	1
0006006	6
0006011	1
0006015	1
0006040	1
0006044	1
0006048	1
0006064	2
0006072	5
0006082	2
0006086	1
0006089	2
0006090	1
0006094	4
0006096	11
0006097	1
0006098	6
0006099	12
0006106	1
0006108	1
0006109	1
0006116	1
0006139	3
0006144	1
0006146	1
0006147	1
0006163	1
0006164	3
0006168	1
0006177	1
0006188	1
0006189	6
0006203	1
0006207	2
0006213	1
0006221	2
0006222	1
0006226	1
0006229	1
0006231	1
0006233	1
0006241	1
0006259	1
0006260	19
0006261	3
0006265	7
0006269	1
0006270	2
0006275	1
0006281	33
0006282	1
0006284	3
0006289	3
0006298	2
0006302	1
0006303	3
0006306	1
0006308	2
0006310	29
0006313	1
0006351	7
0006352	8
0006353	4
0006355	185
0006364	13
0006396	9
0006400	11
0006401	1
0006402	2
0006412	58
0006413	4
0006414	4
0006415	5
0006418	2
0006419	1
0006420	1
0006423	1
0006424	3
0006425	1
0006426	2
0006427	1
0006428	1
0006429	1
0006430	2
0006431	1
0006432	2
0006433	1
0006434	1
0006435	1
0006436	1
0006437	1
0006438	1
0006450	1
0006457	10
0006465	2
0006468	5
0006470	4
0006482	1
0006486	12
0006508	38
0006520	5
0006522	1
0006523	1
0006526	5
0006527	6
0006529	1
0006534	1
0006535	3
0006537	1
0006541	3
0006542	4
0006546	1
0006547	1
0006548	2
0006556	2
0006559	4
0006561	3
0006564	3
0006567	2
0006568	1
0006569	1
0006572	3
0006574	1
0006592	3
0006601	1
0006605	2
0006614	1
0006629	5
0006631	8
0006633	14
0006635	1
0006654	2
0006662	1
0006729	1
0006730	2
0006741	1
0006744	9
0006749	12
0006750	3
0006751	1
0006760	2
0006772	1
0006777	10
0006779	6
0006783	3
0006790	2
0006796	2
0006798	1
0006799	1
0006801	2
0006808	4
0006810	20
0006811	2
0006812	13
0006813	2
0006814	12
0006817	10
0006824	1
0006825	1
0006826	1
0006855	3
0006865	21
0006869	1
0006874	1
0006879	2
0006884	1
0006886	3
0006935	7
0006950	3
0006972	1
0006979	12
0007030	1
0007059	4
0007155	2
0007165	27
0008033	13
0008080	14
0008081	2
0008094	1
0008097	1
0008113	2
0008115	1
0008121	2
0008124	1
0008134	6
0008135	1
0008137	3
0008152	13
0008153	1
0008168	23
0008170	1
0008172	1
0008173	3
0008175	1
0008176	2
0008177	1
0008186	1
0008198	2
0008199	3
0008233	7
0008234	2
0008236	4
0008237	3
0008251	1
0008252	1
0008270	37
0008273	1
0008276	1
0008289	4
0008295	2
0008299	6
0008310	1
0008311	1
0008320	1
0008324	6
0008360	6
0008374	1
0008379	3
0008381	3
0008408	4
0008409	1
0008410	4
0008412	1
0008413	1
0008428	1
0008441	1
0008442	1
0008444	1
0008446	1
0008448	1
0008479	1
0008483	7
0008484	2
0008490	1
0008495	1
0008534	1
0008535	2
0008610	5
0008615	6
0008616	4
0008641	1
0008643	55
0008649	2
0008652	2
0008654	8
0008655	1
0008658	3
0008661	1
0008662	1
0008664	1
0008666	1
0008674	1
0008676	1
0008679	1
0008681	1
0008685	1
0008686	1
0008690	1
0008696	1
0008703	1
0008705	1
0008710	1
0008712	1
0008716	1
0008725	1
0008728	1
0008734	1
0008743	1
0008745	4
0008752	2
0008753	6
0008754	2
0008755	2
0008757	12
0008760	1
0008762	1
0008763	1
0008764	1
0008770	1
0008772	1
0008773	4
0008777	1
0008780	1
0008782	1
0008783	2
0008784	1
0008785	1
0008791	2
0008792	1
0008794	1
0008795	1
0008798	1
0008800	3
0008802	1
0008803	1
0008808	2
0008812	1
0008813	1
0008817	2
0008818	1
0008820	1
0008821	1
0008829	1
0008832	1
0008835	1
0008836	1
0008837	1
0008839	1
0008840	2
0008854	3
0008855	2
0008859	1
0008863	4
0008864	2
0008869	1
0008880	1
0008881	1
0008882	1
0008883	1
0008887	1
0008890	1
0008892	1
0008893	1
0008897	1
0008899	1
0008902	2
0008914	2
0008915	1
0008920	1
0008927	2
0008929	1
0008930	1
0008932	1
0008933	2
0008939	1
0008940	5
0008941	1
0008942	2
0008948	1
0008955	2
0008961	2
0008963	1
0008964	1
0008965	2
0008966	1
0008967	1
0008968	1
0008972	2
0008973	1
0008974	1
0008976	1
0008977	1
0008982	3
0008984	1
0008986	1
0008987	1
0008988	1
0008990	2
0008995	1
0008998	2
0009001	1
0009002	3
0009009	4
0009014	1
0009015	1
0009016	1
0009017	1
0009022	1
0009027	2
0009028	1
0009029	1
0009030	1
0009032	1
0009037	1
0009039	2
0009052	1
0009055	50
0009058	7
0009060	4
0009061	2
0009063	1
0009073	5
0009081	2
0009082	4
0009085	1
0009086	7
0009088	3
0009089	9
0009094	1
0009097	2
0009098	4
0009102	4
0009103	3
0009107	1
0009113	2
0009115	3
0009116	5
0009117	3
0009132	3
0009146	2
0009152	3
0009156	1
0009164	1
0009165	1
0009220	1
0009228	8
0009236	20
0009240	1
0009244	1
0009245	6
0009249	3
0009252	21
0009253	4
0009254	1
0009255	1
0009263	1
0009264	1
0009265	1
0009274	1
0009279	17
0009288	5
0009290	1
0009294	1
0009295	1
0009297	5
0009306	14
0009307	1
0009316	2
0009317	4
0009318	2
0009320	1
0009325	4
0009326	5
0009331	4
0009338	3
0009339	1
0009340	1
0009349	2
0009358	1
0009360	3
0009368	2
0009376	2
0009378	2
0009379	1
0009380	2
0009381	1
0009396	5
0009401	5
0009408	6
0009423	2
0009424	2
0009425	1
0009426	1
0009427	1
0009428	2
0009431	2
0009432	4
0009435	8
0009436	1
0009446	2
0009448	1
0009451	8
0009636	2
0009691	1
0009750	1
0009898	4
0009966	12
0009972	1
0009975	12
0009982	9
0010133	2
0010136	1
0010181	23
0010257	1
0010468	2
0010945	1
0010974	1
0015031	12
0015035	7
0015036	3
0015074	7
0015075	3
0015078	5
0015079	1
0015081	1
0015087	1
0015095	2
0015098	1
0015103	5
0015109	3
0015116	1
0015129	1
0015136	1
0015144	1
0015171	2
0015205	5
0015221	4
0015232	5
0015252	3
0015267	4
0015288	9
0015291	1
0015293	6
0015295	1
0015297	12
0015379	1
0015385	2
0015412	2
0015415	5
0015416	3
0015417	1
0015419	4
0015424	4
0015450	4
0015562	13
0015572	1
0015612	1
0015627	1
0015628	5
0015662	7
0015689	3
0015693	2
0015697	1
0015700	1
0015703	3
0015716	3
0015727	1
0015739	1
0015740	30
0015803	6
0015824	1
0015840	5
0015846	2
0015851	5
0015886	2
0015891	5
0015914	2
0015920	4
0015930	1
0015934	8
0015935	6
0015937	3
0015940	2
0015941	1
0015942	3
0015944	1
0015949	2
0015969	1
0015970	1
0015976	2
0015977	1
0015986	8
0015990	5
0016020	402
0016032	3
0016034	1
0016052	2
0016070	1
0016114	1
0016117	2
0016149	2
0016151	5
0016152	1
0016153	1
0016158	1
0016159	1
0016208	1
0016226	11
0016260	1
0016301	7
0016310	11
0016311	2
0016405	1
0016407	3
0016410	3
0016421	1
0016432	1
0016433	1
0016434	1
0016436	1
0016462	2
0016491	98
0016530	1
0016531	2
0016597	1
0016598	1
0016614	1
0016615	1
0016616	9
0016620	7
0016624	2
0016627	3
0016628	2
0016639	3
0016645	1
0016646	1
0016647	1
0016651	1
0016655	7
0016661	1
0016682	1
0016701	1
0016703	1
0016705	3
0016706	3
0016709	1
0016722	2
0016740	17
0016746	23
0016747	13
0016757	20
0016763	1
0016765	1
0016772	2
0016773	3
0016774	2
0016776	1
0016779	9
0016780	5
0016782	3
0016783	6
0016787	66
0016788	8
0016790	12
0016791	7
0016798	1
0016799	2
0016810	3
0016811	2
0016812	1
0016813	1
0016817	4
0016818	2
0016829	8
0016830	2
0016831	4
0016832	3
0016833	1
0016836	7
0016846	6
0016853	10
0016857	1
0016866	1
0016868	1
0016874	5
0016879	2
0016881	2
0016884	1
0016887	107
0016896	1
0016901	3
0016987	10
0016992	1
0016993	1
0016994	1
0017000	5
0017003	1
0017004	16
0017013	1
0017038	2
0017057	1
0017076	1
0017136	1
0017148	1
0017150	3
0017168	2
0018104	3
0018149	3
0018189	13
0018277	1
0018339	1
0018364	2
0018454	1
0018467	1
0018576	1
0018578	2
0018659	1
0018738	1
0019068	3
0019104	4
0019120	1
0019134	1
0019171	2
0019172	1
0019200	2
0019239	1
0019242	1
0019243	1
0019264	2
0019277	1
0019285	2
0019288	3
0019290	3
0019333	1
0019346	2
0019350	1
0019354	2
0019427	1
0019430	1
0019441	1
0019464	2
0019475	2
0019491	2
0019509	1
0019538	1
0019556	2
0019580	1
0019615	1
0019619	2
0019627	3
0019629	2
0019632	1
0019645	1
0019646	2
0019673	1
0019679	3
0019684	4
0019752	2
0019808	1
0019825	1
0019829	10
0019835	1
0019843	3
0019856	1
0019867	4
0019899	2
0020037	38
0022625	5
0022627	3
0022857	161
0022877	1
0022900	2
0022904	5
0030001	2
0030091	4
0030151	3
0030163	1
0030170	25
0030234	3
0030246	6
0030253	3
0030255	1
0030261	3
0030272	1
0030288	6
0030416	1
0030429	1
0030435	1
0030488	2
0030527	2
0030552	8
0030554	4
0030604	1
0030612	1
0030643	1
0030655	3
0030674	1
0030694	2
0030697	1
0030788	1
0030789	1
0030955	2
0030956	2
0030973	1
0030976	6
0030983	2
0031071	1
0031167	4
0031317	71
0031402	1
0031419	2
0031460	1
0031522	2
0031992	1
0032049	2
0032150	1
0032259	9
0032297	1
0032300	1
0032363	1
0032784	4
0032955	1
0032977	1
0032993	3
0033014	4
0033103	14
0033104	5
0033194	1
0033219	1
0033221	5
0033228	2
0033230	2
0033232	2
0033617	1
0033711	1
0033739	1
0033743	2
0033744	2
0033816	1
0033819	1
0033856	1
0033862	1
0033890	1
0033942	1
0033971	1
0034194	1
0034204	1
0034220	7
0034702	3
0034707	1
0035435	2
0035438	1
0035550	1
0035870	1
0035991	2
0036211	6
0036222	1
0036297	1
0036374	1
0036424	1
0042026	2
0042126	3
0042128	1
0042158	2
0042242	1
0042254	5
0042273	1
0042274	1
0042286	1
0042400	2
0042450	2
0042546	1
0042578	1
0042586	1
0042597	19
0042619	2
0042626	137
0042724	1
0042773	3
0042780	1
0042802	22
0042803	1
0042834	3
0042853	1
0042882	1
0042884	1
0042908	8
0042910	6
0042919	4
0042925	4
0042952	1
0042953	2
0043022	6
0043039	2
0043093	2
0043094	1
0043107	2
0043138	1
0043165	1
0043168	1
0043169	1
0043190	22
0043213	1
0043225	1
0043295	1
0043335	1
0043419	2
0043531	1
0043546	4
0043565	27
0043633	1
0043639	1
0043683	4
0043720	2
0043752	2
0043758	1
0043811	1
0043819	1
0043824	1
0043828	1
0043856	1
0043867	1
0043934	1
0043952	4
0043953	1
0044205	1
0044238	1
0044341	2
0044423	5
0044780	9
0044781	2
0044877	1
0045027	2
0045182	1
0045239	1
0045252	1
0045254	2
0045259	4
0045271	1
0045273	2
0045275	1
0045277	1
0045312	1
0045340	3
0045436	1
0045454	4
0045861	2
0045892	6
0045893	7
0045900	1
0045936	1
0046025	1
0046026	1
0046081	1
0046118	1
0046140	1
0046168	1
0046177	1
0046209	2
0046278	2
0046292	2
0046294	1
0046316	1
0046395	2
0046421	1
0046429	1
0046449	1
0046500	1
0046653	1
0046654	5
0046656	1
0046677	2
0046685	4
0046688	1
0046689	3
0046820	1
0046872	168
0046873	3
0046905	1
0046914	1
0046933	5
0046983	4
0047111	1
0047134	1
0047307	1
0047355	1
0047429	2
0047448	1
0047456	1
0047470	1
0047480	1
0047547	1
0047617	4
0047632	1
0047661	2
0047789	1
0047804	1
0047834	1
0047952	1
0048038	5
0048039	1
0048472	1
0048473	2
0048501	1
0050135	1
0050136	7
0050304	1
0050311	1
0050334	1
0050380	1
0050415	1
0050440	1
0050446	3
0050456	2
0050480	1
0050511	1
0050515	1
0050518	1
0050567	2
0050568	1
0050570	2
0050660	37
0050661	20
0050787	1
0050920	1
0050992	1
0051073	1
0051082	9
0051083	1
0051087	1
0051116	1
0051131	1
0051139	7
0051213	1
0051252	1
0051262	1
0051287	25
0051301	11
0051304	2
0051353	1
0051409	1
0051536	22
0051537	14
0051539	24
0051540	1
0051596	1
0051603	1
0051604	2
0051745	1
0051903	2
0051907	1
0051920	7
0051989	1
0052381	1
0052621	20
0052689	2
0052693	1
0052699	2
0052706	1
0052873	2
0052906	1
0052913	1
0055051	2
0055052	35
0055085	153
0055129	1
0061024	1
0061542	1
0061599	2
0061710	2
0061799	1
0061929	1
0065003	2
0070006	4
0070063	3
0070069	1
0070401	1
0070402	2
0070403	14
0070475	2
0070573	1
0070733	1
0070905	2
0070968	3
0071111	16
0071268	1
0071522	1
0071555	8
0071705	6
0071709	1
0071805	1
0071824	3
0071949	16
0071951	1
0071972	3
0071973	11
0072570	1
0090409	1
0090410	1
0090529	1
0097163	2
0097347	1
0097367	4
0098003	1
0098024	1
0098567	2
0098662	8
0098847	2
0098869	1
0101006	1
0102039	1
0103117	1
0106141	1
0110001	2
0110142	2
0120225	2
0140078	2
0140098	1
0140110	1
0140327	1
0140358	5
0140359	139
0140658	1
0140662	2
0140741	1
0141014	1
1901135	1
1901137	3
1901642	1
1901891	1
1902208	2
1902358	3
1902495	2
1902600	8
1903424	1
1903425	1
1904047	24
1905887	3
1990107	1
1990204	1
1990229	1
1990397	1
1990586	2
1990610	1
1990817	1
1990961	1
