0000015	1
0000049	2
0000103	1
0000104	2
0000105	10
0000107	2
0000155	5
0000156	7
0000160	17
0000162	5
0000166	21
0000175	1
0000179	1
0000210	1
0000256	2
0000271	5
0000287	13
0000302	1
0000309	1
0000311	1
0000314	3
0000315	3
0000451	1
0000774	1
0000902	2
0000906	1
0000910	2
0000918	2
0001072	2
0001216	3
0001510	1
0001522	11
0001530	1
0001671	1
0002098	3
0002100	1
0002143	1
0002161	2
0002943	1
0002949	3
0003676	20
0003677	96
0003678	4
0003684	4
0003688	1
0003697	4
0003700	31
0003723	35
0003724	1
0003725	2
0003735	54
0003743	3
0003746	5
0003747	2
0003755	4
0003824	26
0003842	1
0003848	1
0003852	1
0003855	1
0003856	1
0003861	2
0003862	1
0003864	1
0003868	1
0003871	1
0003879	1
0003882	1
0003883	1
0003885	1
0003887	6
0003896	1
0003899	4
0003904	1
0003906	1
0003908	1
0003911	1
0003916	1
0003917	1
0003918	4
0003919	1
0003922	1
0003924	14
0003934	1
0003935	2
0003937	1
0003938	1
0003941	1
0003942	1
0003949	1
0003951	1
0003952	1
0003955	1
0003957	1
0003963	1
0003977	1
0003978	1
0003984	1
0003985	1
0003986	1
0003987	1
0003988	1
0003989	3
0003991	1
0003994	2
0003995	2
0003999	1
0004013	1
0004015	1
0004017	1
0004018	1
0004019	1
0004022	1
0004037	1
0004040	1
0004042	1
0004044	1
0004045	2
0004047	1
0004048	1
0004053	1
0004055	1
0004056	1
0004068	1
0004070	1
0004072	1
0004073	1
0004075	1
0004076	1
0004084	1
0004088	1
0004089	1
0004096	2
0004107	1
0004108	1
0004109	2
0004124	1
0004127	1
0004129	3
0004140	1
0004141	1
0004143	1
0004146	1
0004148	1
0004149	1
0004150	1
0004151	2
0004152	1
0004156	1
0004160	1
0004170	1
0004174	1
0004175	1
0004176	3
0004177	2
0004190	2
0004222	6
0004252	9
0004309	1
0004314	1
0004315	2
0004316	1
0004322	2
0004324	2
0004325	1
0004326	1
0004329	1
0004332	2
0004333	1
0004334	1
0004347	1
0004349	1
0004350	1
0004356	1
0004357	1
0004358	1
0004359	1
0004360	1
0004363	1
0004364	1
0004365	1
0004366	1
0004370	1
0004372	1
0004375	1
0004385	1
0004386	11
0004397	1
0004399	1
0004400	3
0004412	1
0004413	1
0004416	1
0004418	1
0004424	1
0004425	1
0004450	2
0004451	1
0004462	1
0004470	2
0004471	2
0004474	1
0004478	1
0004479	1
0004489	1
0004497	2
0004505	1
0004514	2
0004516	1
0004518	3
0004519	7
0004520	1
0004521	3
0004523	1
0004525	1
0004526	1
0004540	3
0004550	1
0004553	1
0004585	1
0004588	1
0004590	1
0004591	1
0004592	1
0004595	1
0004601	3
0004602	1
0004609	1
0004618	1
0004620	1
0004630	1
0004632	1
0004633	1
0004634	1
0004635	1
0004636	1
0004637	1
0004638	2
0004639	1
0004640	1
0004641	1
0004642	1
0004643	1
0004644	1
0004648	1
0004654	1
0004655	1
0004657	1
0004659	2
0004664	1
0004672	2
0004673	3
0004674	1
0004721	1
0004722	1
0004725	2
0004733	1
0004735	1
0004738	1
0004748	1
0004749	1
0004750	1
0004751	1
0004764	1
0004781	1
0004784	2
0004791	1
0004794	1
0004795	1
0004798	1
0004799	1
0004801	1
0004802	1
0004803	24
0004805	1
0004807	1
0004812	4
0004813	1
0004814	1
0004817	1
0004818	1
0004819	1
0004820	2
0004821	1
0004822	1
0004823	1
0004824	2
0004825	1
0004826	2
0004827	1
0004828	1
0004829	1
0004830	1
0004831	1
0004832	1
0004834	3
0004844	1
0004845	1
0004851	2
0004852	1
0004853	1
0004854	2
0004857	1
0005047	1
0005048	1
0005198	4
0005215	5
0005216	1
0005283	3
0005298	1
0005319	1
0005506	5
0005509	3
0005515	25
0005524	151
0005525	22
0005615	1
0005694	3
0005737	54
0005777	1
0005829	7
0005840	31
0005854	1
0005886	48
0005960	1
0005975	5
0005992	1
0006006	2
0006012	1
0006015	1
0006020	1
0006040	1
0006048	1
0006072	1
0006081	1
0006086	1
0006089	1
0006090	1
0006094	2
0006096	7
0006097	1
0006098	1
0006099	14
0006106	1
0006108	1
0006109	1
0006120	1
0006139	1
0006144	2
0006147	1
0006163	1
0006164	4
0006177	1
0006188	1
0006189	6
0006203	1
0006207	3
0006221	3
0006222	1
0006226	1
0006229	1
0006231	1
0006233	1
0006241	1
0006259	1
0006260	13
0006261	1
0006265	5
0006270	1
0006275	1
0006281	22
0006284	3
0006289	4
0006298	2
0006304	4
0006308	2
0006310	16
0006313	4
0006351	5
0006352	2
0006353	3
0006355	51
0006364	9
0006396	7
0006400	8
0006402	2
0006412	59
0006413	3
0006414	5
0006415	5
0006418	2
0006419	1
0006420	1
0006423	1
0006424	3
0006425	1
0006426	2
0006427	1
0006428	1
0006429	1
0006430	2
0006431	1
0006432	2
0006433	1
0006434	1
0006435	1
0006436	1
0006437	1
0006438	1
0006450	1
0006457	9
0006465	2
0006468	3
0006470	4
0006508	19
0006520	4
0006522	1
0006523	1
0006526	5
0006535	2
0006537	1
0006541	2
0006542	1
0006548	2
0006556	1
0006559	4
0006561	3
0006564	2
0006568	1
0006572	3
0006574	2
0006592	3
0006605	1
0006614	1
0006629	3
0006631	7
0006633	9
0006654	1
0006662	1
0006729	2
0006730	3
0006741	1
0006744	3
0006747	1
0006749	5
0006750	3
0006751	1
0006760	1
0006777	4
0006779	5
0006780	1
0006782	1
0006793	2
0006796	1
0006798	1
0006799	1
0006808	1
0006810	9
0006811	4
0006812	2
0006813	1
0006814	14
0006817	7
0006820	1
0006824	1
0006826	1
0006855	2
0006865	7
0006869	1
0006879	2
0006880	2
0006885	1
0006886	3
0006935	1
0006950	3
0006974	1
0006979	5
0007049	1
0007059	3
0007155	1
0007165	7
0008033	10
0008080	8
0008081	1
0008094	1
0008097	1
0008113	1
0008119	1
0008121	1
0008124	2
0008134	3
0008135	1
0008137	6
0008152	6
0008168	9
0008170	3
0008172	1
0008173	3
0008176	1
0008177	1
0008186	1
0008199	3
0008233	4
0008236	3
0008237	2
0008251	1
0008253	2
0008270	22
0008276	1
0008295	1
0008299	4
0008311	1
0008320	1
0008324	2
0008360	7
0008374	1
0008379	1
0008381	5
0008408	4
0008409	1
0008410	3
0008412	1
0008413	1
0008428	1
0008442	2
0008444	1
0008452	2
0008479	1
0008483	1
0008484	1
0008495	1
0008509	1
0008534	1
0008535	2
0008610	1
0008615	5
0008616	3
0008641	1
0008643	2
0008649	1
0008654	5
0008658	3
0008661	1
0008666	1
0008676	2
0008685	1
0008686	1
0008690	1
0008703	1
0008705	1
0008710	1
0008716	1
0008718	1
0008734	1
0008745	2
0008757	7
0008760	1
0008762	1
0008763	1
0008764	1
0008773	2
0008777	1
0008780	1
0008783	1
0008784	1
0008785	1
0008800	1
0008802	1
0008803	1
0008808	2
0008812	1
0008817	1
0008818	1
0008821	1
0008829	1
0008832	1
0008835	1
0008836	1
0008837	1
0008839	1
0008840	2
0008841	1
0008854	1
0008855	2
0008864	1
0008881	1
0008882	1
0008883	1
0008889	1
0008892	1
0008914	1
0008915	1
0008932	1
0008934	1
0008939	1
0008940	3
0008942	2
0008955	1
0008961	1
0008963	1
0008964	1
0008966	1
0008967	1
0008976	3
0008977	1
0008983	1
0008986	1
0008987	1
0008988	2
0008990	2
0008999	1
0009001	1
0009002	1
0009007	2
0009009	1
0009014	1
0009016	1
0009022	1
0009029	1
0009030	1
0009035	3
0009037	1
0009039	2
0009052	1
0009055	11
0009058	7
0009060	1
0009073	4
0009081	1
0009082	3
0009086	6
0009088	3
0009089	11
0009094	1
0009097	2
0009098	4
0009102	4
0009107	1
0009113	2
0009115	3
0009116	3
0009117	2
0009132	1
0009152	2
0009156	1
0009165	1
0009220	1
0009228	4
0009236	3
0009240	1
0009244	2
0009245	5
0009249	3
0009252	21
0009253	4
0009254	1
0009263	1
0009274	2
0009276	1
0009279	13
0009289	1
0009294	1
0009297	3
0009306	9
0009307	2
0009316	2
0009317	4
0009318	2
0009320	1
0009325	3
0009338	1
0009340	1
0009349	1
0009358	1
0009360	2
0009368	2
0009378	2
0009379	1
0009380	4
0009381	1
0009396	2
0009398	1
0009403	1
0009408	2
0009423	2
0009432	1
0009435	6
0009448	2
0009451	7
0009486	4
0009636	1
0009691	1
0009898	3
0009927	1
0009966	1
0009975	1
0009982	12
0010038	2
0010133	1
0010181	10
0010945	1
0015031	8
0015035	3
0015074	2
0015078	4
0015079	1
0015087	1
0015095	3
0015103	2
0015105	1
0015112	1
0015113	1
0015136	1
0015159	2
0015205	4
0015221	3
0015232	1
0015288	4
0015291	2
0015293	7
0015297	3
0015343	1
0015344	1
0015385	3
0015412	2
0015415	3
0015419	2
0015439	1
0015450	3
0015473	1
0015499	1
0015501	1
0015562	5
0015627	9
0015628	11
0015663	2
0015689	2
0015693	3
0015706	1
0015707	1
0015724	1
0015739	1
0015774	2
0015813	1
0015824	1
0015826	1
0015833	4
0015837	1
0015840	5
0015846	1
0015886	3
0015890	2
0015891	2
0015920	4
0015930	1
0015934	8
0015935	6
0015937	3
0015938	1
0015940	2
0015941	1
0015949	2
0015970	2
0015977	1
0015986	8
0015990	3
0016020	147
0016032	1
0016034	1
0016114	1
0016149	2
0016151	4
0016153	1
0016208	1
0016226	8
0016301	2
0016310	7
0016311	1
0016407	1
0016410	1
0016433	1
0016434	1
0016462	2
0016491	50
0016530	1
0016597	1
0016614	1
0016615	1
0016616	2
0016620	3
0016627	6
0016628	3
0016639	1
0016645	1
0016651	3
0016655	6
0016657	1
0016682	1
0016722	1
0016740	12
0016746	11
0016747	6
0016757	11
0016763	1
0016765	2
0016772	1
0016773	1
0016776	2
0016779	2
0016780	1
0016782	2
0016783	2
0016787	28
0016790	3
0016791	4
0016799	2
0016810	4
0016812	1
0016817	1
0016818	2
0016829	4
0016831	1
0016832	1
0016836	2
0016853	4
0016866	1
0016868	1
0016874	4
0016879	1
0016881	1
0016884	1
0016887	43
0016896	1
0016901	2
0016987	3
0016992	1
0017000	2
0017003	1
0017004	5
0017013	1
0017038	1
0017118	1
0017148	1
0017150	2
0018149	1
0018177	1
0018189	5
0018339	1
0018364	2
0018478	3
0018578	2
0018659	1
0018738	1
0019068	3
0019104	2
0019134	1
0019171	1
0019172	1
0019200	1
0019239	1
0019243	1
0019264	1
0019277	1
0019285	2
0019288	3
0019346	2
0019354	2
0019427	1
0019430	2
0019464	3
0019538	1
0019556	2
0019619	1
0019627	4
0019628	1
0019629	3
0019632	1
0019645	1
0019646	1
0019679	2
0019752	1
0019843	3
0019856	1
0019867	1
0019899	1
0020037	9
0022625	5
0022627	3
0022857	47
0022900	2
0022904	2
0030001	2
0030091	2
0030145	1
0030151	1
0030170	13
0030234	1
0030253	1
0030261	1
0030272	1
0030288	2
0030420	1
0030435	1
0030488	1
0030527	1
0030554	2
0030604	1
0030612	1
0030643	1
0030655	1
0030674	1
0030956	2
0030964	1
0030973	1
0030976	3
0030983	2
0031071	1
0031167	4
0031317	2
0031402	1
0031419	1
0031522	2
0032049	2
0032196	1
0032259	1
0032297	1
0032329	1
0032508	1
0032784	2
0032934	1
0032955	1
0032977	1
0033014	3
0033219	1
0033221	5
0033232	2
0033711	1
0033739	1
0033743	1
0033744	1
0033819	1
0033856	1
0033862	1
0033971	2
0034204	1
0034220	2
0035435	1
0035438	1
0035539	1
0035870	1
0036211	4
0036222	1
0036374	1
0036424	1
0042026	2
0042126	2
0042128	1
0042132	1
0042158	1
0042173	1
0042254	6
0042273	1
0042286	1
0042301	1
0042450	2
0042546	1
0042586	1
0042597	4
0042625	1
0042626	23
0042773	3
0042780	1
0042802	3
0042803	1
0042834	2
0042908	1
0042910	2
0042953	3
0043022	5
0043039	2
0043093	1
0043107	1
0043115	1
0043190	11
0043213	1
0043295	1
0043335	1
0043546	3
0043565	3
0043571	22
0043633	1
0043639	1
0043683	1
0043867	1
0043952	3
0043953	1
0044096	1
0044205	1
0044423	3
0044571	2
0045182	1
0045239	1
0045252	1
0045254	1
0045261	3
0045263	1
0045271	1
0045273	2
0045275	1
0045277	1
0045312	1
0045454	2
0045893	1
0045900	1
0045927	2
0045936	1
0046081	1
0046118	1
0046278	2
0046294	1
0046421	1
0046429	1
0046537	1
0046654	1
0046677	1
0046685	2
0046797	1
0046855	1
0046872	63
0046873	1
0046930	1
0046933	5
0046983	1
0047429	1
0047456	1
0047480	1
0047547	1
0047617	1
0047804	1
0047850	1
0048034	1
0048038	4
0048473	2
0048501	1
0050136	3
0050218	1
0050262	1
0050269	1
0050311	1
0050380	1
0050415	1
0050440	1
0050480	1
0050511	1
0050515	1
0050518	1
0050567	2
0050570	1
0050660	21
0050661	7
0050992	1
0051073	1
0051082	6
0051083	1
0051087	2
0051131	1
0051139	1
0051213	1
0051252	1
0051262	1
0051266	1
0051287	16
0051301	7
0051536	8
0051537	6
0051539	19
0051540	1
0051596	1
0051604	1
0051607	3
0051745	1
0051903	1
0051920	3
0051989	1
0052381	1
0052693	1
0052717	1
0052906	1
0052913	1
0052916	1
0055052	18
0055085	48
0055130	1
0061024	1
0061077	1
0061542	1
0061599	1
0061710	2
0061799	1
0065003	2
0070006	4
0070063	1
0070401	1
0070402	1
0070403	9
0070475	2
0070573	1
0070905	1
0070968	1
0071268	1
0071555	4
0071705	1
0071709	1
0071949	5
0071951	1
0090529	1
0097163	1
0097351	2
0098561	1
0098567	1
0098662	1
0098869	1
0101006	1
0102039	1
0103117	1
0103118	1
0110001	4
0120225	1
0140078	1
0140110	1
0140359	26
0140658	1
0140662	3
1900727	1
1901137	1
1901891	1
1901893	1
1902358	2
1902495	1
1902600	5
1903424	1
1903425	1
1904047	10
1904680	1
1905887	2
1990107	1
1990229	1
1990351	1
1990397	1
1990586	1
1990610	1
1990817	1
