0000015	1
0000049	2
0000098	2
0000103	1
0000104	2
0000105	11
0000107	2
0000118	1
0000155	7
0000156	8
0000160	10
0000162	6
0000166	25
0000175	1
0000179	1
0000270	3
0000271	3
0000286	1
0000287	18
0000302	1
0000309	1
0000311	1
0000314	3
0000315	3
0000413	1
0000451	1
0000774	1
0000902	2
0000906	1
0000910	2
0000917	2
0000921	1
0001510	3
0001522	8
0001530	1
0001539	3
0001671	1
0001887	1
0002098	2
0002100	1
0002161	1
0002943	1
0002949	3
0003676	16
0003677	88
0003678	6
0003684	3
0003688	1
0003697	3
0003700	24
0003723	35
0003724	1
0003725	1
0003729	3
0003735	54
0003743	3
0003746	5
0003755	9
0003756	1
0003774	6
0003824	34
0003848	1
0003852	1
0003855	1
0003856	1
0003857	2
0003861	4
0003862	1
0003864	1
0003866	1
0003879	1
0003882	1
0003883	1
0003886	1
0003887	6
0003899	6
0003906	1
0003908	1
0003911	1
0003913	2
0003916	2
0003918	4
0003922	1
0003924	16
0003933	1
0003934	2
0003935	1
0003937	1
0003938	1
0003942	1
0003949	1
0003951	1
0003952	1
0003955	1
0003960	2
0003977	1
0003978	1
0003983	1
0003984	1
0003987	1
0003989	4
0003991	1
0003994	1
0003995	2
0003999	1
0004013	1
0004015	1
0004017	1
0004018	1
0004019	1
0004035	1
0004042	1
0004044	1
0004045	1
0004048	1
0004049	2
0004055	1
0004056	1
0004057	1
0004070	1
0004072	1
0004073	1
0004075	2
0004076	1
0004077	1
0004084	1
0004088	1
0004089	1
0004096	1
0004107	1
0004108	1
0004109	1
0004124	1
0004127	1
0004129	4
0004140	1
0004141	1
0004143	1
0004146	1
0004148	2
0004149	1
0004150	2
0004151	1
0004152	1
0004156	1
0004160	1
0004170	1
0004175	1
0004176	3
0004177	1
0004190	2
0004222	6
0004252	5
0004308	1
0004309	1
0004314	1
0004315	2
0004316	2
0004318	1
0004324	1
0004325	1
0004326	1
0004332	1
0004347	1
0004349	1
0004350	1
0004356	1
0004357	1
0004358	1
0004360	1
0004363	1
0004372	1
0004385	1
0004386	1
0004399	1
0004400	2
0004407	1
0004412	1
0004413	1
0004416	1
0004418	1
0004424	1
0004425	1
0004427	1
0004450	1
0004451	1
0004462	1
0004474	1
0004478	1
0004479	2
0004488	1
0004489	1
0004494	1
0004497	3
0004514	1
0004515	1
0004518	3
0004519	5
0004521	3
0004523	2
0004525	1
0004526	1
0004527	1
0004536	2
0004540	4
0004550	1
0004553	1
0004585	1
0004588	1
0004590	1
0004591	1
0004592	1
0004594	1
0004595	1
0004601	2
0004602	2
0004604	1
0004605	1
0004611	1
0004618	1
0004619	1
0004632	1
0004633	1
0004634	1
0004635	1
0004636	1
0004637	1
0004638	2
0004639	1
0004640	1
0004641	1
0004642	1
0004643	1
0004644	1
0004648	1
0004654	1
0004655	1
0004659	4
0004664	1
0004673	4
0004674	3
0004719	1
0004725	1
0004733	1
0004735	1
0004738	1
0004742	2
0004743	1
0004748	1
0004749	1
0004750	1
0004751	1
0004756	1
0004764	1
0004765	1
0004781	2
0004791	1
0004794	1
0004795	1
0004798	1
0004799	1
0004801	1
0004802	1
0004803	15
0004806	1
0004807	1
0004812	4
0004813	1
0004814	1
0004817	1
0004818	1
0004819	1
0004820	2
0004821	1
0004822	1
0004823	1
0004824	1
0004825	1
0004826	2
0004827	1
0004828	1
0004829	1
0004830	1
0004831	1
0004832	1
0004834	2
0004844	1
0004851	1
0004852	1
0004853	2
0005047	1
0005048	1
0005198	8
0005215	4
0005319	1
0005344	1
0005488	5
0005506	6
0005507	1
0005515	20
0005524	139
0005525	25
0005694	2
0005737	41
0005739	1
0005829	2
0005840	31
0005854	1
0005886	40
0005960	1
0005975	12
0006006	1
0006011	1
0006012	1
0006015	1
0006020	1
0006040	1
0006048	1
0006081	1
0006086	1
0006090	1
0006094	3
0006096	9
0006097	1
0006098	2
0006099	9
0006108	1
0006109	1
0006120	1
0006139	1
0006163	1
0006164	4
0006177	1
0006188	1
0006189	6
0006207	2
0006221	3
0006222	1
0006226	1
0006229	1
0006231	1
0006233	1
0006241	1
0006259	1
0006260	13
0006261	1
0006265	5
0006269	1
0006270	1
0006275	1
0006281	21
0006282	1
0006284	3
0006289	3
0006304	1
0006308	2
0006310	18
0006313	4
0006351	5
0006352	5
0006353	3
0006355	34
0006364	8
0006396	7
0006400	8
0006401	1
0006402	2
0006412	59
0006413	3
0006414	5
0006415	4
0006418	2
0006419	1
0006420	1
0006423	1
0006424	3
0006425	1
0006426	2
0006427	1
0006428	1
0006429	1
0006430	1
0006431	1
0006432	2
0006433	1
0006434	1
0006435	1
0006436	1
0006437	1
0006438	1
0006450	1
0006457	13
0006465	1
0006486	5
0006508	21
0006520	2
0006522	1
0006526	4
0006535	2
0006537	1
0006541	1
0006542	1
0006556	1
0006559	1
0006561	3
0006564	2
0006568	1
0006572	1
0006574	1
0006592	2
0006605	2
0006614	1
0006629	2
0006631	2
0006633	12
0006635	2
0006644	1
0006654	2
0006662	2
0006729	1
0006730	2
0006744	7
0006749	3
0006750	2
0006777	8
0006779	5
0006783	2
0006790	1
0006793	2
0006796	2
0006798	1
0006801	1
0006808	3
0006810	11
0006811	2
0006812	2
0006816	1
0006817	6
0006824	1
0006826	2
0006855	1
0006865	6
0006869	1
0006886	3
0006935	2
0006950	2
0006979	5
0007030	1
0007059	5
0007155	2
0007165	7
0008033	9
0008080	5
0008094	1
0008097	1
0008113	1
0008121	2
0008124	1
0008135	1
0008137	6
0008152	3
0008168	18
0008171	1
0008172	1
0008173	4
0008175	1
0008176	1
0008177	1
0008186	1
0008198	2
0008199	1
0008219	2
0008233	5
0008234	2
0008236	2
0008237	8
0008251	1
0008252	1
0008270	13
0008276	1
0008289	3
0008299	6
0008311	1
0008320	1
0008324	1
0008360	6
0008374	1
0008379	3
0008381	1
0008408	5
0008409	1
0008410	1
0008412	1
0008442	1
0008444	1
0008446	1
0008460	1
0008479	1
0008483	2
0008484	1
0008490	1
0008495	1
0008519	2
0008534	1
0008610	5
0008615	5
0008616	5
0008641	1
0008643	8
0008649	2
0008652	1
0008653	1
0008654	5
0008658	3
0008661	2
0008666	1
0008676	1
0008677	1
0008679	1
0008685	1
0008686	1
0008690	1
0008703	1
0008705	1
0008712	1
0008716	1
0008728	2
0008734	1
0008745	2
0008750	1
0008757	7
0008758	1
0008760	1
0008762	1
0008763	1
0008764	1
0008767	1
0008773	1
0008780	1
0008784	1
0008785	1
0008800	1
0008803	1
0008808	1
0008813	1
0008817	1
0008821	1
0008828	1
0008829	1
0008830	1
0008831	1
0008835	1
0008836	1
0008837	1
0008839	1
0008840	1
0008855	2
0008863	2
0008864	1
0008879	1
0008881	1
0008882	1
0008883	2
0008887	1
0008893	2
0008897	1
0008899	1
0008902	1
0008914	1
0008915	1
0008920	2
0008932	1
0008933	1
0008934	1
0008949	1
0008955	2
0008961	1
0008963	1
0008965	1
0008966	1
0008968	1
0008972	1
0008976	2
0008982	1
0008986	1
0008987	1
0008988	1
0008999	1
0009001	1
0009002	3
0009009	3
0009014	1
0009022	1
0009027	1
0009029	1
0009030	1
0009037	1
0009052	1
0009055	31
0009058	4
0009059	2
0009060	3
0009061	1
0009073	5
0009081	1
0009082	3
0009086	5
0009088	3
0009089	8
0009094	1
0009097	2
0009098	5
0009102	3
0009103	2
0009107	1
0009113	2
0009116	2
0009117	1
0009132	1
0009146	1
0009152	2
0009156	1
0009165	1
0009220	1
0009225	1
0009228	6
0009236	1
0009240	2
0009243	1
0009244	3
0009245	6
0009249	2
0009252	21
0009253	2
0009254	1
0009263	1
0009268	1
0009273	1
0009274	1
0009279	12
0009288	4
0009289	1
0009290	1
0009294	1
0009297	1
0009306	10
0009316	4
0009317	6
0009318	2
0009320	1
0009326	2
0009331	1
0009340	1
0009349	1
0009360	2
0009368	2
0009378	2
0009379	1
0009380	2
0009381	1
0009396	3
0009401	3
0009408	2
0009423	2
0009424	1
0009425	1
0009426	1
0009427	1
0009428	2
0009431	2
0009432	2
0009435	5
0009436	1
0009451	8
0009691	1
0009898	1
0009916	1
0009982	8
0010007	1
0010038	1
0010109	1
0010181	10
0010257	1
0010945	1
0010974	1
0015031	8
0015035	6
0015036	2
0015074	4
0015078	3
0015079	1
0015087	1
0015093	1
0015095	1
0015103	2
0015109	5
0015136	1
0015171	1
0015221	4
0015232	3
0015252	2
0015288	7
0015291	2
0015297	3
0015343	1
0015369	1
0015412	2
0015415	3
0015416	2
0015424	2
0015444	1
0015450	3
0015556	1
0015562	6
0015616	1
0015627	2
0015628	5
0015658	1
0015662	1
0015689	2
0015693	2
0015700	1
0015703	5
0015716	1
0015724	2
0015739	1
0015740	2
0015803	6
0015886	3
0015891	2
0015914	2
0015920	4
0015930	1
0015934	8
0015935	6
0015937	3
0015940	3
0015941	1
0015942	1
0015949	2
0015970	2
0015976	2
0015979	7
0015986	8
0015990	1
0015995	7
0016020	136
0016024	1
0016034	1
0016042	1
0016075	1
0016114	1
0016117	1
0016149	3
0016208	1
0016226	8
0016260	1
0016301	4
0016310	10
0016311	2
0016410	2
0016433	1
0016434	1
0016462	2
0016491	42
0016531	1
0016597	2
0016598	1
0016615	1
0016616	2
0016620	2
0016627	2
0016628	2
0016638	1
0016645	1
0016646	1
0016651	2
0016655	2
0016667	1
0016669	2
0016705	2
0016706	1
0016717	1
0016722	1
0016730	2
0016731	1
0016740	7
0016742	1
0016746	7
0016747	2
0016757	16
0016763	1
0016765	1
0016772	1
0016773	3
0016776	1
0016779	8
0016780	2
0016782	2
0016783	3
0016787	39
0016788	4
0016790	3
0016791	1
0016799	2
0016810	4
0016811	1
0016817	1
0016818	1
0016829	4
0016831	1
0016832	1
0016836	3
0016851	1
0016853	3
0016868	1
0016872	1
0016874	9
0016879	1
0016881	1
0016884	1
0016887	48
0016896	1
0016901	1
0016987	5
0016992	1
0016997	1
0017000	1
0017003	1
0017004	8
0017013	1
0017038	2
0017076	1
0017148	2
0017150	2
0018193	1
0018339	1
0018364	2
0019104	3
0019120	2
0019134	1
0019177	1
0019243	1
0019264	1
0019277	1
0019288	4
0019305	4
0019346	1
0019354	1
0019379	1
0019417	2
0019427	1
0019430	1
0019464	1
0019531	2
0019532	2
0019538	1
0019629	1
0019632	1
0019646	1
0019673	1
0019674	1
0019684	4
0019685	2
0019752	1
0019825	1
0019829	1
0019843	3
0019856	1
0019867	2
0019899	1
0020037	25
0022625	5
0022627	3
0022857	37
0022900	1
0022904	2
0030001	2
0030077	4
0030091	3
0030096	1
0030145	2
0030151	2
0030170	10
0030234	2
0030254	1
0030261	2
0030272	1
0030288	5
0030428	1
0030488	1
0030494	6
0030527	2
0030552	2
0030604	1
0030612	1
0030643	1
0030655	1
0030674	2
0030694	2
0030894	1
0030955	1
0030956	2
0030973	1
0030976	2
0031071	1
0031167	2
0031317	6
0031419	5
0031522	2
0031992	2
0032049	1
0032259	8
0032297	1
0032324	1
0032508	1
0032784	3
0032977	1
0032993	1
0033014	4
0033608	2
0033611	3
0033617	1
0033739	1
0033743	1
0033744	1
0033818	1
0033819	1
0033856	1
0033862	1
0034204	1
0034220	1
0035435	1
0035870	1
0036211	5
0036222	1
0036354	1
0036424	1
0038023	1
0042026	2
0042132	1
0042158	1
0042254	5
0042273	1
0042274	1
0042286	1
0042301	1
0042351	1
0042450	2
0042559	2
0042577	1
0042578	1
0042586	1
0042597	28
0042619	1
0042626	39
0042773	3
0042802	5
0042803	3
0042834	2
0042853	1
0042884	1
0042908	2
0042910	1
0042952	1
0042953	1
0043022	6
0043039	1
0043093	3
0043165	1
0043190	11
0043213	1
0043295	2
0043335	1
0043448	2
0043531	1
0043546	2
0043565	3
0043633	1
0043683	1
0043687	1
0043811	1
0043828	1
0043867	1
0043952	3
0043953	1
0044571	2
0044780	6
0044781	2
0044877	1
0045156	4
0045182	1
0045252	1
0045254	3
0045259	4
0045271	1
0045273	2
0045275	1
0045454	1
0045550	1
0045861	2
0045892	2
0045927	1
0045936	1
0046081	1
0046118	1
0046167	1
0046395	1
0046406	1
0046429	1
0046487	1
0046654	5
0046656	3
0046685	2
0046820	1
0046839	1
0046872	95
0046873	2
0046914	1
0046930	1
0046933	5
0046983	2
0047134	1
0047429	2
0047480	1
0047570	1
0047617	3
0047952	1
0048038	4
0048501	1
0048529	1
0050136	2
0050218	1
0050269	1
0050311	1
0050380	1
0050511	1
0050515	1
0050518	1
0050567	2
0050570	1
0050577	1
0050660	18
0050661	9
0050992	2
0051082	5
0051083	1
0051087	2
0051119	1
0051139	1
0051205	1
0051235	2
0051287	15
0051301	10
0051536	19
0051537	8
0051539	18
0051596	1
0051604	1
0051745	2
0051920	3
0051989	1
0052381	1
0052621	1
0052689	1
0052693	1
0052699	1
0052706	1
0052906	1
0052913	1
0055052	10
0055085	48
0061077	1
0061503	1
0061542	1
0061599	1
0061710	1
0061799	1
0070006	3
0070063	2
0070069	2
0070401	2
0070402	3
0070403	8
0070475	2
0070733	1
0070905	1
0070968	1
0071268	1
0071555	4
0071704	1
0071709	1
0071805	1
0071949	8
0071951	2
0071973	13
0072488	2
0090409	1
0090410	1
0090529	1
0090729	4
0097163	1
0097351	2
0097367	2
0097657	1
0102039	1
0103117	1
0106219	1
0106361	1
0110001	14
0110142	1
0120010	1
0120225	1
0140078	1
0140098	3
0140110	1
0140359	42
0140662	2
1901135	1
1901137	1
1902495	3
1902600	2
1904047	24
1905887	1
1990063	1
1990107	1
1990204	1
1990229	1
1990397	1
1990610	1
1990817	1
