0000015	1
0000028	1
0000041	1
0000049	3
0000105	1
0000150	2
0000155	4
0000156	6
0000160	9
0000166	19
0000179	1
0000271	2
0000287	9
0000309	1
0000311	1
0000314	3
0000315	3
0000413	2
0000451	1
0000774	1
0000902	3
0000906	1
0000910	1
0000917	2
0000918	1
0001510	3
0001522	8
0001558	1
0001727	1
0001968	1
0002098	2
0002161	2
0002949	3
0003676	14
0003677	93
0003678	7
0003684	1
0003697	3
0003700	26
0003723	33
0003725	1
0003729	1
0003735	51
0003743	3
0003746	6
0003747	1
0003755	5
0003824	19
0003844	1
0003848	1
0003849	1
0003855	1
0003856	1
0003866	1
0003882	1
0003887	6
0003899	5
0003908	1
0003911	1
0003916	1
0003917	1
0003918	2
0003919	1
0003922	1
0003924	13
0003934	2
0003935	1
0003937	1
0003938	1
0003977	1
0003978	1
0003983	1
0003985	1
0003989	4
0003995	1
0003999	1
0004015	1
0004018	1
0004019	1
0004022	1
0004040	1
0004044	1
0004045	2
0004070	1
0004071	1
0004075	1
0004076	1
0004077	1
0004088	3
0004126	1
0004127	1
0004132	1
0004134	1
0004140	1
0004141	1
0004143	1
0004146	1
0004151	1
0004152	1
0004156	1
0004170	1
0004176	1
0004177	3
0004180	1
0004181	1
0004190	2
0004222	5
0004252	6
0004314	1
0004315	2
0004316	1
0004325	1
0004326	1
0004329	1
0004332	1
0004335	1
0004342	1
0004347	1
0004355	1
0004356	1
0004359	1
0004360	1
0004370	1
0004371	1
0004385	1
0004386	5
0004397	1
0004401	1
0004418	1
0004457	1
0004459	1
0004471	1
0004473	1
0004478	1
0004479	1
0004488	1
0004497	1
0004515	1
0004516	1
0004518	5
0004519	5
0004520	1
0004521	6
0004523	1
0004525	2
0004526	1
0004527	2
0004534	1
0004536	2
0004540	1
0004553	1
0004588	1
0004590	1
0004594	1
0004595	1
0004602	1
0004605	1
0004618	1
0004619	2
0004632	1
0004633	1
0004634	1
0004637	1
0004638	1
0004639	1
0004641	1
0004642	1
0004643	1
0004644	1
0004654	1
0004655	1
0004659	2
0004673	3
0004731	1
0004743	1
0004746	1
0004748	1
0004749	1
0004750	1
0004751	1
0004765	1
0004788	1
0004789	1
0004793	1
0004794	1
0004798	1
0004799	1
0004803	21
0004807	1
0004812	3
0004813	1
0004814	1
0004816	1
0004817	1
0004818	1
0004820	2
0004821	1
0004822	1
0004823	1
0004824	1
0004825	1
0004826	2
0004827	1
0004828	1
0004829	1
0004830	1
0004831	1
0004832	1
0004844	1
0004845	1
0004851	1
0004867	1
0005047	1
0005048	1
0005198	4
0005215	1
0005283	3
0005298	1
0005381	1
0005436	1
0005506	7
0005507	1
0005515	11
0005524	147
0005525	20
0005694	1
0005737	46
0005829	1
0005840	29
0005854	1
0005886	28
0005951	1
0005971	1
0005975	14
0005978	4
0005980	1
0006002	1
0006006	1
0006011	1
0006012	2
0006044	2
0006048	1
0006051	1
0006071	3
0006072	1
0006082	1
0006086	1
0006089	2
0006090	1
0006094	2
0006096	10
0006098	1
0006099	1
0006109	1
0006113	2
0006139	2
0006163	1
0006164	5
0006166	1
0006168	1
0006177	1
0006189	5
0006207	3
0006213	1
0006220	1
0006221	3
0006226	1
0006231	1
0006233	1
0006259	2
0006260	14
0006261	2
0006265	3
0006269	1
0006281	15
0006282	1
0006284	2
0006285	1
0006289	3
0006298	3
0006302	1
0006304	4
0006308	3
0006310	15
0006313	2
0006351	4
0006352	3
0006353	3
0006355	31
0006364	9
0006396	5
0006400	8
0006402	2
0006412	57
0006413	3
0006414	6
0006415	3
0006418	2
0006419	1
0006420	1
0006421	1
0006423	1
0006424	3
0006426	2
0006427	1
0006428	1
0006429	1
0006430	1
0006431	1
0006432	2
0006433	1
0006434	1
0006435	1
0006436	1
0006437	1
0006438	1
0006448	1
0006450	1
0006457	8
0006465	2
0006486	2
0006508	20
0006520	2
0006522	2
0006529	1
0006531	1
0006537	1
0006541	3
0006548	1
0006556	1
0006567	2
0006605	1
0006614	1
0006629	3
0006631	1
0006633	9
0006637	1
0006644	1
0006654	2
0006730	2
0006741	1
0006750	1
0006751	1
0006772	1
0006779	1
0006790	3
0006810	2
0006811	1
0006812	3
0006813	1
0006814	6
0006824	3
0006826	1
0006855	8
0006865	6
0006886	3
0006950	1
0006979	2
0007059	3
0007165	4
0008033	11
0008047	1
0008080	5
0008081	1
0008094	1
0008126	2
0008135	1
0008152	6
0008153	1
0008168	10
0008170	5
0008171	1
0008172	1
0008173	3
0008176	1
0008186	1
0008233	2
0008236	3
0008237	2
0008270	13
0008299	5
0008324	4
0008360	8
0008374	1
0008381	2
0008408	4
0008409	2
0008410	3
0008444	1
0008448	1
0008460	1
0008478	1
0008479	1
0008483	2
0008610	4
0008615	1
0008616	4
0008641	1
0008643	6
0008649	2
0008652	1
0008654	3
0008658	2
0008661	1
0008676	1
0008685	1
0008686	1
0008690	1
0008703	1
0008712	1
0008716	1
0008720	1
0008728	1
0008745	1
0008747	1
0008757	10
0008760	1
0008762	1
0008763	1
0008764	1
0008780	1
0008782	1
0008784	2
0008795	1
0008797	1
0008798	1
0008808	1
0008814	1
0008815	2
0008817	2
0008818	1
0008821	1
0008831	1
0008835	1
0008837	1
0008841	1
0008854	1
0008855	2
0008861	1
0008878	2
0008879	1
0008881	1
0008893	1
0008897	1
0008902	1
0008907	1
0008915	1
0008930	1
0008932	1
0008939	1
0008955	2
0008959	1
0008961	1
0008963	1
0008965	1
0008966	1
0008968	1
0008972	1
0008982	3
0008998	1
0008999	1
0009007	1
0009009	2
0009022	1
0009029	1
0009035	2
0009037	1
0009052	1
0009055	11
0009058	4
0009073	3
0009086	2
0009087	1
0009089	1
0009093	1
0009102	3
0009103	1
0009113	2
0009116	3
0009117	1
0009132	3
0009143	1
0009146	1
0009152	2
0009156	1
0009164	1
0009220	2
0009228	6
0009236	15
0009240	1
0009243	1
0009244	4
0009245	4
0009249	1
0009252	16
0009263	1
0009265	1
0009279	5
0009294	2
0009306	7
0009307	3
0009317	5
0009318	2
0009320	1
0009331	1
0009338	1
0009346	2
0009349	1
0009360	4
0009378	2
0009379	1
0009380	2
0009381	1
0009396	3
0009401	5
0009408	2
0009423	3
0009432	2
0009435	3
0009443	1
0009451	6
0009972	2
0009982	8
0010181	15
0015031	7
0015035	4
0015074	6
0015078	2
0015079	2
0015081	1
0015087	2
0015093	1
0015095	2
0015109	2
0015136	1
0015144	1
0015171	1
0015205	3
0015221	1
0015233	1
0015252	2
0015267	2
0015288	2
0015293	6
0015297	7
0015385	2
0015424	1
0015450	4
0015501	2
0015556	1
0015558	1
0015562	5
0015572	1
0015628	1
0015648	1
0015658	2
0015662	3
0015693	2
0015703	2
0015739	1
0015740	2
0015803	4
0015813	2
0015824	1
0015833	1
0015851	3
0015887	1
0015888	1
0015891	2
0015920	1
0015934	8
0015935	6
0015937	3
0015941	1
0015949	2
0015970	1
0015986	8
0016002	3
0016020	132
0016024	1
0016032	2
0016042	1
0016114	1
0016149	2
0016153	1
0016154	1
0016226	2
0016301	6
0016310	8
0016311	1
0016407	1
0016410	1
0016430	2
0016433	1
0016434	1
0016462	1
0016491	19
0016616	1
0016620	1
0016627	1
0016639	1
0016661	1
0016692	1
0016695	2
0016703	1
0016740	11
0016746	7
0016747	2
0016757	9
0016763	1
0016765	1
0016773	3
0016774	1
0016776	2
0016779	2
0016780	1
0016782	2
0016783	2
0016787	23
0016788	4
0016790	2
0016791	2
0016799	1
0016805	1
0016810	1
0016811	2
0016812	1
0016817	3
0016829	2
0016831	1
0016836	1
0016853	4
0016857	1
0016868	1
0016874	4
0016879	1
0016884	1
0016887	57
0016903	2
0016987	3
0016994	1
0017004	1
0017013	1
0017038	1
0017148	3
0017150	1
0018104	3
0018339	1
0018364	1
0018455	1
0018826	1
0019068	1
0019104	1
0019134	1
0019200	1
0019205	1
0019241	1
0019262	1
0019277	1
0019288	4
0019305	3
0019354	2
0019509	1
0019556	3
0019674	1
0019829	3
0019835	1
0019843	3
0019867	2
0022625	5
0022627	3
0022857	30
0022900	5
0030001	3
0030091	1
0030145	1
0030170	10
0030246	2
0030261	4
0030288	3
0030388	1
0030409	1
0030412	1
0030420	2
0030435	1
0030488	1
0030527	2
0030552	3
0030554	2
0030604	1
0030788	1
0030789	1
0030956	2
0030975	1
0030976	2
0030983	4
0031071	1
0031167	2
0031317	3
0031402	1
0031522	2
0031992	2
0032049	1
0032259	10
0032778	1
0032784	1
0032955	1
0032977	1
0033014	3
0033194	1
0033232	2
0033573	1
0033739	1
0033743	1
0033818	1
0033840	1
0033862	1
0033958	1
0034204	1
0034220	2
0034755	1
0034979	1
0035598	1
0036094	1
0036211	4
0036374	1
0036376	1
0042026	2
0042132	2
0042242	1
0042254	6
0042274	1
0042286	1
0042577	1
0042578	4
0042586	1
0042597	2
0042625	1
0042626	54
0042802	4
0042803	2
0042823	1
0042834	1
0042883	1
0042908	1
0042910	8
0043022	4
0043039	1
0043093	3
0043101	1
0043107	1
0043115	1
0043169	1
0043190	7
0043211	1
0043295	1
0043365	2
0043448	1
0043571	7
0043743	1
0043752	1
0043811	1
0043822	1
0043856	1
0043937	1
0043952	4
0044205	1
0044341	1
0044423	2
0045148	1
0045182	1
0045259	9
0045892	2
0045910	1
0046025	2
0046026	1
0046081	1
0046110	1
0046118	1
0046140	2
0046168	1
0046429	1
0046654	3
0046677	1
0046797	1
0046820	1
0046835	1
0046839	1
0046857	1
0046872	55
0046930	1
0046933	6
0046983	2
0047324	2
0047429	2
0047465	1
0047480	1
0047804	1
0047952	1
0048472	1
0048473	2
0048500	1
0048501	1
0048502	1
0050097	1
0050242	1
0050380	1
0050415	1
0050480	1
0050511	1
0050515	1
0050518	1
0050567	2
0050660	8
0050661	2
0050992	1
0051073	1
0051082	4
0051083	1
0051087	1
0051205	1
0051287	7
0051301	9
0051302	1
0051536	6
0051539	17
0051540	1
0051745	1
0051989	1
0052381	1
0052693	1
0052906	1
0052913	1
0055052	11
0055056	1
0055085	50
0061503	1
0061710	1
0065007	1
0065009	1
0070006	4
0070038	1
0070064	1
0070403	1
0070404	1
0070475	1
0071555	5
0071709	1
0071949	2
0071951	1
0071972	3
0072344	1
0090529	1
0097351	1
0097367	1
0098003	1
0098025	2
0098045	1
0102039	1
0103117	1
0106361	1
0110001	6
0120010	1
0120225	1
0140078	1
0140098	2
0140110	2
0140358	1
0140359	51
0140662	1
0140663	1
0141098	1
1900727	1
1901137	1
1901891	1
1902495	2
1902600	3
1902604	1
1903424	1
1903425	1
1904047	25
1904659	1
1905887	1
1990107	1
1990112	1
1990397	1
