0000015	1
0000028	1
0000036	2
0000041	1
0000049	1
0000103	1
0000104	2
0000105	10
0000107	2
0000155	4
0000156	4
0000160	9
0000162	6
0000166	21
0000175	2
0000179	1
0000270	2
0000271	1
0000287	15
0000311	1
0000314	3
0000315	3
0000451	1
0000774	1
0000902	2
0000906	1
0000910	3
0000918	2
0001072	2
0001216	3
0001510	2
0001522	8
0001530	1
0001539	5
0001680	1
0002098	2
0002100	1
0002161	1
0002943	1
0002949	3
0002953	1
0003676	14
0003677	50
0003678	6
0003684	4
0003688	1
0003697	3
0003700	16
0003723	36
0003724	1
0003725	2
0003735	54
0003743	3
0003746	5
0003747	1
0003755	2
0003774	4
0003824	24
0003844	1
0003848	1
0003852	1
0003855	1
0003856	2
0003861	2
0003862	1
0003864	1
0003866	1
0003871	1
0003879	1
0003882	1
0003883	1
0003886	1
0003887	7
0003896	1
0003899	5
0003904	1
0003906	1
0003908	1
0003910	1
0003911	1
0003916	1
0003918	4
0003919	1
0003922	1
0003924	13
0003933	1
0003934	1
0003937	1
0003938	1
0003942	1
0003949	1
0003952	1
0003955	2
0003977	1
0003983	1
0003984	1
0003987	1
0003989	3
0003991	1
0003994	1
0004013	1
0004014	1
0004015	1
0004018	1
0004019	1
0004042	1
0004044	1
0004045	2
0004048	1
0004049	1
0004055	1
0004056	1
0004070	1
0004072	1
0004073	1
0004075	1
0004076	1
0004077	1
0004084	1
0004088	1
0004089	1
0004096	1
0004107	1
0004109	2
0004124	1
0004127	1
0004129	5
0004134	1
0004140	1
0004141	1
0004143	1
0004146	1
0004148	1
0004150	1
0004151	1
0004152	1
0004156	1
0004160	2
0004170	1
0004175	1
0004176	4
0004177	2
0004190	2
0004222	5
0004252	4
0004298	1
0004309	1
0004314	1
0004315	3
0004316	1
0004324	1
0004325	1
0004326	1
0004332	2
0004340	1
0004345	1
0004347	1
0004349	1
0004350	1
0004356	1
0004357	1
0004358	1
0004360	1
0004362	1
0004363	1
0004364	1
0004372	1
0004373	1
0004385	1
0004386	3
0004399	1
0004400	2
0004412	1
0004413	1
0004416	1
0004418	1
0004424	1
0004425	1
0004427	1
0004450	1
0004462	1
0004478	1
0004479	1
0004488	1
0004489	1
0004514	1
0004518	3
0004523	2
0004525	1
0004526	1
0004527	1
0004540	4
0004550	1
0004553	2
0004585	1
0004588	1
0004590	1
0004592	1
0004594	1
0004595	1
0004601	2
0004609	1
0004614	1
0004618	1
0004620	1
0004622	1
0004632	1
0004633	1
0004634	1
0004635	1
0004636	1
0004637	1
0004638	2
0004639	1
0004640	1
0004641	1
0004642	1
0004643	1
0004644	2
0004645	1
0004648	1
0004654	1
0004655	1
0004659	2
0004664	1
0004672	1
0004673	1
0004719	2
0004722	1
0004725	1
0004729	1
0004733	1
0004735	1
0004738	1
0004743	2
0004748	2
0004750	1
0004751	1
0004756	1
0004764	1
0004784	1
0004789	1
0004791	1
0004794	1
0004795	1
0004798	1
0004799	1
0004801	1
0004802	1
0004803	2
0004807	1
0004810	1
0004812	4
0004813	1
0004814	1
0004817	1
0004818	1
0004819	1
0004820	2
0004821	1
0004822	1
0004823	1
0004824	1
0004825	1
0004826	2
0004827	1
0004828	1
0004829	1
0004830	1
0004831	1
0004832	1
0004834	3
0004842	1
0004844	1
0004851	1
0004852	1
0004853	1
0004857	1
0005047	1
0005048	1
0005198	8
0005215	4
0005247	1
0005267	1
0005283	1
0005319	1
0005381	1
0005384	1
0005436	1
0005471	1
0005506	2
0005515	11
0005524	133
0005525	21
0005536	1
0005694	3
0005737	45
0005829	7
0005840	31
0005854	1
0005886	32
0005960	1
0005975	9
0005978	2
0005980	1
0006006	3
0006011	1
0006020	1
0006040	1
0006048	1
0006086	1
0006090	1
0006094	1
0006096	10
0006098	5
0006099	7
0006109	1
0006120	1
0006139	1
0006163	1
0006164	4
0006177	1
0006188	1
0006189	5
0006207	3
0006221	2
0006222	1
0006226	1
0006229	1
0006231	1
0006233	1
0006241	1
0006259	1
0006260	12
0006261	1
0006265	4
0006268	1
0006269	1
0006270	1
0006275	1
0006281	26
0006282	1
0006284	3
0006289	3
0006298	2
0006302	1
0006304	2
0006308	2
0006310	19
0006313	1
0006351	5
0006352	6
0006353	3
0006355	32
0006364	10
0006396	5
0006400	9
0006402	2
0006412	60
0006413	3
0006414	5
0006415	4
0006418	2
0006419	1
0006420	1
0006423	1
0006424	4
0006425	1
0006426	2
0006427	1
0006428	1
0006429	1
0006430	1
0006431	1
0006432	2
0006433	1
0006434	1
0006435	1
0006436	1
0006437	1
0006438	1
0006450	1
0006457	5
0006465	1
0006468	1
0006470	2
0006482	1
0006508	14
0006520	2
0006522	1
0006526	4
0006535	2
0006537	1
0006541	1
0006542	1
0006556	1
0006561	3
0006564	1
0006568	1
0006592	2
0006605	2
0006614	1
0006629	2
0006633	13
0006654	2
0006662	2
0006729	1
0006730	3
0006744	6
0006749	2
0006750	3
0006751	1
0006760	1
0006777	5
0006779	6
0006780	1
0006783	1
0006790	1
0006796	2
0006797	1
0006798	1
0006799	1
0006808	5
0006810	4
0006811	1
0006812	5
0006813	1
0006814	2
0006817	7
0006826	1
0006862	1
0006865	1
0006869	1
0006886	3
0006935	9
0006950	1
0006979	3
0006996	1
0007049	2
0007059	3
0007155	2
0007165	12
0008033	9
0008080	1
0008094	1
0008097	1
0008113	1
0008121	1
0008124	1
0008134	1
0008135	1
0008137	7
0008152	11
0008168	13
0008170	1
0008172	1
0008173	2
0008176	1
0008177	1
0008186	1
0008199	1
0008233	4
0008236	1
0008237	1
0008251	1
0008252	1
0008270	11
0008276	1
0008295	1
0008299	4
0008310	1
0008311	1
0008320	1
0008324	5
0008360	6
0008374	1
0008379	3
0008381	3
0008408	3
0008409	1
0008412	1
0008425	2
0008441	1
0008444	1
0008479	1
0008483	1
0008495	1
0008534	1
0008535	2
0008610	3
0008615	4
0008616	4
0008641	1
0008643	3
0008649	2
0008652	2
0008654	4
0008657	2
0008658	3
0008661	1
0008664	1
0008666	1
0008667	1
0008668	1
0008676	1
0008685	1
0008686	1
0008690	1
0008703	1
0008705	1
0008710	1
0008716	1
0008720	1
0008734	1
0008745	2
0008754	1
0008757	7
0008760	1
0008761	1
0008763	1
0008764	1
0008773	4
0008780	1
0008784	1
0008800	1
0008803	1
0008808	1
0008817	1
0008821	1
0008824	1
0008829	1
0008832	1
0008835	1
0008836	1
0008837	1
0008839	1
0008840	1
0008841	1
0008854	3
0008855	2
0008878	1
0008882	1
0008883	1
0008897	1
0008902	1
0008914	1
0008915	1
0008932	1
0008933	2
0008934	1
0008942	2
0008955	1
0008961	1
0008963	1
0008964	1
0008966	1
0008967	1
0008972	1
0008974	1
0008976	1
0008983	1
0008984	1
0008986	1
0008987	1
0008990	2
0008999	1
0009001	1
0009002	1
0009009	1
0009014	1
0009016	1
0009029	1
0009030	1
0009037	1
0009052	1
0009055	12
0009058	5
0009060	1
0009073	5
0009081	1
0009082	4
0009086	5
0009088	2
0009089	8
0009094	1
0009097	1
0009098	3
0009102	5
0009103	1
0009107	1
0009113	2
0009116	2
0009152	3
0009220	1
0009228	6
0009236	1
0009240	1
0009244	1
0009245	5
0009249	2
0009252	19
0009253	3
0009254	1
0009263	1
0009274	2
0009279	8
0009288	4
0009289	1
0009290	1
0009294	1
0009297	3
0009306	9
0009316	2
0009317	4
0009318	2
0009320	1
0009338	3
0009340	1
0009349	1
0009358	1
0009360	2
0009368	2
0009376	2
0009378	2
0009379	1
0009380	2
0009381	1
0009396	2
0009401	2
0009403	1
0009408	2
0009423	2
0009424	2
0009425	1
0009426	1
0009427	1
0009428	2
0009431	2
0009432	3
0009435	5
0009439	1
0009451	6
0009636	2
0009691	1
0009898	1
0009966	12
0009975	12
0009982	8
0010038	1
0010181	8
0010340	1
0015031	10
0015035	5
0015036	1
0015075	1
0015078	4
0015079	2
0015095	2
0015098	1
0015103	1
0015112	1
0015116	1
0015136	1
0015221	4
0015288	3
0015293	1
0015297	1
0015412	2
0015415	3
0015450	3
0015562	9
0015627	2
0015628	4
0015689	3
0015693	2
0015706	1
0015739	1
0015914	2
0015920	3
0015930	1
0015934	8
0015935	6
0015937	3
0015940	2
0015941	1
0015949	3
0015970	2
0015977	4
0015986	8
0015990	1
0016020	113
0016032	2
0016114	1
0016149	2
0016208	1
0016209	1
0016226	7
0016260	1
0016301	3
0016310	7
0016410	2
0016433	1
0016434	1
0016436	1
0016462	2
0016491	23
0016531	1
0016567	1
0016597	1
0016614	1
0016616	2
0016620	4
0016627	2
0016645	1
0016646	1
0016647	1
0016651	3
0016655	1
0016657	1
0016667	1
0016669	1
0016684	1
0016740	7
0016746	4
0016747	1
0016757	9
0016763	1
0016765	1
0016772	1
0016773	1
0016776	1
0016779	4
0016780	1
0016782	2
0016783	3
0016787	32
0016788	1
0016791	1
0016798	1
0016799	1
0016810	1
0016818	1
0016829	1
0016831	2
0016832	1
0016836	2
0016853	1
0016866	1
0016868	1
0016872	1
0016874	3
0016879	2
0016881	1
0016884	1
0016887	27
0016896	1
0016901	1
0016987	7
0016992	1
0017004	2
0017013	1
0017038	2
0017057	1
0017148	1
0017150	2
0018177	1
0018277	1
0018339	1
0018364	2
0019104	2
0019134	1
0019171	2
0019200	1
0019205	1
0019243	1
0019264	1
0019277	1
0019288	4
0019290	2
0019346	1
0019354	1
0019417	1
0019427	1
0019430	1
0019464	1
0019491	2
0019509	1
0019538	1
0019632	1
0019843	3
0019856	1
0019867	4
0019899	1
0020037	7
0022625	5
0022627	3
0022857	40
0022900	4
0022904	1
0030001	6
0030026	1
0030091	3
0030145	2
0030151	1
0030163	1
0030170	8
0030234	4
0030253	3
0030256	1
0030261	1
0030272	1
0030288	3
0030488	1
0030527	1
0030541	2
0030552	2
0030604	1
0030612	1
0030643	1
0030655	1
0030694	3
0030955	2
0030956	2
0030973	1
0030976	2
0030983	2
0031167	4
0031317	1
0031419	2
0031469	3
0031470	1
0031522	2
0032049	1
0032259	3
0032297	1
0032508	1
0032784	3
0032934	1
0032955	1
0032977	1
0033014	4
0033214	1
0033573	1
0033739	1
0033743	1
0033744	1
0033816	1
0033818	1
0033819	1
0033856	1
0033862	1
0034204	1
0034220	2
0034707	1
0034755	1
0035438	3
0035870	1
0036211	9
0036222	1
0036374	1
0042026	2
0042128	1
0042132	1
0042158	1
0042254	5
0042273	1
0042274	1
0042286	1
0042450	2
0042586	2
0042597	3
0042626	15
0042773	4
0042780	1
0042802	10
0042803	3
0042834	1
0042953	4
0043022	6
0043093	1
0043107	1
0043115	1
0043165	1
0043169	1
0043190	11
0043213	1
0043335	1
0043546	1
0043565	2
0043633	1
0043683	1
0043751	1
0043811	1
0043828	1
0043886	1
0043952	3
0043953	1
0044205	1
0044341	1
0044423	1
0044780	9
0044781	2
0044874	1
0045182	1
0045254	1
0045261	4
0045263	1
0045271	1
0045273	2
0045275	1
0045277	1
0045454	2
0045861	2
0045892	2
0045900	1
0045936	1
0046081	1
0046118	1
0046429	1
0046523	1
0046537	1
0046654	2
0046677	1
0046855	1
0046857	1
0046872	37
0046873	3
0046930	1
0046933	5
0046983	1
0047134	1
0047307	1
0047480	1
0047617	1
0047804	1
0048038	3
0048501	1
0050136	2
0050511	1
0050515	1
0050518	1
0050567	2
0050568	1
0050570	1
0050660	12
0050661	7
0050992	1
0051082	4
0051083	1
0051087	2
0051139	2
0051156	1
0051262	1
0051266	1
0051287	12
0051290	2
0051301	6
0051536	8
0051537	2
0051539	15
0051540	1
0051596	1
0051603	1
0051745	1
0051920	3
0051989	1
0052381	1
0052693	1
0052906	1
0052913	1
0052916	1
0055052	8
0055085	46
0061024	1
0061542	3
0061599	1
0061710	2
0061799	1
0070006	3
0070063	2
0070069	1
0070401	1
0070404	1
0070475	1
0070567	1
0070905	1
0070968	1
0071268	1
0071555	2
0071709	1
0071949	2
0071951	1
0071973	11
0090529	1
0097367	1
0098561	6
0098567	2
0098662	3
0098869	1
0101006	1
0102208	2
0103117	1
0106141	1
0110001	3
0120225	1
0140078	1
0140110	1
0140359	15
0140662	1
1901135	1
1901137	1
1901891	1
1902495	2
1902600	3
1904047	10
1905887	1
1990107	1
1990586	1
1990610	1
1990817	1
