0000015	1
0000030	1
0000049	3
0000103	3
0000105	7
0000107	2
0000150	1
0000156	9
0000160	27
0000162	5
0000166	21
0000179	1
0000271	2
0000276	1
0000286	1
0000287	11
0000311	1
0000314	3
0000315	3
0000373	10
0000413	3
0000451	1
0000774	2
0000902	1
0000906	1
0000910	1
0000918	1
0001510	1
0001522	4
0001887	1
0002098	3
0002949	2
0003676	17
0003677	122
0003678	6
0003684	2
0003688	1
0003697	2
0003700	13
0003723	22
0003725	2
0003729	1
0003735	52
0003743	3
0003746	5
0003747	2
0003755	6
0003796	1
0003824	27
0003842	1
0003844	1
0003848	1
0003849	2
0003852	1
0003855	1
0003856	1
0003862	1
0003864	1
0003866	1
0003868	1
0003871	1
0003879	1
0003883	1
0003885	1
0003886	5
0003887	4
0003896	1
0003899	3
0003911	1
0003916	1
0003917	1
0003918	2
0003919	1
0003922	1
0003924	17
0003934	2
0003935	1
0003937	1
0003938	1
0003942	1
0003949	1
0003952	1
0003964	11
0003973	1
0003978	1
0003984	1
0003987	1
0003989	3
0003991	1
0003994	1
0003998	1
0003999	1
0004013	1
0004014	1
0004016	1
0004018	1
0004019	1
0004020	2
0004024	2
0004042	1
0004044	1
0004045	2
0004047	1
0004048	1
0004049	1
0004055	1
0004056	1
0004066	1
0004068	1
0004070	1
0004073	1
0004075	1
0004076	1
0004077	1
0004084	1
0004088	1
0004106	1
0004107	1
0004109	1
0004124	1
0004129	4
0004133	3
0004134	1
0004139	1
0004140	1
0004141	1
0004146	2
0004148	1
0004150	1
0004156	1
0004160	1
0004170	1
0004175	1
0004176	3
0004177	1
0004181	1
0004185	3
0004190	3
0004197	6
0004222	13
0004252	12
0004311	1
0004315	2
0004316	1
0004324	1
0004325	2
0004326	1
0004332	2
0004333	1
0004340	1
0004345	1
0004349	1
0004350	1
0004356	2
0004357	1
0004358	1
0004359	1
0004360	1
0004362	1
0004363	1
0004364	2
0004370	1
0004372	1
0004375	1
0004385	1
0004386	6
0004399	1
0004412	1
0004413	1
0004416	1
0004418	1
0004425	1
0004452	1
0004462	1
0004478	1
0004479	1
0004488	1
0004489	1
0004497	4
0004514	2
0004518	12
0004519	12
0004523	1
0004525	2
0004526	1
0004527	2
0004540	4
0004550	1
0004553	8
0004565	1
0004585	1
0004588	1
0004590	1
0004595	1
0004601	1
0004604	1
0004616	1
0004617	1
0004618	1
0004632	1
0004633	1
0004634	1
0004635	2
0004636	1
0004637	1
0004638	2
0004639	1
0004640	1
0004641	1
0004642	2
0004643	1
0004644	1
0004654	1
0004655	1
0004659	1
0004664	1
0004672	19
0004673	1
0004674	1
0004722	8
0004725	1
0004729	1
0004735	1
0004739	1
0004743	1
0004746	1
0004747	1
0004750	1
0004751	1
0004756	1
0004765	1
0004781	1
0004784	2
0004795	2
0004798	1
0004801	1
0004802	1
0004803	202
0004807	1
0004812	2
0004813	1
0004814	2
0004816	1
0004817	1
0004818	1
0004820	2
0004821	1
0004822	1
0004823	1
0004824	1
0004825	1
0004826	2
0004827	1
0004828	1
0004829	1
0004830	1
0004831	1
0004832	1
0004834	2
0004845	1
0004851	2
0004853	1
0004866	1
0005047	1
0005048	1
0005198	3
0005215	3
0005216	1
0005283	2
0005337	1
0005388	1
0005488	1
0005506	8
0005507	5
0005509	4
0005515	42
0005524	176
0005525	23
0005536	1
0005694	1
0005737	52
0005743	1
0005829	4
0005840	30
0005854	1
0005886	30
0005960	1
0005975	12
0005978	2
0005980	4
0006006	3
0006012	1
0006014	1
0006020	1
0006044	1
0006071	1
0006072	1
0006086	1
0006090	1
0006094	1
0006096	10
0006098	7
0006099	2
0006106	1
0006139	2
0006163	1
0006164	3
0006171	1
0006177	1
0006189	7
0006207	3
0006221	2
0006226	1
0006231	1
0006233	1
0006241	1
0006260	10
0006265	3
0006268	1
0006269	1
0006270	1
0006275	1
0006281	17
0006289	3
0006298	1
0006302	2
0006304	8
0006310	11
0006313	39
0006351	3
0006352	8
0006353	2
0006355	28
0006364	6
0006396	4
0006400	6
0006401	1
0006402	1
0006412	56
0006413	3
0006414	5
0006415	4
0006418	1
0006419	1
0006420	2
0006421	1
0006423	1
0006424	3
0006426	2
0006427	1
0006428	1
0006429	1
0006430	1
0006431	1
0006432	2
0006433	1
0006434	1
0006435	1
0006436	1
0006437	1
0006438	1
0006450	1
0006457	6
0006465	4
0006468	19
0006470	8
0006482	1
0006486	2
0006493	1
0006508	47
0006520	3
0006522	1
0006523	1
0006526	3
0006527	1
0006529	1
0006534	1
0006535	3
0006537	2
0006541	2
0006542	2
0006543	1
0006555	1
0006556	1
0006559	1
0006561	3
0006562	1
0006564	1
0006568	1
0006572	1
0006592	3
0006605	1
0006614	1
0006629	6
0006633	8
0006654	1
0006729	1
0006730	3
0006744	7
0006749	3
0006750	3
0006751	1
0006760	1
0006777	4
0006779	5
0006783	1
0006790	1
0006799	1
0006808	2
0006810	3
0006811	3
0006812	2
0006813	2
0006814	4
0006816	2
0006817	5
0006824	1
0006826	2
0006865	3
0006886	2
0006935	5
0006950	3
0006979	3
0007059	2
0007154	10
0007165	7
0007623	1
0008033	7
0008080	7
0008081	1
0008094	1
0008113	1
0008124	1
0008135	1
0008146	12
0008152	6
0008168	42
0008170	5
0008171	2
0008172	1
0008173	3
0008176	1
0008198	2
0008199	1
0008233	10
0008236	13
0008237	4
0008252	1
0008270	20
0008295	2
0008299	4
0008311	1
0008360	5
0008374	1
0008379	2
0008381	5
0008408	1
0008409	1
0008417	1
0008425	7
0008441	1
0008444	1
0008446	2
0008448	1
0008460	1
0008479	1
0008483	3
0008490	1
0008495	1
0008519	3
0008540	1
0008610	4
0008615	2
0008616	4
0008643	1
0008649	2
0008652	3
0008654	3
0008657	1
0008658	4
0008661	1
0008685	1
0008686	1
0008703	1
0008705	2
0008710	1
0008716	1
0008734	1
0008745	1
0008752	1
0008753	1
0008754	1
0008757	11
0008759	1
0008760	1
0008761	1
0008762	1
0008763	1
0008764	1
0008780	1
0008783	1
0008784	1
0008792	1
0008800	4
0008817	1
0008818	1
0008821	1
0008830	2
0008831	1
0008835	1
0008836	1
0008837	1
0008839	1
0008840	1
0008841	1
0008878	1
0008879	1
0008881	1
0008883	1
0008901	1
0008902	1
0008914	1
0008915	1
0008929	2
0008932	1
0008934	1
0008935	1
0008961	1
0008962	1
0008963	1
0008964	1
0008966	1
0008972	1
0008976	1
0008983	1
0008984	1
0008986	1
0008987	2
0008999	1
0009001	2
0009002	1
0009022	1
0009030	1
0009035	1
0009036	1
0009039	2
0009052	1
0009055	15
0009058	13
0009059	1
0009073	5
0009081	1
0009082	3
0009086	3
0009088	3
0009089	4
0009094	1
0009097	1
0009098	2
0009102	3
0009107	2
0009113	2
0009116	3
0009146	1
0009152	2
0009190	5
0009220	1
0009225	1
0009228	5
0009234	3
0009236	15
0009240	1
0009243	2
0009245	3
0009249	2
0009252	17
0009253	2
0009254	1
0009264	1
0009294	2
0009297	1
0009306	8
0009307	1
0009317	4
0009320	1
0009330	1
0009339	1
0009341	1
0009349	1
0009358	1
0009360	2
0009368	4
0009378	2
0009379	1
0009380	2
0009381	1
0009396	2
0009399	7
0009408	2
0009423	4
0009432	1
0009435	6
0009451	3
0009496	1
0009512	1
0009522	4
0009523	13
0009538	10
0009539	5
0009579	1
0009654	2
0009691	1
0009765	4
0009767	4
0009772	2
0009773	1
0009898	4
0009966	1
0009975	1
0009982	5
0010007	3
0010181	9
0010206	1
0010207	2
0010236	1
0010242	2
0010277	1
0010951	1
0012506	4
0015016	4
0015031	6
0015035	3
0015036	1
0015074	2
0015078	1
0015079	1
0015093	6
0015095	1
0015103	3
0015109	4
0015136	1
0015205	1
0015221	2
0015288	4
0015291	1
0015293	3
0015297	2
0015369	1
0015412	2
0015415	5
0015416	5
0015446	1
0015450	4
0015562	5
0015628	1
0015689	2
0015693	1
0015700	1
0015703	4
0015716	7
0015739	1
0015840	4
0015920	2
0015930	1
0015934	7
0015935	6
0015937	3
0015940	1
0015941	1
0015949	1
0015970	1
0015977	1
0015979	33
0015986	7
0015990	2
0015995	12
0016020	127
0016070	1
0016114	1
0016117	5
0016149	2
0016151	5
0016163	3
0016166	1
0016168	8
0016208	1
0016226	6
0016301	5
0016310	4
0016410	2
0016430	1
0016433	1
0016434	1
0016462	1
0016485	1
0016491	56
0016530	3
0016597	1
0016610	1
0016612	2
0016614	3
0016616	3
0016620	4
0016627	1
0016630	1
0016646	1
0016647	1
0016651	5
0016655	1
0016657	1
0016667	1
0016702	1
0016705	6
0016717	1
0016719	1
0016722	1
0016730	2
0016740	12
0016743	1
0016746	9
0016747	1
0016757	34
0016765	1
0016767	1
0016772	2
0016779	3
0016782	2
0016783	5
0016787	36
0016788	4
0016791	2
0016799	2
0016805	1
0016810	2
0016818	2
0016831	3
0016835	1
0016836	1
0016851	3
0016853	3
0016866	2
0016868	1
0016874	4
0016879	1
0016884	1
0016887	67
0016891	1
0016896	1
0016901	1
0016987	7
0016992	2
0016993	1
0016994	1
0016998	1
0017000	1
0017004	3
0017057	1
0017148	1
0017150	1
0018104	3
0018277	1
0018339	1
0018364	1
0018738	1
0018835	1
0019171	1
0019200	1
0019205	1
0019242	2
0019243	1
0019264	1
0019277	1
0019288	4
0019305	4
0019354	2
0019379	1
0019427	1
0019430	2
0019464	3
0019509	2
0019627	3
0019634	3
0019673	2
0019684	5
0019685	2
0019746	1
0019752	2
0019843	2
0019867	1
0020037	12
0022625	5
0022627	3
0022857	29
0022900	1
0030001	2
0030089	11
0030091	3
0030095	1
0030096	2
0030115	1
0030145	1
0030151	1
0030170	10
0030234	1
0030246	1
0030261	2
0030272	1
0030288	2
0030488	2
0030494	1
0030541	1
0030552	5
0030554	3
0030604	1
0030638	1
0030655	4
0030745	1
0030788	1
0030789	1
0030955	1
0030956	2
0030964	1
0030973	1
0030976	3
0030983	1
0031012	1
0031071	3
0031167	2
0031240	2
0031411	3
0031412	3
0031419	2
0031469	1
0031522	2
0032196	32
0032259	12
0032363	1
0032508	2
0032778	1
0032784	1
0032955	1
0033014	3
0033172	2
0033212	5
0033219	1
0033221	4
0033386	1
0033739	1
0033743	1
0033744	1
0033818	1
0033819	1
0033856	1
0033862	1
0034204	1
0034220	1
0035435	2
0035550	1
0035556	5
0035632	1
0035870	1
0036211	11
0036222	1
0036374	1
0036402	1
0042026	4
0042132	2
0042158	1
0042242	1
0042254	4
0042286	1
0042301	2
0042351	1
0042372	2
0042450	2
0042545	1
0042578	5
0042586	2
0042625	1
0042626	36
0042651	3
0042752	1
0042773	3
0042780	1
0042803	3
0042834	6
0042853	1
0042910	1
0043022	3
0043107	2
0043138	1
0043168	2
0043170	1
0043190	13
0043225	2
0043419	1
0043447	2
0043531	9
0043546	1
0043687	2
0043714	1
0043752	1
0043772	2
0043811	1
0043856	6
0043952	5
0044205	1
0044571	1
0045156	4
0045158	2
0045182	1
0045239	1
0045254	1
0045261	5
0045262	4
0045263	2
0045264	1
0045454	3
0045550	2
0045892	1
0046026	1
0046081	1
0046118	1
0046177	1
0046294	1
0046316	1
0046348	1
0046406	1
0046408	1
0046429	1
0046523	1
0046537	1
0046608	1
0046654	2
0046685	1
0046855	1
0046857	1
0046872	73
0046912	1
0046919	1
0046930	7
0046933	6
0046983	1
0047343	1
0047429	1
0047480	1
0048034	1
0048472	1
0048501	1
0048529	1
0050311	1
0050511	1
0050515	1
0050518	1
0050567	2
0050568	1
0050656	6
0050660	14
0050661	7
0050797	1
0051007	1
0051073	1
0051082	6
0051083	1
0051087	2
0051116	1
0051139	1
0051156	1
0051213	1
0051219	1
0051235	1
0051287	10
0051290	1
0051301	6
0051536	15
0051537	8
0051539	20
0051540	1
0051596	1
0051604	1
0051903	1
0051920	4
0051921	1
0051989	1
0052381	1
0052624	1
0052693	1
0052699	2
0052717	1
0052873	1
0052906	1
0052913	1
0052923	1
0055052	29
0055085	41
0061077	3
0061542	7
0061599	1
0061710	2
0061799	1
0065003	2
0070006	4
0070007	1
0070064	2
0070204	1
0070205	1
0070401	2
0070403	1
0070475	1
0070573	2
0070726	2
0070905	1
0070968	1
0071555	1
0071586	1
0071949	2
0071951	1
0071972	3
0072488	3
0072592	1
0097163	1
0098662	1
0101006	1
0102208	7
0106141	1
0120225	1
0140078	1
0140110	2
0140359	39
0140658	1
0140662	7
1901137	1
1901642	1
1902600	2
1904047	43
1905887	4
1990107	1
1990229	1
1990586	1
1990610	1
