0000015	1
0000035	1
0000036	1
0000049	3
0000062	1
0000103	2
0000105	8
0000107	2
0000118	1
0000155	27
0000156	25
0000160	42
0000162	5
0000166	27
0000179	1
0000270	1
0000271	10
0000286	1
0000287	14
0000309	1
0000311	1
0000314	2
0000315	3
0000334	1
0000413	2
0000428	1
0000451	1
0000774	1
0000902	1
0000906	1
0000910	1
0000917	2
0001510	2
0001522	7
0001727	2
0002098	1
0002161	1
0002949	3
0003676	28
0003677	164
0003678	8
0003684	5
0003688	1
0003697	5
0003700	39
0003723	33
0003725	2
0003729	2
0003735	54
0003743	3
0003746	4
0003747	1
0003755	8
0003824	26
0003842	1
0003848	1
0003855	1
0003856	1
0003864	1
0003866	1
0003868	1
0003879	1
0003883	1
0003886	2
0003887	9
0003899	5
0003908	2
0003910	1
0003911	1
0003913	3
0003916	1
0003917	2
0003918	4
0003919	1
0003922	1
0003924	14
0003934	3
0003937	1
0003938	1
0003941	1
0003949	1
0003954	1
0003960	1
0003978	1
0003985	2
0003987	1
0003989	5
0003994	2
0003995	3
0003999	1
0004013	1
0004016	1
0004018	1
0004019	1
0004020	1
0004022	1
0004035	1
0004040	1
0004045	2
0004047	1
0004048	1
0004049	1
0004066	4
0004067	3
0004068	1
0004070	1
0004072	1
0004073	1
0004075	2
0004077	1
0004084	1
0004088	1
0004089	2
0004096	2
0004107	1
0004109	2
0004126	1
0004127	1
0004129	6
0004130	1
0004132	1
0004139	1
0004140	1
0004146	1
0004148	2
0004149	1
0004150	1
0004151	1
0004152	1
0004156	1
0004170	1
0004176	1
0004177	6
0004180	1
0004181	4
0004190	2
0004197	7
0004222	11
0004252	10
0004314	1
0004315	7
0004316	1
0004318	1
0004325	1
0004326	1
0004332	1
0004333	1
0004334	1
0004347	1
0004356	1
0004359	1
0004360	1
0004372	1
0004373	1
0004375	1
0004385	1
0004386	7
0004397	1
0004399	1
0004400	1
0004401	1
0004407	1
0004418	1
0004420	1
0004424	1
0004425	1
0004427	1
0004450	1
0004452	1
0004470	1
0004471	1
0004475	1
0004476	1
0004478	1
0004479	1
0004488	1
0004489	1
0004494	1
0004497	6
0004514	1
0004515	1
0004516	1
0004518	13
0004519	6
0004521	4
0004523	1
0004525	1
0004526	1
0004527	5
0004536	2
0004540	7
0004553	2
0004567	1
0004587	1
0004588	1
0004590	1
0004591	1
0004592	1
0004595	1
0004601	3
0004602	1
0004605	1
0004609	1
0004612	1
0004618	1
0004619	1
0004632	1
0004633	1
0004634	1
0004635	1
0004636	1
0004637	1
0004638	1
0004639	1
0004640	1
0004642	1
0004643	1
0004644	2
0004648	1
0004654	1
0004655	1
0004659	3
0004664	1
0004668	1
0004672	2
0004673	26
0004674	2
0004719	1
0004722	1
0004725	1
0004731	2
0004733	1
0004736	1
0004739	2
0004742	1
0004743	1
0004748	2
0004749	1
0004750	1
0004751	1
0004765	1
0004766	1
0004781	2
0004784	1
0004789	1
0004791	1
0004793	1
0004797	1
0004799	1
0004803	4
0004807	1
0004808	1
0004812	2
0004813	1
0004814	1
0004816	1
0004817	1
0004818	1
0004819	1
0004820	1
0004821	1
0004822	1
0004823	1
0004824	1
0004825	1
0004826	2
0004827	1
0004828	1
0004829	1
0004830	1
0004831	1
0004832	1
0004833	1
0004834	2
0004844	1
0004845	1
0004849	1
0004852	2
0004853	1
0004866	1
0005047	1
0005048	1
0005215	2
0005216	1
0005247	2
0005267	2
0005283	3
0005337	1
0005344	1
0005488	5
0005506	7
0005507	7
0005509	1
0005515	54
0005524	181
0005525	20
0005537	1
0005576	29
0005615	2
0005694	1
0005737	42
0005743	1
0005829	2
0005840	34
0005854	1
0005886	34
0005960	1
0005975	10
0005978	1
0006002	1
0006006	3
0006012	1
0006015	1
0006072	1
0006086	2
0006090	2
0006094	4
0006096	8
0006098	1
0006099	7
0006106	1
0006116	1
0006139	3
0006144	1
0006163	1
0006164	5
0006171	1
0006177	1
0006188	1
0006189	3
0006203	1
0006207	2
0006220	1
0006221	4
0006222	1
0006226	1
0006231	1
0006241	1
0006259	3
0006260	14
0006261	3
0006265	6
0006269	1
0006270	1
0006275	1
0006281	24
0006282	2
0006284	4
0006289	4
0006298	3
0006303	2
0006304	6
0006308	2
0006310	15
0006313	2
0006351	4
0006352	21
0006353	3
0006354	1
0006355	42
0006364	8
0006396	6
0006400	8
0006402	4
0006412	58
0006413	3
0006414	4
0006415	5
0006417	1
0006418	1
0006419	1
0006420	1
0006421	1
0006423	1
0006424	1
0006425	1
0006426	1
0006427	1
0006428	1
0006429	1
0006430	1
0006431	1
0006432	2
0006433	1
0006434	1
0006435	1
0006436	1
0006437	1
0006438	1
0006457	8
0006465	1
0006468	2
0006470	2
0006479	1
0006486	25
0006508	55
0006520	5
0006522	1
0006523	1
0006529	4
0006534	2
0006537	3
0006541	2
0006548	1
0006556	1
0006559	2
0006564	1
0006567	2
0006568	1
0006569	1
0006572	2
0006605	2
0006614	1
0006629	3
0006631	5
0006633	21
0006637	1
0006644	1
0006650	1
0006729	1
0006730	4
0006750	1
0006751	1
0006760	1
0006779	5
0006780	2
0006782	2
0006783	1
0006784	1
0006790	4
0006797	1
0006799	2
0006801	2
0006810	5
0006812	4
0006813	2
0006814	8
0006821	1
0006824	1
0006826	2
0006855	4
0006865	7
0006885	1
0006886	1
0006935	1
0006950	1
0006979	9
0007049	1
0007059	1
0007155	7
0007156	1
0007165	31
0008033	9
0008080	14
0008094	1
0008097	1
0008113	4
0008124	1
0008126	1
0008134	1
0008135	1
0008152	5
0008153	1
0008168	27
0008170	2
0008171	3
0008172	1
0008173	5
0008176	1
0008186	1
0008194	1
0008198	2
0008199	1
0008218	1
0008233	7
0008234	4
0008235	1
0008236	14
0008237	13
0008239	2
0008252	1
0008253	2
0008270	36
0008276	1
0008295	1
0008299	4
0008320	1
0008324	4
0008360	6
0008379	1
0008381	9
0008408	5
0008409	1
0008410	2
0008441	1
0008460	2
0008479	1
0008483	7
0008484	1
0008495	1
0008535	2
0008610	4
0008612	1
0008615	3
0008616	1
0008649	2
0008652	4
0008654	8
0008655	1
0008658	3
0008661	1
0008676	1
0008686	1
0008690	1
0008703	1
0008705	1
0008716	1
0008721	1
0008725	1
0008728	1
0008745	2
0008750	1
0008752	1
0008753	1
0008754	2
0008755	2
0008757	12
0008758	1
0008760	1
0008761	1
0008762	1
0008763	2
0008764	1
0008770	1
0008780	1
0008782	1
0008783	1
0008784	1
0008794	1
0008795	1
0008798	3
0008800	1
0008808	1
0008817	1
0008821	1
0008830	2
0008831	2
0008832	1
0008835	1
0008836	1
0008837	1
0008839	1
0008840	1
0008841	1
0008879	2
0008881	1
0008883	1
0008890	1
0008893	1
0008897	1
0008909	1
0008914	1
0008915	2
0008924	1
0008930	1
0008932	1
0008935	1
0008955	2
0008961	1
0008963	1
0008966	1
0008976	2
0008984	1
0008988	1
0009002	1
0009009	2
0009029	1
0009030	1
0009035	2
0009052	1
0009055	15
0009058	10
0009059	1
0009060	3
0009072	1
0009073	4
0009081	1
0009085	1
0009086	3
0009089	4
0009094	1
0009103	2
0009107	1
0009113	1
0009116	8
0009132	2
0009143	1
0009152	4
0009156	1
0009164	1
0009165	1
0009166	1
0009220	1
0009225	2
0009228	2
0009229	1
0009234	4
0009236	1
0009243	2
0009244	1
0009245	8
0009246	1
0009249	3
0009252	16
0009254	1
0009263	1
0009264	1
0009274	2
0009279	27
0009294	1
0009298	1
0009306	8
0009307	6
0009317	7
0009320	2
0009331	1
0009349	1
0009358	2
0009360	2
0009374	1
0009378	2
0009379	1
0009380	2
0009381	1
0009396	3
0009408	2
0009423	3
0009432	3
0009435	5
0009446	1
0009451	3
0009678	1
0009691	2
0009972	2
0009982	7
0010124	5
0010133	1
0010181	8
0015031	4
0015035	10
0015036	3
0015074	3
0015078	3
0015079	3
0015087	1
0015093	1
0015095	2
0015103	1
0015136	1
0015159	2
0015171	1
0015221	2
0015252	4
0015267	10
0015288	14
0015293	6
0015297	4
0015343	2
0015385	2
0015450	2
0015562	14
0015616	1
0015628	1
0015645	1
0015648	1
0015662	1
0015663	1
0015693	2
0015739	1
0015774	2
0015833	3
0015890	1
0015891	9
0015914	1
0015920	2
0015930	3
0015934	8
0015935	6
0015936	1
0015937	3
0015940	2
0015941	1
0015949	2
0015970	1
0015986	7
0015990	1
0016020	172
0016024	1
0016051	1
0016075	2
0016114	1
0016116	4
0016117	4
0016149	3
0016151	1
0016153	1
0016208	1
0016209	2
0016226	7
0016301	2
0016310	4
0016311	4
0016403	1
0016407	2
0016410	1
0016430	1
0016433	1
0016434	1
0016462	1
0016491	56
0016597	1
0016614	1
0016616	5
0016620	4
0016627	2
0016628	2
0016638	3
0016639	3
0016646	1
0016655	4
0016684	1
0016703	1
0016705	2
0016706	1
0016709	1
0016717	2
0016722	1
0016740	16
0016746	22
0016747	6
0016757	43
0016758	4
0016763	1
0016765	6
0016773	1
0016776	1
0016779	6
0016780	6
0016782	2
0016783	1
0016787	61
0016788	7
0016790	9
0016791	6
0016798	4
0016799	1
0016810	4
0016812	4
0016817	2
0016818	1
0016829	5
0016830	1
0016831	1
0016832	1
0016835	1
0016836	4
0016840	1
0016841	1
0016846	1
0016853	4
0016866	1
0016868	1
0016872	1
0016874	8
0016879	1
0016887	61
0016891	1
0016901	3
0016903	3
0016987	22
0016989	1
0016992	1
0017000	2
0017004	1
0017013	2
0017118	1
0017136	1
0017148	2
0017150	2
0018339	1
0018364	1
0018455	1
0019104	1
0019136	1
0019172	1
0019205	1
0019213	1
0019239	3
0019241	1
0019264	1
0019277	1
0019305	8
0019333	1
0019346	3
0019427	1
0019430	1
0019441	1
0019464	3
0019509	1
0019556	1
0019619	1
0019646	1
0019752	1
0019825	1
0019829	2
0019843	3
0019867	2
0020037	16
0022625	5
0022627	3
0022841	2
0022857	49
0022904	1
0030001	6
0030091	7
0030145	1
0030170	23
0030246	4
0030261	2
0030272	1
0030288	3
0030416	1
0030420	2
0030428	1
0030429	1
0030435	1
0030488	2
0030497	1
0030527	1
0030552	4
0030554	3
0030639	1
0030655	1
0030955	1
0030976	3
0030983	4
0031071	2
0031167	2
0031240	36
0031419	6
0031992	1
0032049	1
0032259	17
0032508	1
0032784	5
0033014	4
0033281	1
0033743	3
0033744	3
0033818	1
0033819	1
0033856	1
0033862	1
0033922	1
0033971	1
0034028	1
0034220	4
0034702	1
0034707	1
0035598	1
0035632	1
0036211	4
0036374	1
0038023	2
0042026	2
0042132	1
0042173	1
0042254	3
0042274	1
0042286	1
0042372	1
0042578	6
0042586	1
0042625	1
0042626	39
0042732	1
0042773	1
0042780	1
0042802	16
0042803	2
0042834	9
0042853	1
0042908	4
0042910	3
0042953	1
0043022	5
0043093	2
0043138	1
0043170	1
0043190	10
0043295	1
0043565	5
0043687	1
0043934	1
0043952	2
0043953	2
0044874	1
0045027	1
0045148	1
0045182	3
0045239	1
0045240	5
0045252	1
0045254	2
0045259	7
0045277	1
0045892	2
0045900	1
0045910	1
0046081	1
0046118	1
0046167	1
0046348	1
0046416	1
0046417	1
0046428	1
0046654	4
0046677	4
0046685	1
0046820	1
0046872	123
0046873	3
0046912	1
0046914	1
0046933	5
0046983	2
0047294	1
0047429	2
0047475	1
0047480	1
0047617	2
0047834	1
0047952	1
0048038	1
0048040	1
0048501	1
0050136	1
0050304	1
0050380	1
0050415	2
0050421	1
0050480	1
0050511	1
0050570	1
0050660	15
0050661	6
0051082	6
0051083	1
0051087	1
0051117	1
0051205	1
0051213	1
0051235	1
0051287	13
0051301	10
0051536	10
0051537	1
0051539	12
0051540	1
0051920	3
0051983	1
0051989	1
0052381	1
0052624	1
0052693	1
0052699	1
0052873	1
0052906	1
0052929	1
0055052	9
0055085	78
0061710	2
0070006	3
0070007	1
0070008	1
0070009	2
0070063	2
0070085	1
0070204	1
0070395	1
0070401	2
0070402	1
0070403	14
0070475	1
0070573	1
0070905	1
0070968	3
0071555	5
0071586	1
0071709	1
0071793	3
0071805	2
0071949	10
0071951	1
0089714	1
0090729	4
0097266	1
0097347	1
0097351	1
0097367	2
0098662	1
0098775	1
0098777	1
0103117	1
0103118	1
0106219	1
0106408	1
0110001	13
0120225	3
0140098	1
0140327	1
0140358	2
0140359	44
0140662	2
0141098	1
0170035	1
1901137	2
1901642	1
1901893	1
1902600	4
1903424	1
1903425	1
1904047	36
1904680	3
1905887	3
