0000015	1
0000035	1
0000036	1
0000049	3
0000098	1
0000103	2
0000105	10
0000107	2
0000150	5
0000155	93
0000156	85
0000160	123
0000162	6
0000166	68
0000179	1
0000215	1
0000270	6
0000271	2
0000272	4
0000286	1
0000287	20
0000302	1
0000309	1
0000311	1
0000314	3
0000315	3
0000373	7
0000400	1
0000413	2
0000451	1
0000724	2
0000774	1
0000902	1
0000906	1
0000910	2
0000917	1
0000918	3
0001216	1
0001228	1
0001510	2
0001522	9
0001539	4
0001558	3
0001680	1
0001727	1
0001887	1
0001968	1
0002098	1
0002100	1
0002161	3
0002189	1
0002196	1
0002949	3
0003333	1
0003676	27
0003677	520
0003678	11
0003682	1
0003684	4
0003688	1
0003690	5
0003697	5
0003700	357
0003723	42
0003725	1
0003729	2
0003735	57
0003743	4
0003746	4
0003747	1
0003755	6
0003774	4
0003810	1
0003824	92
0003842	1
0003844	1
0003848	1
0003849	1
0003852	3
0003855	1
0003856	1
0003857	1
0003861	2
0003862	1
0003864	1
0003866	1
0003871	1
0003879	1
0003882	1
0003883	1
0003885	1
0003887	9
0003899	7
0003906	1
0003908	2
0003911	1
0003916	5
0003917	2
0003918	4
0003919	1
0003922	1
0003924	21
0003934	1
0003935	1
0003937	1
0003938	1
0003941	2
0003942	1
0003949	1
0003950	1
0003951	2
0003952	1
0003954	4
0003964	7
0003977	1
0003978	1
0003983	3
0003984	1
0003985	1
0003989	4
0003991	1
0003993	1
0003994	1
0003995	1
0003999	1
0004013	1
0004014	1
0004016	1
0004018	1
0004019	1
0004022	2
0004035	2
0004040	3
0004044	1
0004045	2
0004047	1
0004048	1
0004049	1
0004053	1
0004055	1
0004056	2
0004066	1
0004068	1
0004070	1
0004072	2
0004073	1
0004075	1
0004077	1
0004084	2
0004088	1
0004089	1
0004096	1
0004106	1
0004107	2
0004112	4
0004124	2
0004126	1
0004127	1
0004129	4
0004132	1
0004139	1
0004140	1
0004146	4
0004148	5
0004149	1
0004150	1
0004151	1
0004152	2
0004156	1
0004157	1
0004160	2
0004170	1
0004175	1
0004176	5
0004177	7
0004180	2
0004181	4
0004190	5
0004222	18
0004252	16
0004298	1
0004308	2
0004314	1
0004315	4
0004316	2
0004318	1
0004325	3
0004326	1
0004329	1
0004332	4
0004333	1
0004335	1
0004340	1
0004342	1
0004345	3
0004347	1
0004348	2
0004349	1
0004350	1
0004355	1
0004356	2
0004358	1
0004359	3
0004360	1
0004368	1
0004370	2
0004371	1
0004372	1
0004373	1
0004375	6
0004385	1
0004386	8
0004399	1
0004400	1
0004401	1
0004412	1
0004413	2
0004414	1
0004417	1
0004418	1
0004424	1
0004425	1
0004427	1
0004450	1
0004451	1
0004452	1
0004459	2
0004474	1
0004476	2
0004478	1
0004479	1
0004488	2
0004494	1
0004497	6
0004514	1
0004515	1
0004516	2
0004518	5
0004519	16
0004521	6
0004523	2
0004525	1
0004526	1
0004527	3
0004529	1
0004534	1
0004536	3
0004540	2
0004550	1
0004553	34
0004556	2
0004557	2
0004559	2
0004560	5
0004565	7
0004567	1
0004568	2
0004574	2
0004585	2
0004587	1
0004588	1
0004590	1
0004591	1
0004592	1
0004594	2
0004595	1
0004601	2
0004602	2
0004604	1
0004605	1
0004609	1
0004616	1
0004617	1
0004618	1
0004619	2
0004632	1
0004633	1
0004634	1
0004635	1
0004636	1
0004637	1
0004638	2
0004639	1
0004640	1
0004641	1
0004642	2
0004643	1
0004644	1
0004648	1
0004654	1
0004655	1
0004659	3
0004664	1
0004668	1
0004672	3
0004673	81
0004674	4
0004713	2
0004715	1
0004722	4
0004725	1
0004729	1
0004731	4
0004733	1
0004735	2
0004739	1
0004743	1
0004747	3
0004748	3
0004749	2
0004750	1
0004751	2
0004756	1
0004764	1
0004765	1
0004781	1
0004783	2
0004784	1
0004788	1
0004789	1
0004791	2
0004793	1
0004794	1
0004795	2
0004797	1
0004798	2
0004799	1
0004802	1
0004803	72
0004807	1
0004812	4
0004813	3
0004814	2
0004816	1
0004817	1
0004818	1
0004819	2
0004820	3
0004821	1
0004822	1
0004823	1
0004824	1
0004825	2
0004826	2
0004827	2
0004828	2
0004829	2
0004830	2
0004831	1
0004832	1
0004834	3
0004837	1
0004844	1
0004845	1
0004849	1
0004851	1
0004852	1
0004853	1
0004854	1
0004856	1
0004857	1
0004888	1
0005047	1
0005048	1
0005085	1
0005198	15
0005215	12
0005283	2
0005315	1
0005337	2
0005381	1
0005388	1
0005436	1
0005488	8
0005506	9
0005507	5
0005509	1
0005515	33
0005518	1
0005524	435
0005525	31
0005537	1
0005576	15
0005694	3
0005737	59
0005829	4
0005840	33
0005854	1
0005886	105
0005948	1
0005960	1
0005971	1
0005975	90
0005978	4
0005996	2
0005997	1
0006002	1
0006006	5
0006007	1
0006011	4
0006012	3
0006014	3
0006015	1
0006020	1
0006044	2
0006048	1
0006051	1
0006064	2
0006066	1
0006071	3
0006072	2
0006082	1
0006086	1
0006089	2
0006090	1
0006094	3
0006096	15
0006097	1
0006098	7
0006099	8
0006106	1
0006109	2
0006116	4
0006119	1
0006139	4
0006144	2
0006147	1
0006163	1
0006164	5
0006166	1
0006168	1
0006171	1
0006177	1
0006189	8
0006207	2
0006213	1
0006220	1
0006221	6
0006222	1
0006226	1
0006231	2
0006233	2
0006241	1
0006259	4
0006260	21
0006261	2
0006265	13
0006269	1
0006270	1
0006275	1
0006281	31
0006282	1
0006284	4
0006285	1
0006289	4
0006298	2
0006302	3
0006303	1
0006308	2
0006310	29
0006313	14
0006351	6
0006352	51
0006353	4
0006355	382
0006364	11
0006388	1
0006396	5
0006397	1
0006400	11
0006402	4
0006412	63
0006413	4
0006414	4
0006415	4
0006418	3
0006419	3
0006420	2
0006421	1
0006423	1
0006424	3
0006425	2
0006426	3
0006427	1
0006428	1
0006429	1
0006430	1
0006431	2
0006432	2
0006433	2
0006434	2
0006435	2
0006436	2
0006437	1
0006438	1
0006450	1
0006457	9
0006465	2
0006468	4
0006470	5
0006482	1
0006486	16
0006508	78
0006520	8
0006522	1
0006523	1
0006525	2
0006526	4
0006527	1
0006529	1
0006534	1
0006535	3
0006537	2
0006541	2
0006542	2
0006546	6
0006556	1
0006561	4
0006562	1
0006564	2
0006565	2
0006567	2
0006568	1
0006572	1
0006592	2
0006605	3
0006614	1
0006629	10
0006631	2
0006633	14
0006635	1
0006637	1
0006654	1
0006665	2
0006729	1
0006730	3
0006741	1
0006744	2
0006760	1
0006772	2
0006777	9
0006779	4
0006780	1
0006783	3
0006785	1
0006790	3
0006801	1
0006810	8
0006812	9
0006813	4
0006814	6
0006816	2
0006817	9
0006824	2
0006826	4
0006855	9
0006865	17
0006885	1
0006886	4
0006935	14
0006950	1
0006979	2
0007059	3
0007155	1
0007165	106
0008033	12
0008061	2
0008080	96
0008081	3
0008094	1
0008097	2
0008124	1
0008134	2
0008135	1
0008152	16
0008168	43
0008170	1
0008171	3
0008173	2
0008175	1
0008176	1
0008186	1
0008193	1
0008194	1
0008199	1
0008233	28
0008234	5
0008236	22
0008237	5
0008251	1
0008253	2
0008263	1
0008270	47
0008289	5
0008295	2
0008299	8
0008324	7
0008360	11
0008374	2
0008379	2
0008381	2
0008408	6
0008409	2
0008412	2
0008444	2
0008448	2
0008460	1
0008479	1
0008483	2
0008495	1
0008519	1
0008534	2
0008556	3
0008610	4
0008615	2
0008616	4
0008641	2
0008643	125
0008649	3
0008652	2
0008654	6
0008655	1
0008658	7
0008661	1
0008662	1
0008663	2
0008664	1
0008685	1
0008686	1
0008697	1
0008703	2
0008705	1
0008706	1
0008716	2
0008725	1
0008728	4
0008734	1
0008736	1
0008740	1
0008741	1
0008742	1
0008743	1
0008745	8
0008752	3
0008753	5
0008754	1
0008755	1
0008757	18
0008760	3
0008761	3
0008762	1
0008763	1
0008764	1
0008773	1
0008782	2
0008783	1
0008784	1
0008785	1
0008795	1
0008797	1
0008801	2
0008804	2
0008808	3
0008817	1
0008818	1
0008821	2
0008830	1
0008831	1
0008833	1
0008835	1
0008836	1
0008837	1
0008838	1
0008839	1
0008840	2
0008841	1
0008851	1
0008855	2
0008861	1
0008863	1
0008864	1
0008878	3
0008880	1
0008881	2
0008883	1
0008887	1
0008888	1
0008890	1
0008892	1
0008893	1
0008897	3
0008902	2
0008907	1
0008924	1
0008926	1
0008927	1
0008929	1
0008930	2
0008932	1
0008933	1
0008934	1
0008939	1
0008940	3
0008941	1
0008942	2
0008955	9
0008961	1
0008962	3
0008963	2
0008964	1
0008965	4
0008966	1
0008972	3
0008973	1
0008982	5
0008984	1
0008987	1
0008990	1
0008993	2
0008994	1
0008999	1
0009001	1
0009002	4
0009007	2
0009009	6
0009022	1
0009035	1
0009037	1
0009039	2
0009045	1
0009052	2
0009055	18
0009058	11
0009060	1
0009061	1
0009073	7
0009081	2
0009082	4
0009086	7
0009088	4
0009089	9
0009094	1
0009097	2
0009098	6
0009099	1
0009103	2
0009107	2
0009113	2
0009116	7
0009117	2
0009132	7
0009143	1
0009146	1
0009152	2
0009156	2
0009164	2
0009165	1
0009166	5
0009220	1
0009225	1
0009226	1
0009228	7
0009234	5
0009236	7
0009240	1
0009243	1
0009245	1
0009246	1
0009247	4
0009249	5
0009252	29
0009253	5
0009254	2
0009255	1
0009263	2
0009264	1
0009288	4
0009294	1
0009297	2
0009298	1
0009306	11
0009307	5
0009311	2
0009316	2
0009317	5
0009318	2
0009320	1
0009325	3
0009326	2
0009331	2
0009337	2
0009341	1
0009349	1
0009360	3
0009368	5
0009376	2
0009378	2
0009379	1
0009380	3
0009381	1
0009396	2
0009399	1
0009401	11
0009403	1
0009408	2
0009423	3
0009424	2
0009425	4
0009431	2
0009432	5
0009435	8
0009446	1
0009451	4
0009486	4
0009650	1
0009691	2
0009847	29
0009898	2
0009966	3
0009972	2
0009975	3
0009982	9
0010124	1
0010181	24
0010308	1
0010309	1
0010468	1
0015031	3
0015035	10
0015036	7
0015074	6
0015078	7
0015079	2
0015087	2
0015093	1
0015095	2
0015103	1
0015129	1
0015136	1
0015171	6
0015204	1
0015205	5
0015267	1
0015293	8
0015295	1
0015297	8
0015369	1
0015385	4
0015412	2
0015415	6
0015416	5
0015419	3
0015424	4
0015439	1
0015444	2
0015450	4
0015485	1
0015562	6
0015628	3
0015643	1
0015648	3
0015662	4
0015663	1
0015689	2
0015693	4
0015697	1
0015716	5
0015727	1
0015739	1
0015803	2
0015833	1
0015846	2
0015851	5
0015886	1
0015890	1
0015930	1
0015934	8
0015935	6
0015937	4
0015940	2
0015941	1
0015942	2
0015949	3
0015969	3
0015970	1
0015976	1
0015977	1
0015986	8
0015990	7
0016020	423
0016024	1
0016032	3
0016052	3
0016075	1
0016114	1
0016116	1
0016117	1
0016149	2
0016151	6
0016154	1
0016209	1
0016226	9
0016298	1
0016301	29
0016310	35
0016311	4
0016407	5
0016413	3
0016430	1
0016433	2
0016434	1
0016462	1
0016491	107
0016530	1
0016597	1
0016614	3
0016616	11
0016620	5
0016624	2
0016627	3
0016628	1
0016639	1
0016655	3
0016661	1
0016682	4
0016684	1
0016701	2
0016703	1
0016705	4
0016712	1
0016722	1
0016740	7
0016746	89
0016747	27
0016757	32
0016758	6
0016763	2
0016765	4
0016772	1
0016773	2
0016774	1
0016776	2
0016779	9
0016780	6
0016782	1
0016783	3
0016787	168
0016788	8
0016790	7
0016791	9
0016798	3
0016799	4
0016805	1
0016810	13
0016811	1
0016817	7
0016818	3
0016823	1
0016829	10
0016830	1
0016831	6
0016832	2
0016835	1
0016836	3
0016853	18
0016857	1
0016861	1
0016866	1
0016868	1
0016872	1
0016874	6
0016879	1
0016884	2
0016887	180
0016891	1
0016901	1
0016903	2
0016977	1
0016987	53
0016989	1
0016990	1
0016992	1
0017000	3
0017004	9
0017013	1
0017038	2
0017111	1
0017118	2
0017148	3
0017150	2
0017168	2
0018104	4
0018277	1
0018364	1
0018580	1
0019062	1
0019068	5
0019082	1
0019104	2
0019134	1
0019172	1
0019200	5
0019205	1
0019213	3
0019242	1
0019262	1
0019264	1
0019277	3
0019288	3
0019299	2
0019301	3
0019305	4
0019310	5
0019317	1
0019344	1
0019346	1
0019354	2
0019379	1
0019430	2
0019464	2
0019509	5
0019521	1
0019538	1
0019546	1
0019547	1
0019568	2
0019594	1
0019627	2
0019629	1
0019632	1
0019634	2
0019645	1
0019646	1
0019647	1
0019679	1
0019700	3
0019746	1
0019752	4
0019808	2
0019825	2
0019829	4
0019835	1
0019843	3
0019867	1
0020037	16
0022625	5
0022627	3
0022857	127
0022877	1
0022900	1
0030001	5
0030091	2
0030115	7
0030145	3
0030151	2
0030152	1
0030153	1
0030170	27
0030246	11
0030261	3
0030272	1
0030288	2
0030366	1
0030388	2
0030416	1
0030420	1
0030435	7
0030436	43
0030488	3
0030527	1
0030552	8
0030554	7
0030604	1
0030639	1
0030643	1
0030694	2
0030955	1
0030956	2
0030973	1
0030976	9
0030983	4
0031004	3
0031071	1
0031072	1
0031167	3
0031179	2
0031419	2
0031469	5
0031522	2
0032049	3
0032196	3
0032259	22
0032300	1
0032466	1
0032784	3
0032993	1
0033014	4
0033212	1
0033228	2
0033230	2
0033232	4
0033573	1
0033739	1
0033743	1
0033818	1
0033819	1
0033862	2
0033922	1
0034220	3
0034301	1
0034618	1
0034755	1
0034979	1
0035435	1
0035438	1
0035550	1
0036211	6
0042026	1
0042126	2
0042128	1
0042132	1
0042173	1
0042174	1
0042254	6
0042274	1
0042286	2
0042450	4
0042545	1
0042546	2
0042578	7
0042586	2
0042597	2
0042626	313
0042732	1
0042742	1
0042773	1
0042780	1
0042802	4
0042803	3
0042823	2
0042834	6
0042853	1
0042908	1
0042910	6
0042918	1
0043022	8
0043039	1
0043093	3
0043094	1
0043101	2
0043115	1
0043169	1
0043190	36
0043295	2
0043365	2
0043419	2
0043462	1
0043546	4
0043565	44
0043571	7
0043714	1
0043743	1
0043752	1
0043800	1
0043801	1
0043811	1
0043822	1
0043856	1
0043858	1
0043934	1
0043937	2
0043952	4
0043953	1
0044205	1
0044341	1
0044423	4
0044780	8
0044781	2
0045027	1
0045127	3
0045148	1
0045151	1
0045152	1
0045182	1
0045239	1
0045240	3
0045252	1
0045254	1
0045259	6
0045454	2
0045490	1
0045717	1
0045735	1
0045881	1
0045892	16
0045910	2
0045936	1
0045982	1
0046081	1
0046110	2
0046118	1
0046168	1
0046306	1
0046314	1
0046316	1
0046348	1
0046349	1
0046373	1
0046415	1
0046417	1
0046421	1
0046429	1
0046522	1
0046523	1
0046556	1
0046654	5
0046677	9
0046688	1
0046718	1
0046835	1
0046857	1
0046872	184
0046873	2
0046912	2
0046914	1
0046919	1
0046933	6
0046983	5
0047151	1
0047304	1
0047420	1
0047429	3
0047465	1
0047480	1
0047547	1
0047590	1
0047605	1
0047617	3
0047727	1
0047804	2
0047834	1
0047850	1
0047952	1
0048029	1
0048034	1
0048038	1
0048472	1
0048473	4
0048501	1
0050112	1
0050114	1
0050131	1
0050135	1
0050136	5
0050151	1
0050194	1
0050242	1
0050334	1
0050380	1
0050456	2
0050511	3
0050515	1
0050518	1
0050525	1
0050567	2
0050568	1
0050660	32
0050661	18
0050797	1
0050992	1
0051007	1
0051060	2
0051073	1
0051082	6
0051083	1
0051087	1
0051117	1
0051119	2
0051131	1
0051144	1
0051156	1
0051213	6
0051287	17
0051301	17
0051302	1
0051304	1
0051409	1
0051536	17
0051537	6
0051539	16
0051540	1
0051603	1
0051606	1
0051607	2
0051745	1
0051920	3
0051989	1
0052381	1
0052621	4
0052689	7
0052693	1
0052873	2
0052906	1
0052913	1
0055051	2
0055052	72
0055085	337
0061077	1
0061503	1
0061599	1
0061603	1
0061710	1
0061712	1
0061799	1
0062192	1
0070006	11
0070007	8
0070063	2
0070069	3
0070085	1
0070395	4
0070401	4
0070402	1
0070403	29
0070475	2
0070573	1
0070726	5
0070733	1
0070905	1
0070908	1
0070968	2
0071111	2
0071267	1
0071555	18
0071586	6
0071704	3
0071793	3
0071918	1
0071949	12
0071951	1
0071972	4
0071973	11
0072344	1
0072488	1
0089714	1
0090529	1
0097163	1
0097351	3
0097367	5
0098026	1
0098847	1
0102039	1
0106141	1
0106219	2
0110001	2
0120225	2
0140078	2
0140098	2
0140110	6
0140358	3
0140359	340
0140657	1
0140658	1
0140662	2
0140741	1
0160105	1
1901135	1
1901137	2
1901642	2
1901891	1
1902358	2
1902495	2
1902600	6
1903826	1
1904047	46
1905887	4
1990112	1
1990204	1
1990397	1
1990586	1
1990610	1
