0000015	1
0000049	5
0000098	2
0000103	1
0000104	2
0000105	11
0000107	2
0000150	6
0000155	23
0000156	27
0000160	55
0000162	5
0000166	41
0000179	1
0000210	1
0000255	1
0000256	3
0000270	4
0000271	11
0000287	22
0000310	1
0000311	1
0000314	3
0000315	3
0000413	2
0000451	1
0000724	2
0000774	2
0000902	1
0000906	2
0000910	2
0000917	1
0000921	1
0001216	6
0001510	3
0001522	6
0001530	1
0001539	7
0001558	1
0001932	1
0002098	1
0002161	1
0002943	1
0002949	3
0003676	28
0003677	251
0003678	7
0003684	7
0003688	1
0003697	6
0003700	181
0003723	33
0003725	1
0003729	1
0003735	54
0003743	3
0003746	5
0003747	1
0003755	6
0003774	8
0003824	82
0003842	1
0003844	1
0003848	1
0003849	1
0003852	1
0003855	2
0003856	1
0003857	1
0003858	1
0003861	2
0003862	1
0003864	1
0003866	1
0003868	1
0003870	1
0003871	2
0003879	1
0003882	1
0003883	1
0003887	12
0003899	5
0003905	1
0003906	1
0003908	4
0003910	1
0003911	1
0003913	1
0003916	1
0003917	2
0003918	4
0003919	1
0003922	1
0003924	15
0003934	1
0003937	1
0003938	1
0003941	1
0003942	1
0003949	1
0003951	1
0003952	1
0003954	2
0003955	1
0003959	1
0003960	3
0003977	1
0003978	2
0003983	1
0003984	1
0003985	2
0003987	1
0003989	5
0003991	1
0003994	1
0003995	15
0003999	1
0004013	1
0004018	1
0004019	2
0004020	1
0004022	3
0004035	2
0004039	1
0004040	1
0004044	1
0004045	1
0004047	1
0004048	1
0004049	1
0004053	1
0004055	1
0004056	1
0004057	1
0004066	1
0004070	1
0004072	1
0004073	1
0004075	2
0004076	1
0004077	1
0004084	1
0004088	1
0004089	1
0004096	1
0004107	1
0004108	1
0004109	1
0004112	1
0004127	1
0004129	3
0004134	1
0004140	1
0004143	1
0004146	2
0004148	2
0004149	1
0004150	1
0004151	1
0004152	1
0004156	1
0004157	3
0004170	1
0004174	1
0004176	3
0004177	3
0004190	4
0004197	6
0004222	6
0004252	17
0004298	1
0004309	1
0004311	1
0004314	1
0004315	4
0004316	1
0004318	1
0004322	1
0004324	1
0004325	1
0004326	2
0004328	1
0004332	2
0004333	3
0004334	1
0004345	1
0004349	1
0004350	1
0004356	3
0004357	1
0004358	1
0004359	1
0004360	1
0004362	1
0004363	1
0004364	2
0004368	1
0004370	1
0004372	1
0004373	1
0004375	1
0004385	1
0004386	2
0004397	1
0004399	1
0004400	1
0004401	1
0004411	1
0004412	1
0004413	1
0004416	1
0004418	1
0004424	1
0004425	1
0004427	1
0004450	1
0004451	1
0004470	1
0004471	1
0004474	1
0004478	1
0004479	1
0004488	1
0004489	1
0004494	1
0004497	18
0004505	1
0004516	1
0004518	6
0004519	4
0004521	2
0004523	3
0004525	1
0004526	1
0004534	1
0004536	1
0004540	4
0004550	1
0004553	3
0004585	1
0004588	1
0004590	1
0004591	1
0004592	1
0004594	1
0004595	1
0004601	5
0004602	2
0004604	1
0004605	1
0004612	1
0004614	1
0004617	1
0004618	1
0004619	1
0004632	1
0004633	1
0004634	1
0004635	1
0004636	2
0004637	1
0004638	1
0004639	2
0004640	1
0004641	1
0004642	2
0004643	1
0004644	1
0004648	1
0004654	1
0004655	1
0004657	1
0004659	3
0004664	1
0004671	1
0004672	2
0004673	23
0004674	1
0004719	2
0004733	1
0004735	1
0004739	3
0004742	1
0004743	1
0004748	2
0004749	1
0004750	1
0004751	1
0004764	2
0004766	2
0004781	1
0004784	3
0004789	1
0004791	1
0004792	1
0004794	2
0004795	1
0004798	1
0004799	1
0004802	1
0004803	27
0004805	1
0004807	1
0004812	3
0004813	1
0004814	1
0004817	1
0004818	1
0004819	1
0004820	2
0004821	1
0004822	1
0004823	1
0004824	2
0004825	1
0004826	2
0004827	1
0004828	1
0004829	1
0004830	1
0004831	1
0004832	1
0004834	2
0004844	1
0004846	1
0004847	1
0004851	1
0004852	2
0004853	1
0004866	1
0004888	10
0005047	1
0005048	1
0005198	16
0005215	44
0005247	2
0005254	1
0005315	1
0005337	1
0005344	1
0005488	9
0005506	8
0005507	8
0005509	2
0005515	46
0005524	321
0005525	35
0005576	1
0005694	3
0005737	53
0005739	1
0005829	7
0005840	30
0005854	1
0005886	96
0005948	2
0005960	1
0005975	25
0005978	1
0005980	3
0005991	1
0005992	3
0006006	2
0006012	2
0006015	2
0006020	1
0006040	1
0006048	1
0006071	1
0006072	3
0006086	3
0006090	2
0006094	2
0006096	6
0006097	1
0006098	4
0006099	11
0006102	1
0006106	2
0006116	2
0006120	2
0006163	1
0006164	6
0006168	1
0006177	1
0006189	7
0006207	4
0006212	1
0006221	3
0006226	1
0006231	1
0006233	1
0006241	1
0006259	1
0006260	19
0006261	1
0006265	6
0006269	1
0006270	1
0006275	1
0006281	30
0006284	5
0006289	3
0006298	2
0006303	2
0006308	2
0006310	23
0006313	2
0006351	5
0006352	19
0006353	3
0006355	191
0006364	7
0006396	6
0006400	8
0006402	4
0006412	57
0006413	3
0006414	5
0006415	5
0006417	1
0006418	2
0006419	1
0006420	1
0006423	1
0006424	3
0006425	1
0006426	2
0006427	1
0006428	1
0006429	1
0006430	2
0006431	1
0006432	2
0006433	1
0006434	1
0006435	1
0006436	1
0006437	1
0006438	1
0006450	1
0006457	11
0006465	3
0006468	1
0006470	1
0006479	1
0006482	1
0006486	15
0006508	44
0006520	5
0006522	2
0006526	3
0006529	1
0006534	1
0006535	1
0006537	2
0006541	2
0006542	3
0006546	1
0006547	1
0006548	2
0006556	1
0006559	5
0006561	3
0006564	3
0006568	1
0006572	4
0006574	1
0006592	2
0006605	3
0006614	1
0006629	5
0006631	11
0006633	14
0006635	1
0006637	1
0006654	2
0006730	4
0006741	1
0006744	4
0006749	21
0006750	4
0006751	3
0006760	1
0006777	7
0006779	4
0006780	1
0006782	1
0006783	1
0006790	3
0006793	1
0006796	1
0006797	1
0006798	1
0006799	1
0006801	3
0006808	5
0006810	54
0006811	9
0006812	11
0006813	3
0006814	2
0006816	1
0006817	6
0006821	2
0006825	4
0006826	2
0006833	1
0006835	3
0006848	2
0006855	6
0006865	11
0006879	1
0006885	2
0006886	3
0006935	22
0006950	2
0006972	1
0006979	9
0007059	5
0007155	1
0007165	36
0008033	11
0008080	23
0008094	1
0008097	1
0008113	2
0008134	3
0008135	1
0008137	8
0008152	17
0008168	28
0008170	6
0008172	1
0008173	3
0008176	1
0008177	1
0008186	1
0008194	2
0008199	2
0008233	9
0008234	3
0008236	4
0008237	8
0008252	1
0008253	1
0008270	30
0008276	2
0008299	5
0008311	1
0008320	1
0008324	8
0008360	4
0008374	1
0008379	3
0008381	2
0008408	6
0008409	1
0008410	6
0008412	1
0008422	1
0008441	1
0008442	1
0008444	1
0008446	1
0008460	1
0008479	1
0008483	5
0008490	2
0008495	1
0008519	1
0008534	1
0008556	2
0008610	6
0008615	5
0008616	4
0008643	24
0008649	1
0008652	2
0008654	6
0008658	2
0008660	1
0008661	2
0008664	1
0008666	1
0008674	1
0008675	1
0008676	1
0008677	2
0008684	3
0008685	1
0008686	1
0008687	1
0008690	1
0008700	1
0008703	1
0008705	1
0008712	1
0008716	1
0008718	1
0008725	1
0008726	2
0008728	1
0008745	2
0008750	1
0008752	2
0008753	4
0008754	2
0008755	2
0008757	19
0008758	2
0008760	1
0008762	1
0008763	1
0008764	1
0008773	1
0008780	1
0008782	1
0008784	2
0008794	2
0008800	1
0008817	2
0008818	1
0008821	1
0008824	1
0008829	1
0008830	1
0008831	1
0008835	1
0008836	1
0008837	1
0008839	1
0008840	2
0008841	2
0008851	1
0008855	2
0008863	1
0008864	1
0008867	1
0008873	1
0008875	1
0008879	1
0008881	1
0008882	1
0008887	1
0008893	1
0008897	1
0008902	1
0008914	1
0008915	1
0008920	1
0008930	1
0008932	3
0008933	6
0008934	1
0008939	1
0008949	1
0008955	4
0008961	1
0008963	1
0008964	1
0008965	1
0008966	1
0008972	1
0008976	3
0008982	2
0008984	1
0008988	1
0008999	1
0009001	1
0009002	2
0009009	2
0009014	1
0009022	1
0009027	2
0009029	1
0009030	1
0009037	1
0009039	2
0009052	1
0009055	29
0009058	13
0009060	1
0009061	1
0009073	4
0009081	1
0009082	2
0009086	6
0009088	2
0009089	8
0009094	1
0009097	3
0009098	3
0009099	2
0009102	1
0009103	3
0009107	1
0009113	2
0009116	4
0009132	5
0009152	2
0009156	1
0009165	1
0009166	1
0009190	4
0009220	1
0009225	2
0009228	7
0009236	13
0009240	2
0009243	1
0009244	1
0009245	6
0009249	2
0009252	21
0009253	1
0009254	1
0009255	1
0009263	1
0009268	3
0009274	2
0009279	33
0009288	9
0009291	6
0009292	2
0009294	1
0009297	7
0009303	1
0009306	9
0009310	1
0009313	1
0009316	2
0009317	6
0009318	1
0009320	1
0009326	3
0009331	2
0009336	1
0009340	1
0009349	2
0009358	1
0009360	1
0009368	1
0009376	2
0009378	2
0009379	1
0009380	2
0009381	1
0009394	1
0009396	2
0009399	1
0009401	3
0009408	2
0009423	4
0009424	2
0009425	1
0009426	2
0009427	2
0009428	3
0009431	2
0009432	6
0009435	3
0009439	1
0009448	1
0009451	5
0009486	4
0009678	1
0009691	1
0009712	1
0009898	5
0009966	2
0009975	7
0009982	6
0010045	1
0010124	1
0010128	3
0010133	1
0010181	44
0010257	2
0010468	1
0010945	1
0010951	1
0015031	10
0015035	5
0015036	6
0015074	9
0015078	4
0015079	2
0015093	1
0015095	1
0015098	2
0015103	3
0015109	8
0015112	2
0015129	2
0015136	1
0015159	2
0015221	3
0015232	3
0015250	1
0015252	1
0015267	6
0015288	12
0015291	3
0015293	8
0015295	1
0015297	5
0015343	6
0015369	1
0015385	2
0015415	3
0015416	5
0015419	6
0015424	3
0015439	1
0015441	1
0015444	1
0015450	4
0015474	1
0015556	1
0015562	25
0015616	1
0015628	3
0015645	1
0015648	1
0015658	3
0015662	4
0015689	4
0015693	2
0015700	2
0015703	8
0015706	2
0015716	8
0015724	1
0015727	2
0015739	1
0015740	8
0015774	2
0015775	1
0015794	1
0015803	43
0015833	2
0015840	10
0015846	1
0015886	3
0015891	8
0015914	1
0015920	3
0015930	2
0015934	8
0015935	5
0015937	4
0015940	4
0015941	1
0015942	2
0015949	2
0015970	1
0015976	1
0015977	1
0015986	7
0015990	4
0016019	1
0016020	350
0016024	1
0016034	1
0016042	2
0016075	1
0016114	1
0016116	1
0016117	2
0016149	3
0016151	5
0016153	1
0016208	1
0016226	8
0016301	8
0016310	6
0016311	5
0016405	3
0016407	2
0016410	2
0016421	1
0016430	1
0016432	1
0016433	1
0016434	1
0016462	1
0016491	160
0016530	1
0016597	2
0016598	1
0016614	2
0016616	13
0016620	4
0016627	14
0016628	2
0016638	1
0016639	1
0016646	1
0016651	4
0016655	6
0016661	1
0016703	5
0016705	6
0016709	6
0016722	2
0016740	18
0016742	2
0016743	1
0016746	24
0016747	17
0016757	27
0016758	3
0016763	1
0016765	2
0016773	1
0016776	2
0016779	10
0016780	3
0016782	2
0016783	4
0016787	108
0016788	2
0016790	13
0016791	6
0016793	1
0016798	1
0016799	1
0016810	13
0016811	5
0016812	2
0016813	1
0016817	5
0016818	5
0016829	27
0016830	2
0016831	1
0016836	12
0016846	5
0016849	2
0016853	9
0016855	1
0016866	3
0016874	11
0016879	1
0016881	1
0016884	1
0016887	147
0016893	1
0016901	5
0016987	21
0016989	9
0016992	1
0017000	5
0017004	10
0017038	2
0017057	1
0017136	1
0017148	1
0017150	2
0017168	3
0018104	10
0018106	1
0018149	1
0018189	5
0018197	1
0018277	1
0018339	1
0018364	2
0018454	1
0018480	1
0018515	2
0018576	1
0018578	2
0018580	2
0018659	1
0018822	2
0018835	2
0018849	1
0018850	1
0019068	4
0019082	1
0019104	3
0019120	2
0019134	1
0019171	1
0019200	2
0019213	1
0019239	3
0019243	1
0019264	1
0019277	1
0019284	1
0019288	3
0019305	4
0019346	1
0019354	1
0019379	1
0019427	1
0019430	1
0019464	2
0019475	3
0019509	1
0019531	1
0019532	1
0019538	1
0019547	1
0019556	1
0019619	2
0019627	4
0019628	1
0019632	2
0019634	4
0019646	2
0019673	1
0019674	1
0019684	3
0019700	1
0019746	1
0019752	1
0019808	1
0019825	2
0019829	4
0019835	1
0019843	3
0019867	9
0019899	1
0020037	26
0022625	5
0022627	3
0022857	207
0022900	2
0022904	2
0030001	3
0030091	5
0030145	6
0030151	4
0030163	1
0030170	25
0030234	4
0030245	1
0030253	2
0030256	1
0030257	2
0030261	3
0030272	1
0030288	6
0030366	1
0030420	2
0030435	1
0030488	1
0030527	3
0030551	1
0030552	4
0030554	4
0030604	1
0030638	1
0030643	1
0030655	1
0030674	1
0030694	2
0030798	1
0030955	1
0030956	2
0030976	11
0030979	1
0030983	2
0031004	2
0031071	1
0031167	2
0031176	1
0031317	19
0031419	3
0031522	2
0031992	2
0032196	1
0032259	19
0032300	1
0032363	1
0032508	1
0032543	1
0032555	1
0032784	4
0032977	1
0032981	1
0032993	5
0033014	5
0033194	1
0033219	2
0033221	10
0033232	2
0033608	1
0033611	2
0033617	2
0033739	1
0033743	2
0033744	2
0033818	1
0033819	1
0033856	1
0033862	1
0033863	1
0033890	2
0033942	1
0034040	1
0034194	1
0034200	1
0034204	2
0034220	1
0035435	2
0035438	8
0035550	1
0035556	4
0035870	1
0036211	5
0036222	1
0036374	2
0036424	1
0038023	6
0042026	3
0042132	2
0042158	1
0042178	1
0042242	1
0042254	4
0042273	1
0042301	1
0042450	2
0042577	1
0042578	7
0042586	2
0042597	47
0042619	1
0042626	239
0042742	1
0042773	4
0042776	1
0042780	1
0042802	17
0042803	5
0042823	1
0042834	16
0042884	1
0042908	10
0042910	2
0042918	5
0042952	1
0042953	1
0043022	5
0043039	1
0043093	3
0043115	1
0043165	1
0043169	1
0043190	22
0043213	1
0043295	3
0043335	1
0043419	2
0043461	1
0043546	11
0043565	21
0043639	1
0043720	3
0043752	1
0043758	1
0043805	1
0043811	1
0043934	1
0043952	4
0043953	1
0044205	1
0044423	3
0044780	10
0044781	5
0045027	1
0045087	1
0045148	1
0045182	1
0045239	2
0045252	1
0045254	3
0045259	4
0045271	1
0045273	2
0045454	3
0045493	1
0045861	1
0045892	5
0045900	1
0045936	1
0046081	1
0046118	1
0046124	1
0046167	1
0046177	1
0046278	2
0046316	1
0046392	1
0046395	2
0046417	1
0046429	1
0046654	3
0046677	1
0046685	5
0046688	2
0046839	1
0046857	1
0046872	219
0046873	3
0046903	1
0046905	1
0046914	6
0046930	3
0046933	4
0046983	1
0047429	2
0047470	1
0047471	1
0047472	1
0047475	1
0047480	1
0047570	1
0047617	12
0047661	2
0047770	2
0047804	1
0047952	1
0048027	2
0048034	1
0048038	9
0048472	1
0048473	2
0048501	1
0050136	5
0050242	1
0050311	1
0050380	1
0050385	2
0050446	2
0050480	1
0050511	1
0050515	1
0050518	1
0050526	1
0050567	2
0050568	1
0050570	2
0050660	54
0050661	12
0050898	3
0050920	1
0050992	2
0051007	1
0051073	1
0051082	6
0051083	1
0051087	2
0051116	3
0051139	2
0051205	1
0051213	3
0051262	1
0051266	1
0051287	28
0051301	12
0051536	33
0051537	18
0051539	21
0051603	1
0051604	1
0051607	4
0051745	2
0051903	1
0051920	13
0051983	2
0051989	1
0052381	1
0052547	1
0052621	15
0052689	2
0052693	1
0052699	2
0052706	1
0052873	2
0052906	1
0052913	1
0052929	1
0055052	93
0055085	227
0055130	1
0061542	1
0061599	1
0061710	1
0061799	1
0061928	1
0061929	1
0070006	5
0070007	2
0070063	3
0070064	1
0070401	2
0070402	6
0070403	54
0070475	2
0070733	1
0070814	1
0070905	1
0070967	2
0070968	5
0071111	8
0071555	14
0071586	1
0071704	6
0071709	1
0071805	2
0071949	21
0071951	1
0071972	10
0071973	16
0071978	1
0072488	1
0072593	1
0090409	1
0090410	1
0090729	2
0097163	1
0097351	1
0097367	1
0098561	3
0098567	1
0098797	1
0103117	1
0106219	1
0110001	4
0120225	3
0120549	2
0140078	1
0140110	2
0140327	2
0140358	4
0140359	264
0140662	5
0140663	1
0141098	1
1901023	1
1901137	1
1901271	1
1901642	1
1902209	2
1902358	5
1902495	3
1902600	7
1904047	39
1905887	3
1990063	1
1990107	1
1990204	9
1990229	1
1990610	1
