0000015	1
0000036	1
0000049	2
0000103	1
0000105	8
0000107	2
0000150	2
0000155	8
0000156	15
0000160	24
0000162	3
0000166	21
0000179	1
0000271	6
0000276	1
0000287	7
0000309	1
0000311	1
0000314	2
0000315	3
0000413	3
0000451	1
0000774	1
0000902	1
0000906	1
0000910	1
0000917	2
0001072	2
0001216	1
0001510	1
0001522	7
0002098	1
0002949	3
0003676	15
0003677	120
0003678	7
0003684	4
0003688	1
0003697	3
0003700	76
0003723	28
0003725	2
0003729	1
0003735	53
0003743	3
0003746	4
0003747	1
0003755	10
0003824	29
0003842	1
0003848	1
0003852	1
0003855	1
0003856	1
0003861	2
0003862	1
0003864	1
0003866	1
0003868	1
0003871	1
0003879	1
0003882	1
0003883	1
0003887	7
0003896	1
0003899	3
0003904	1
0003911	1
0003916	2
0003917	1
0003918	4
0003919	1
0003922	1
0003924	14
0003934	1
0003935	1
0003937	1
0003938	1
0003941	1
0003942	1
0003952	1
0003978	1
0003984	1
0003985	1
0003987	1
0003989	3
0003991	1
0003994	1
0003995	1
0003999	1
0004013	1
0004016	1
0004018	1
0004019	2
0004024	1
0004035	1
0004040	2
0004045	2
0004047	1
0004048	1
0004053	1
0004055	1
0004056	1
0004066	1
0004068	1
0004070	1
0004071	1
0004072	3
0004073	1
0004075	1
0004076	1
0004077	1
0004084	2
0004088	1
0004107	1
0004109	2
0004124	1
0004127	1
0004129	4
0004140	1
0004146	1
0004148	2
0004149	1
0004150	1
0004152	1
0004156	1
0004160	1
0004175	1
0004177	5
0004181	2
0004190	3
0004222	5
0004252	8
0004314	1
0004315	3
0004316	1
0004318	1
0004325	1
0004326	1
0004332	1
0004333	1
0004335	1
0004342	1
0004347	1
0004349	1
0004350	1
0004356	1
0004359	1
0004360	1
0004370	1
0004372	2
0004375	1
0004385	1
0004386	11
0004397	1
0004399	1
0004400	1
0004401	1
0004412	2
0004413	1
0004414	1
0004418	1
0004424	1
0004425	1
0004450	1
0004452	1
0004455	1
0004470	1
0004471	1
0004478	1
0004479	1
0004497	2
0004514	1
0004515	1
0004516	1
0004518	5
0004519	1
0004523	2
0004525	1
0004526	1
0004527	4
0004540	1
0004553	12
0004560	1
0004587	1
0004588	1
0004590	1
0004591	1
0004592	1
0004594	1
0004595	1
0004601	3
0004602	2
0004604	1
0004609	2
0004612	1
0004632	1
0004633	1
0004634	1
0004635	1
0004636	1
0004637	1
0004638	2
0004639	1
0004642	1
0004643	1
0004644	1
0004648	2
0004654	1
0004655	1
0004659	2
0004665	1
0004673	9
0004719	1
0004721	1
0004725	2
0004731	1
0004733	1
0004735	1
0004736	1
0004739	2
0004743	1
0004747	1
0004748	2
0004749	1
0004750	1
0004751	1
0004758	1
0004781	1
0004784	3
0004791	1
0004794	1
0004795	1
0004797	1
0004799	1
0004803	4
0004807	1
0004808	1
0004812	2
0004813	1
0004814	1
0004816	1
0004817	1
0004818	1
0004819	1
0004820	1
0004821	1
0004822	1
0004823	1
0004824	1
0004825	1
0004826	2
0004827	1
0004828	1
0004829	1
0004830	1
0004831	2
0004832	1
0004834	2
0004844	1
0004845	1
0004851	1
0004853	1
0004856	1
0004888	36
0005047	1
0005048	1
0005198	2
0005247	2
0005283	1
0005298	1
0005506	5
0005507	3
0005515	11
0005524	156
0005525	19
0005634	1
0005694	1
0005737	41
0005829	3
0005840	32
0005886	28
0005948	1
0005960	1
0005971	1
0005975	20
0005992	1
0005996	1
0005998	1
0006002	2
0006006	3
0006012	3
0006014	1
0006015	1
0006044	3
0006064	2
0006072	1
0006086	2
0006090	1
0006094	4
0006096	9
0006098	1
0006099	7
0006106	1
0006139	1
0006163	1
0006164	5
0006171	1
0006177	1
0006188	1
0006189	5
0006203	1
0006207	2
0006221	3
0006222	1
0006229	1
0006231	1
0006241	1
0006259	3
0006260	16
0006261	2
0006265	6
0006269	1
0006270	1
0006275	1
0006281	19
0006284	2
0006289	4
0006298	2
0006302	1
0006304	1
0006308	2
0006310	17
0006313	1
0006351	3
0006352	44
0006353	4
0006355	90
0006364	9
0006396	2
0006400	9
0006402	2
0006412	57
0006413	3
0006414	4
0006415	4
0006418	1
0006419	1
0006420	1
0006421	1
0006423	1
0006424	1
0006425	1
0006426	1
0006427	1
0006428	1
0006429	1
0006430	1
0006431	1
0006432	2
0006433	1
0006434	1
0006435	1
0006436	1
0006437	2
0006438	1
0006457	5
0006465	2
0006470	2
0006479	1
0006508	37
0006520	5
0006522	1
0006523	1
0006526	1
0006529	2
0006534	1
0006535	2
0006537	1
0006541	2
0006548	1
0006556	1
0006559	1
0006561	3
0006564	2
0006566	1
0006567	1
0006568	1
0006571	1
0006572	1
0006592	2
0006605	1
0006614	1
0006629	5
0006631	7
0006633	12
0006654	1
0006730	3
0006744	2
0006750	1
0006751	1
0006760	1
0006779	5
0006783	1
0006790	2
0006799	1
0006810	4
0006811	36
0006812	4
0006813	3
0006814	3
0006817	3
0006821	2
0006826	1
0006835	1
0006855	2
0006865	2
0006885	1
0006886	1
0006950	1
0006979	3
0007049	1
0007059	3
0007165	9
0008033	6
0008080	21
0008081	4
0008094	1
0008097	1
0008108	1
0008113	2
0008134	1
0008135	1
0008137	2
0008152	5
0008168	12
0008170	1
0008172	1
0008173	2
0008176	1
0008186	1
0008199	1
0008218	1
0008233	7
0008236	12
0008237	3
0008252	1
0008253	3
0008254	1
0008270	18
0008276	1
0008299	4
0008324	1
0008360	4
0008374	1
0008379	4
0008381	4
0008408	4
0008409	1
0008425	2
0008441	1
0008446	2
0008448	2
0008460	1
0008465	1
0008478	1
0008479	1
0008483	1
0008484	2
0008490	1
0008495	1
0008519	1
0008535	2
0008556	3
0008610	3
0008612	3
0008615	4
0008641	1
0008643	2
0008649	2
0008652	5
0008654	6
0008657	1
0008658	2
0008661	1
0008676	1
0008685	1
0008686	2
0008690	1
0008697	1
0008703	1
0008714	1
0008716	1
0008733	1
0008734	1
0008741	2
0008742	1
0008745	3
0008752	3
0008753	2
0008754	2
0008755	1
0008757	4
0008759	1
0008760	1
0008762	1
0008763	1
0008764	1
0008773	1
0008780	1
0008784	1
0008800	3
0008808	1
0008821	1
0008829	1
0008830	1
0008831	1
0008832	1
0008835	1
0008836	1
0008837	1
0008839	1
0008840	1
0008841	1
0008854	1
0008855	2
0008864	1
0008869	1
0008879	1
0008880	1
0008881	1
0008883	1
0008890	1
0008914	1
0008915	1
0008924	1
0008927	1
0008929	1
0008932	1
0008941	1
0008961	1
0008963	1
0008964	1
0008966	1
0008976	1
0008977	1
0008983	1
0008987	1
0008988	1
0008998	2
0009001	1
0009002	1
0009007	1
0009009	1
0009029	1
0009030	1
0009035	1
0009039	5
0009045	1
0009052	1
0009055	7
0009058	8
0009060	2
0009063	1
0009067	1
0009072	1
0009073	3
0009081	2
0009082	4
0009086	2
0009088	1
0009089	4
0009098	4
0009102	1
0009107	1
0009113	1
0009116	6
0009143	1
0009152	2
0009156	1
0009165	1
0009166	1
0009220	1
0009225	1
0009228	5
0009234	2
0009240	1
0009243	3
0009244	1
0009245	4
0009249	3
0009252	13
0009254	1
0009263	2
0009265	1
0009274	1
0009279	134
0009294	2
0009306	7
0009307	1
0009316	2
0009317	4
0009318	2
0009320	1
0009338	1
0009349	1
0009358	1
0009360	2
0009374	1
0009378	2
0009379	1
0009380	2
0009381	1
0009396	2
0009408	2
0009423	2
0009432	4
0009435	6
0009443	1
0009451	5
0009691	1
0009982	8
0010133	1
0010181	12
0015031	3
0015035	3
0015036	2
0015074	4
0015075	1
0015078	2
0015079	1
0015093	1
0015095	1
0015103	3
0015128	1
0015136	1
0015144	1
0015150	1
0015159	1
0015169	1
0015171	1
0015204	1
0015221	2
0015267	2
0015288	10
0015293	3
0015297	3
0015343	1
0015370	1
0015385	1
0015415	1
0015444	1
0015450	2
0015506	1
0015535	1
0015562	17
0015628	1
0015658	1
0015661	1
0015663	1
0015693	2
0015700	1
0015739	1
0015756	1
0015794	1
0015803	1
0015824	1
0015858	1
0015890	1
0015891	1
0015914	2
0015920	2
0015930	1
0015934	8
0015935	6
0015937	4
0015940	2
0015941	1
0015949	2
0015970	1
0015977	1
0015986	8
0016020	188
0016032	2
0016052	1
0016114	1
0016149	3
0016151	5
0016153	1
0016158	1
0016208	1
0016209	9
0016226	5
0016301	2
0016310	4
0016311	2
0016407	1
0016410	2
0016430	1
0016433	1
0016434	1
0016462	1
0016491	72
0016530	3
0016597	1
0016614	5
0016616	3
0016620	5
0016624	1
0016627	6
0016639	1
0016646	1
0016651	19
0016655	2
0016657	1
0016684	1
0016740	8
0016746	22
0016747	12
0016757	16
0016763	2
0016765	3
0016779	1
0016780	2
0016782	2
0016783	2
0016787	49
0016788	3
0016790	1
0016799	4
0016810	5
0016812	2
0016818	1
0016829	3
0016831	1
0016832	2
0016835	1
0016836	1
0016853	9
0016857	2
0016868	1
0016872	1
0016874	6
0016879	1
0016881	1
0016887	43
0016891	1
0016901	1
0016987	54
0016989	36
0016992	1
0017000	1
0017003	1
0017004	3
0017013	1
0017118	1
0017148	1
0017150	1
0018104	1
0018142	1
0018339	1
0018364	1
0019068	1
0019104	1
0019200	3
0019203	1
0019205	1
0019213	1
0019241	1
0019242	1
0019264	2
0019277	1
0019287	1
0019288	3
0019305	4
0019333	1
0019346	2
0019354	1
0019379	1
0019427	1
0019430	1
0019464	3
0019516	1
0019556	2
0019569	3
0019627	6
0019629	1
0019673	2
0019679	1
0019752	1
0019825	1
0019843	3
0019867	6
0020037	10
0022625	5
0022627	2
0022857	117
0030001	2
0030091	3
0030170	19
0030246	3
0030261	2
0030272	1
0030416	1
0030420	1
0030428	1
0030435	1
0030488	1
0030541	1
0030552	16
0030554	1
0030604	1
0030655	2
0030729	1
0030955	1
0030976	3
0030983	2
0031004	2
0031071	1
0031167	1
0031240	1
0031402	1
0031992	3
0032049	1
0032259	4
0032508	2
0032784	2
0032977	1
0033014	4
0033232	1
0033744	2
0033745	1
0033818	2
0033819	1
0033856	1
0033862	1
0033922	2
0034219	1
0034220	2
0034480	1
0035429	1
0035550	2
0036211	7
0036374	1
0038023	1
0042026	2
0042132	1
0042158	1
0042173	1
0042254	3
0042274	1
0042286	2
0042372	1
0042450	2
0042578	3
0042586	2
0042597	4
0042625	1
0042626	30
0042732	2
0042773	4
0042780	1
0042802	16
0042803	2
0042834	3
0042908	1
0042910	1
0043022	5
0043093	1
0043174	1
0043190	1
0043295	2
0043419	2
0043462	1
0043565	32
0043811	1
0043952	2
0043953	1
0044209	1
0044423	1
0045148	1
0045151	1
0045182	1
0045226	1
0045239	1
0045252	1
0045254	1
0045261	5
0045262	5
0045263	3
0045264	1
0045278	1
0045484	1
0045490	1
0045892	2
0045900	1
0046118	1
0046348	1
0046373	1
0046417	1
0046421	1
0046429	1
0046513	1
0046537	1
0046556	1
0046654	1
0046685	1
0046835	1
0046872	62
0046873	2
0046912	1
0046933	6
0046983	2
0047343	1
0047429	2
0047480	1
0047547	1
0047605	1
0047617	3
0047733	1
0048038	3
0048040	1
0048473	1
0048501	1
0050136	2
0050151	1
0050304	1
0050380	1
0050415	2
0050440	1
0050480	1
0050511	1
0050515	1
0050570	1
0050660	15
0050661	7
0050992	1
0051082	1
0051087	1
0051119	2
0051139	1
0051287	15
0051290	1
0051301	6
0051353	1
0051409	1
0051536	13
0051537	1
0051539	12
0051540	1
0051604	1
0051745	1
0051920	2
0051989	1
0052381	2
0052624	1
0052717	1
0052873	3
0052906	1
0055052	7
0055070	1
0055085	78
0061077	1
0061542	2
0061710	2
0061712	1
0070006	4
0070007	2
0070063	1
0070401	1
0070402	1
0070403	9
0070475	2
0070905	2
0070968	1
0071555	4
0071586	2
0071709	1
0071793	3
0071805	1
0071918	1
0071949	7
0071951	1
0071972	1
0072488	1
0098662	1
0098869	1
0102007	1
0102208	2
0140078	1
0140327	1
0140359	29
0140662	1
0140663	1
1901137	1
1901893	1
1902600	4
1903401	1
1904047	15
1905887	2
1990107	1
1990610	1
1990814	1
2001070	1
