0000015	1
0000028	1
0000035	1
0000036	2
0000049	3
0000105	7
0000107	2
0000150	4
0000155	5
0000156	8
0000160	7
0000162	3
0000166	24
0000179	1
0000271	5
0000287	12
0000311	1
0000314	3
0000315	3
0000413	1
0000451	2
0000774	1
0000902	2
0000906	1
0000910	1
0000918	1
0001216	1
0001510	1
0001514	2
0001522	6
0001530	1
0001539	3
0001887	1
0002098	3
0002161	1
0002949	2
0003333	1
0003676	8
0003677	84
0003678	4
0003682	2
0003684	2
0003688	1
0003697	2
0003700	6
0003723	23
0003725	1
0003729	2
0003735	50
0003743	3
0003746	5
0003747	1
0003755	5
0003774	5
0003824	26
0003841	1
0003848	1
0003849	1
0003852	1
0003855	1
0003856	1
0003861	2
0003862	1
0003864	1
0003866	1
0003871	1
0003879	1
0003882	1
0003883	1
0003887	5
0003899	4
0003908	1
0003911	1
0003916	1
0003917	1
0003918	2
0003919	1
0003922	1
0003924	14
0003934	1
0003935	1
0003937	1
0003938	1
0003942	1
0003949	1
0003977	1
0003978	1
0003983	1
0003989	3
0003991	1
0003994	1
0003995	1
0003998	2
0003999	1
0004015	1
0004018	1
0004019	1
0004044	1
0004045	1
0004049	1
0004055	2
0004056	1
0004068	1
0004070	1
0004072	1
0004073	1
0004077	1
0004084	1
0004088	1
0004089	2
0004096	2
0004106	1
0004107	1
0004108	1
0004109	1
0004124	1
0004125	1
0004129	3
0004130	2
0004140	1
0004143	1
0004146	1
0004150	1
0004151	1
0004152	1
0004156	1
0004160	1
0004170	1
0004176	2
0004190	2
0004222	5
0004252	5
0004298	1
0004314	1
0004315	1
0004318	1
0004325	1
0004332	1
0004349	1
0004350	1
0004356	1
0004358	1
0004360	1
0004372	1
0004385	1
0004386	3
0004392	1
0004399	1
0004400	1
0004412	1
0004413	1
0004418	1
0004427	1
0004450	1
0004478	1
0004479	2
0004488	1
0004489	2
0004514	1
0004515	1
0004518	4
0004519	4
0004520	2
0004521	4
0004523	1
0004525	1
0004526	1
0004534	1
0004536	1
0004540	1
0004550	1
0004553	1
0004585	1
0004588	1
0004590	1
0004592	1
0004594	1
0004595	1
0004601	1
0004605	1
0004609	1
0004617	1
0004618	1
0004619	1
0004632	1
0004633	1
0004634	1
0004635	1
0004636	1
0004637	1
0004638	1
0004639	1
0004641	1
0004642	3
0004643	1
0004644	1
0004654	1
0004655	1
0004659	2
0004664	1
0004665	1
0004673	4
0004719	1
0004725	1
0004746	1
0004748	1
0004749	1
0004750	1
0004751	1
0004756	1
0004764	1
0004765	1
0004784	1
0004789	2
0004791	1
0004794	1
0004795	1
0004798	1
0004802	1
0004812	3
0004813	1
0004814	1
0004817	1
0004818	2
0004820	2
0004821	1
0004822	1
0004823	1
0004824	1
0004825	1
0004826	2
0004827	1
0004828	1
0004829	1
0004830	1
0004831	1
0004832	1
0004834	2
0004844	1
0004852	1
0004853	1
0004888	4
0005047	1
0005048	1
0005085	2
0005198	10
0005215	3
0005298	1
0005315	1
0005344	1
0005436	1
0005506	2
0005507	1
0005515	18
0005524	120
0005525	19
0005694	1
0005737	39
0005829	1
0005840	28
0005854	1
0005886	35
0005975	7
0006006	2
0006011	1
0006012	1
0006015	1
0006047	3
0006048	1
0006085	1
0006086	1
0006089	1
0006090	1
0006096	5
0006098	1
0006099	4
0006139	1
0006163	1
0006164	4
0006168	1
0006177	1
0006189	7
0006207	4
0006221	2
0006226	1
0006229	1
0006231	1
0006233	1
0006259	1
0006260	11
0006261	1
0006265	3
0006269	1
0006270	1
0006275	1
0006281	12
0006284	2
0006285	1
0006289	3
0006302	1
0006304	12
0006306	2
0006308	2
0006310	12
0006351	2
0006352	2
0006353	3
0006355	15
0006364	5
0006396	5
0006397	1
0006400	6
0006402	2
0006412	55
0006413	3
0006414	4
0006415	2
0006417	1
0006418	2
0006419	1
0006420	1
0006423	1
0006424	4
0006426	2
0006427	1
0006428	1
0006429	1
0006430	1
0006431	1
0006432	2
0006433	1
0006434	1
0006435	1
0006436	1
0006437	1
0006438	1
0006450	1
0006457	6
0006465	2
0006468	1
0006470	1
0006486	7
0006508	14
0006520	4
0006523	1
0006526	5
0006527	1
0006534	2
0006535	2
0006541	1
0006542	1
0006555	2
0006556	1
0006561	2
0006564	2
0006567	1
0006571	1
0006592	2
0006605	2
0006614	1
0006629	1
0006633	10
0006644	3
0006654	2
0006730	1
0006741	1
0006777	6
0006779	4
0006780	1
0006782	1
0006793	2
0006796	1
0006801	1
0006808	1
0006810	3
0006811	2
0006812	2
0006814	4
0006817	5
0006824	1
0006826	1
0006847	1
0006855	2
0006865	7
0006885	2
0006886	3
0006935	19
0006950	1
0006979	2
0007155	1
0007165	14
0008033	6
0008047	1
0008080	2
0008094	1
0008121	1
0008135	1
0008137	2
0008152	5
0008168	21
0008170	8
0008172	1
0008173	2
0008176	1
0008186	1
0008236	1
0008237	6
0008252	1
0008270	7
0008299	4
0008320	1
0008360	6
0008374	3
0008379	1
0008381	1
0008408	3
0008409	1
0008410	1
0008417	2
0008444	1
0008446	1
0008460	1
0008479	1
0008483	4
0008519	1
0008535	2
0008610	6
0008615	1
0008616	1
0008643	1
0008649	2
0008652	3
0008654	5
0008658	2
0008661	1
0008676	1
0008685	1
0008690	1
0008703	1
0008712	1
0008716	1
0008728	1
0008734	1
0008745	1
0008753	2
0008754	1
0008755	1
0008757	10
0008760	1
0008761	3
0008762	1
0008763	1
0008764	1
0008767	1
0008776	1
0008780	1
0008782	1
0008792	1
0008795	1
0008797	1
0008821	1
0008829	1
0008835	1
0008836	1
0008837	1
0008839	1
0008840	1
0008855	2
0008863	1
0008864	1
0008879	1
0008881	1
0008883	1
0008893	1
0008897	1
0008902	1
0008915	1
0008920	1
0008924	1
0008930	1
0008932	1
0008940	1
0008948	1
0008955	3
0008959	1
0008961	1
0008963	1
0008964	1
0008966	1
0008968	1
0008972	1
0008976	1
0008977	1
0008986	1
0008987	1
0009001	1
0009002	1
0009007	3
0009009	1
0009014	2
0009029	1
0009035	2
0009036	2
0009039	2
0009052	1
0009055	14
0009058	10
0009060	1
0009061	2
0009073	5
0009081	1
0009082	1
0009086	1
0009088	2
0009089	7
0009094	1
0009097	1
0009098	4
0009099	1
0009102	1
0009103	1
0009113	2
0009116	2
0009143	1
0009146	1
0009152	3
0009156	1
0009164	1
0009165	1
0009225	1
0009228	6
0009229	1
0009234	3
0009240	1
0009243	1
0009244	7
0009245	5
0009249	1
0009252	12
0009253	1
0009263	1
0009267	1
0009273	1
0009279	7
0009288	4
0009294	1
0009306	9
0009307	10
0009316	2
0009317	3
0009318	2
0009320	1
0009326	1
0009330	1
0009349	1
0009360	2
0009368	2
0009376	2
0009378	2
0009379	1
0009380	2
0009381	1
0009396	2
0009403	1
0009408	1
0009421	1
0009423	3
0009424	1
0009425	2
0009426	1
0009428	2
0009431	2
0009435	5
0009451	3
0009897	1
0009898	1
0009982	6
0010038	1
0010045	1
0010181	10
0015031	4
0015035	2
0015074	2
0015078	4
0015081	1
0015087	1
0015093	1
0015095	1
0015099	1
0015129	1
0015136	1
0015171	2
0015221	1
0015252	1
0015267	1
0015288	1
0015291	2
0015293	2
0015295	1
0015297	2
0015385	1
0015412	2
0015413	1
0015415	3
0015424	3
0015450	4
0015501	1
0015556	1
0015562	8
0015627	1
0015628	4
0015662	1
0015675	2
0015689	3
0015693	1
0015727	1
0015739	1
0015740	2
0015813	1
0015824	1
0015891	2
0015914	1
0015920	3
0015934	7
0015935	6
0015937	3
0015940	2
0015941	1
0015949	1
0015970	1
0015977	1
0015986	5
0016020	113
0016024	1
0016032	3
0016051	1
0016114	2
0016149	1
0016151	5
0016209	1
0016226	2
0016301	1
0016310	3
0016311	4
0016410	2
0016430	1
0016433	1
0016434	1
0016462	1
0016491	26
0016530	3
0016597	1
0016616	2
0016620	4
0016628	1
0016639	1
0016645	1
0016651	1
0016655	1
0016682	1
0016684	1
0016740	8
0016742	2
0016743	1
0016746	6
0016747	1
0016757	25
0016765	5
0016772	3
0016773	2
0016776	3
0016779	3
0016780	2
0016782	2
0016783	2
0016787	25
0016788	3
0016790	2
0016791	4
0016799	1
0016810	1
0016812	1
0016829	1
0016831	3
0016836	4
0016846	1
0016853	6
0016874	3
0016879	1
0016881	1
0016884	1
0016887	42
0016903	1
0016987	3
0017004	2
0017038	1
0017148	3
0017150	1
0018339	1
0018364	1
0019068	2
0019104	1
0019134	1
0019171	1
0019205	1
0019213	1
0019264	1
0019277	1
0019288	2
0019305	2
0019346	2
0019430	1
0019509	1
0019605	1
0019627	1
0019629	1
0019632	1
0019646	1
0019673	1
0019674	1
0019679	2
0019825	1
0019829	1
0019843	3
0019856	2
0019867	2
0020037	14
0022625	5
0022627	3
0022857	31
0022900	2
0022904	1
0030001	1
0030091	1
0030151	3
0030170	8
0030234	1
0030254	1
0030257	1
0030261	1
0030272	1
0030288	4
0030366	1
0030420	2
0030488	2
0030527	1
0030552	2
0030554	1
0030604	1
0030643	1
0030694	2
0030697	1
0030956	2
0030973	1
0030976	1
0030983	1
0031071	2
0031167	2
0031317	3
0031402	1
0031522	2
0031992	2
0032259	13
0032775	2
0032784	2
0032955	1
0033014	3
0033103	11
0033104	3
0033232	2
0033743	1
0033818	1
0033862	1
0033958	1
0034200	1
0034204	1
0034220	1
0035598	1
0036211	6
0036424	1
0042026	1
0042167	1
0042254	3
0042274	1
0042279	1
0042286	1
0042372	1
0042450	2
0042577	1
0042578	5
0042586	1
0042597	2
0042625	1
0042626	35
0042732	1
0042773	2
0042802	4
0042803	2
0042834	2
0042884	1
0042908	2
0042910	2
0043022	4
0043093	1
0043165	1
0043190	6
0043419	2
0043546	1
0043571	3
0043811	1
0043952	4
0044205	1
0044341	1
0044423	3
0044780	8
0044781	3
0045227	2
0045259	5
0045271	1
0045275	1
0045277	1
0045312	1
0045910	1
0046081	1
0046118	1
0046421	1
0046429	1
0046654	3
0046656	1
0046677	3
0046839	1
0046872	62
0046912	1
0046914	1
0046930	2
0046933	4
0047343	1
0047429	1
0047547	1
0048038	1
0048040	1
0048473	2
0048501	1
0050136	3
0050440	1
0050511	1
0050515	1
0050518	1
0050567	2
0050660	6
0050661	5
0050797	1
0050896	1
0050992	1
0051082	3
0051083	1
0051287	7
0051301	6
0051536	9
0051537	1
0051539	15
0051540	1
0051603	1
0051604	1
0051607	1
0051745	1
0051989	1
0052381	1
0052621	1
0052624	1
0052693	1
0052906	1
0052913	1
0055052	9
0055085	46
0061799	1
0070006	1
0070063	1
0070064	1
0070069	1
0070085	1
0070395	1
0070401	1
0070403	6
0070475	1
0070567	1
0071555	3
0071709	1
0071949	1
0071951	2
0071973	11
0072488	1
0103117	1
0106141	1
0110001	3
0120225	5
0140078	1
0140098	1
0140359	33
0140662	2
0141098	1
1900727	1
1901137	1
1901271	1
1902600	1
1904047	29
1905887	1
1990107	1
1990140	1
1990397	1
1990610	1
2000185	1
