0000015	1
0000035	2
0000036	2
0000049	5
0000098	1
0000103	1
0000104	2
0000105	11
0000107	2
0000150	3
0000155	15
0000156	20
0000160	55
0000162	6
0000166	27
0000179	1
0000270	1
0000271	12
0000286	1
0000287	17
0000311	1
0000314	3
0000315	3
0000413	2
0000451	1
0000724	2
0000774	1
0000902	1
0000906	1
0000910	2
0000917	2
0000921	1
0001216	1
0001510	3
0001522	5
0001539	2
0001727	1
0001932	1
0002098	1
0002161	1
0002943	1
0002949	3
0003676	17
0003677	140
0003678	7
0003684	5
0003688	1
0003697	4
0003700	68
0003723	32
0003725	1
0003735	53
0003743	3
0003746	4
0003747	1
0003755	5
0003774	2
0003824	43
0003825	1
0003842	1
0003848	1
0003849	1
0003852	1
0003855	1
0003856	1
0003858	1
0003861	2
0003862	1
0003864	1
0003866	1
0003870	1
0003871	1
0003879	1
0003882	1
0003883	1
0003887	9
0003899	6
0003906	1
0003910	2
0003911	1
0003913	1
0003916	1
0003917	1
0003918	4
0003919	1
0003922	1
0003924	16
0003934	2
0003935	1
0003937	1
0003938	1
0003942	1
0003949	1
0003951	1
0003952	1
0003954	1
0003955	1
0003960	2
0003977	1
0003978	1
0003983	1
0003984	1
0003985	1
0003987	1
0003989	4
0003991	1
0003994	1
0003995	4
0003999	1
0004013	1
0004015	1
0004018	1
0004019	1
0004040	1
0004044	1
0004045	1
0004047	1
0004048	1
0004049	2
0004055	1
0004056	1
0004057	1
0004065	1
0004066	2
0004070	1
0004072	1
0004073	1
0004075	1
0004076	1
0004077	1
0004084	1
0004088	1
0004089	2
0004096	1
0004107	1
0004108	2
0004109	2
0004124	1
0004127	1
0004129	8
0004130	2
0004140	1
0004141	1
0004146	3
0004148	4
0004149	1
0004150	1
0004151	1
0004152	1
0004156	1
0004160	2
0004170	1
0004174	1
0004176	3
0004177	4
0004181	1
0004190	5
0004222	7
0004252	11
0004298	1
0004311	1
0004314	1
0004315	5
0004316	1
0004318	3
0004322	1
0004324	1
0004325	1
0004326	1
0004329	2
0004332	1
0004333	1
0004349	1
0004350	1
0004356	5
0004357	1
0004358	1
0004359	1
0004360	1
0004362	1
0004363	1
0004364	1
0004368	1
0004372	1
0004375	1
0004385	1
0004386	1
0004399	1
0004400	1
0004401	1
0004412	1
0004413	1
0004416	1
0004418	1
0004424	1
0004425	1
0004427	1
0004450	1
0004451	1
0004452	1
0004467	1
0004478	1
0004479	1
0004488	2
0004489	1
0004494	1
0004497	8
0004514	1
0004518	6
0004519	12
0004521	1
0004523	3
0004525	1
0004526	1
0004527	3
0004534	1
0004536	1
0004540	2
0004550	1
0004553	5
0004585	1
0004588	1
0004590	1
0004591	1
0004592	1
0004594	1
0004595	1
0004601	1
0004602	1
0004604	1
0004605	1
0004612	1
0004618	1
0004619	1
0004632	1
0004633	1
0004634	1
0004635	1
0004636	1
0004637	1
0004638	1
0004639	1
0004640	1
0004641	1
0004642	2
0004643	1
0004644	1
0004648	2
0004654	1
0004655	1
0004657	1
0004659	2
0004664	1
0004672	1
0004673	12
0004674	1
0004719	1
0004722	1
0004725	2
0004733	2
0004735	1
0004738	1
0004743	1
0004748	3
0004749	1
0004750	1
0004751	1
0004764	1
0004781	1
0004783	1
0004784	1
0004789	2
0004791	1
0004792	1
0004795	1
0004798	1
0004799	1
0004802	1
0004803	6
0004805	1
0004807	1
0004812	3
0004813	1
0004814	1
0004817	1
0004818	2
0004820	2
0004821	1
0004822	1
0004823	1
0004824	2
0004825	1
0004826	2
0004827	1
0004828	1
0004829	1
0004830	1
0004831	1
0004832	1
0004834	2
0004851	1
0004852	1
0004853	1
0004866	1
0004888	2
0005047	1
0005048	1
0005198	17
0005215	10
0005247	1
0005344	3
0005381	1
0005488	1
0005506	5
0005507	4
0005509	1
0005515	31
0005524	170
0005525	26
0005694	3
0005737	51
0005739	1
0005829	2
0005840	30
0005854	1
0005886	48
0005960	2
0005975	16
0005992	2
0006006	1
0006011	1
0006012	1
0006015	1
0006020	1
0006040	1
0006048	1
0006071	1
0006072	2
0006081	1
0006082	1
0006086	1
0006090	1
0006094	2
0006096	5
0006098	1
0006099	9
0006102	1
0006106	1
0006116	1
0006120	2
0006139	1
0006163	1
0006164	4
0006166	1
0006168	1
0006177	1
0006189	6
0006207	4
0006221	3
0006226	1
0006231	1
0006233	1
0006241	1
0006259	1
0006260	18
0006261	1
0006265	5
0006269	1
0006270	2
0006275	2
0006281	24
0006284	3
0006285	1
0006289	3
0006298	2
0006303	1
0006304	1
0006308	2
0006310	20
0006313	7
0006351	4
0006352	8
0006353	3
0006354	2
0006355	98
0006364	8
0006396	6
0006400	8
0006402	2
0006412	57
0006413	3
0006414	4
0006415	5
0006417	1
0006418	2
0006419	1
0006420	1
0006423	1
0006424	4
0006426	2
0006427	1
0006428	1
0006429	1
0006430	2
0006431	1
0006432	2
0006433	1
0006434	1
0006435	1
0006436	1
0006437	1
0006438	1
0006450	1
0006457	8
0006465	2
0006468	2
0006470	2
0006482	1
0006486	17
0006508	34
0006520	5
0006522	1
0006526	4
0006529	2
0006534	1
0006535	3
0006537	3
0006541	3
0006542	5
0006546	1
0006556	1
0006561	3
0006564	2
0006568	1
0006592	2
0006596	1
0006605	1
0006614	1
0006629	5
0006631	5
0006633	22
0006637	1
0006654	1
0006687	1
0006729	1
0006730	6
0006741	1
0006744	6
0006749	6
0006750	3
0006751	1
0006777	8
0006779	5
0006780	1
0006782	1
0006783	1
0006790	1
0006793	5
0006796	1
0006799	1
0006801	2
0006808	3
0006810	13
0006812	9
0006813	4
0006814	2
0006816	2
0006817	6
0006821	1
0006855	3
0006865	6
0006879	1
0006885	1
0006886	2
0006935	8
0006950	1
0006979	5
0007049	1
0007059	4
0007165	19
0008033	11
0008080	16
0008081	2
0008094	1
0008097	1
0008106	1
0008113	2
0008115	2
0008119	1
0008120	1
0008121	3
0008124	1
0008134	1
0008135	1
0008137	8
0008152	8
0008153	1
0008168	24
0008170	1
0008172	1
0008173	4
0008176	1
0008177	1
0008186	1
0008194	1
0008198	1
0008199	2
0008233	6
0008234	1
0008236	3
0008237	7
0008252	1
0008270	24
0008276	1
0008299	5
0008311	1
0008320	1
0008324	6
0008360	6
0008374	1
0008379	3
0008381	2
0008408	4
0008409	1
0008412	1
0008430	1
0008441	1
0008444	1
0008446	1
0008460	1
0008478	1
0008479	1
0008483	3
0008484	1
0008490	1
0008495	1
0008519	1
0008534	1
0008535	2
0008556	3
0008610	4
0008615	5
0008616	5
0008643	2
0008649	2
0008652	4
0008654	6
0008658	2
0008661	2
0008664	1
0008666	1
0008676	1
0008677	1
0008685	1
0008686	1
0008690	1
0008703	1
0008705	1
0008710	1
0008716	1
0008725	1
0008728	1
0008734	1
0008745	1
0008750	1
0008752	1
0008753	2
0008754	4
0008755	4
0008757	13
0008758	1
0008760	1
0008761	1
0008762	1
0008763	1
0008764	1
0008773	1
0008777	1
0008780	1
0008784	1
0008794	2
0008817	2
0008818	1
0008821	1
0008824	1
0008829	1
0008830	1
0008835	1
0008836	1
0008837	1
0008839	1
0008840	1
0008841	1
0008851	1
0008855	2
0008863	2
0008879	1
0008881	1
0008882	1
0008887	1
0008893	1
0008897	4
0008902	1
0008914	1
0008915	1
0008932	3
0008933	2
0008934	1
0008939	1
0008940	3
0008942	2
0008955	5
0008961	1
0008963	1
0008964	1
0008965	1
0008966	1
0008972	1
0008974	1
0008976	5
0008982	1
0008984	2
0008987	1
0008988	1
0008999	1
0009001	2
0009002	2
0009007	1
0009009	3
0009014	1
0009022	1
0009029	1
0009030	1
0009037	2
0009039	2
0009052	1
0009055	38
0009058	10
0009060	3
0009061	1
0009073	4
0009081	1
0009082	4
0009085	1
0009086	5
0009088	2
0009089	7
0009094	1
0009097	1
0009098	3
0009102	4
0009103	4
0009107	2
0009113	2
0009116	3
0009152	2
0009156	1
0009165	1
0009190	1
0009220	1
0009225	1
0009228	10
0009229	1
0009231	1
0009236	18
0009240	2
0009243	1
0009244	1
0009245	7
0009249	4
0009250	1
0009252	18
0009253	1
0009254	1
0009263	1
0009267	1
0009268	1
0009274	2
0009279	29
0009288	1
0009294	1
0009297	3
0009306	10
0009307	1
0009316	2
0009317	5
0009318	1
0009320	1
0009325	3
0009326	3
0009331	2
0009340	1
0009349	1
0009358	1
0009360	1
0009368	1
0009376	2
0009378	2
0009379	1
0009380	2
0009381	1
0009394	1
0009396	3
0009399	1
0009401	3
0009408	2
0009423	3
0009424	1
0009425	1
0009426	1
0009427	1
0009428	2
0009431	1
0009432	3
0009435	4
0009439	1
0009443	1
0009446	1
0009448	1
0009451	4
0009678	1
0009691	1
0009898	4
0009927	1
0009975	1
0009982	5
0010038	2
0010124	1
0010133	1
0010181	18
0010257	2
0010945	1
0010951	1
0015031	6
0015035	3
0015036	5
0015074	5
0015078	2
0015079	1
0015095	1
0015098	1
0015103	3
0015109	1
0015112	1
0015123	1
0015136	1
0015159	3
0015171	5
0015221	4
0015232	3
0015267	4
0015288	13
0015291	2
0015297	4
0015343	2
0015369	2
0015385	1
0015415	3
0015419	3
0015439	1
0015441	1
0015450	5
0015562	12
0015627	4
0015628	8
0015648	1
0015662	2
0015689	3
0015693	1
0015700	1
0015703	1
0015739	1
0015774	3
0015775	1
0015819	1
0015822	1
0015833	1
0015840	4
0015846	1
0015886	3
0015891	3
0015920	3
0015930	3
0015934	8
0015935	5
0015937	4
0015940	3
0015941	1
0015942	2
0015948	1
0015949	2
0015970	1
0015976	1
0015977	1
0015986	7
0015990	1
0015995	1
0016020	214
0016024	1
0016032	1
0016051	3
0016114	1
0016116	1
0016117	2
0016149	3
0016151	4
0016208	1
0016226	7
0016298	2
0016301	4
0016310	10
0016311	3
0016410	2
0016430	1
0016433	1
0016434	2
0016462	1
0016491	69
0016530	1
0016531	1
0016597	1
0016598	1
0016616	7
0016620	4
0016624	1
0016627	1
0016638	2
0016639	1
0016646	1
0016651	4
0016655	3
0016669	1
0016670	1
0016682	1
0016703	1
0016705	5
0016709	3
0016717	2
0016722	1
0016740	22
0016746	20
0016747	5
0016757	27
0016758	1
0016763	1
0016765	2
0016772	2
0016773	2
0016774	1
0016776	2
0016779	3
0016780	4
0016782	2
0016783	3
0016787	54
0016788	3
0016790	4
0016791	6
0016793	1
0016799	1
0016810	3
0016811	1
0016818	6
0016829	7
0016831	4
0016832	1
0016836	3
0016840	3
0016846	3
0016849	1
0016853	6
0016855	1
0016866	3
0016874	5
0016879	1
0016881	2
0016884	1
0016887	49
0016901	2
0016987	10
0016989	2
0016992	1
0016993	1
0016994	1
0017000	2
0017004	10
0017013	1
0017038	1
0017061	1
0017148	1
0017150	2
0018104	10
0018117	1
0018149	2
0018189	11
0018277	1
0018339	1
0018364	2
0018454	1
0018493	1
0018759	1
0019068	9
0019082	2
0019104	3
0019134	1
0019171	2
0019200	1
0019205	1
0019239	1
0019243	1
0019250	1
0019264	1
0019277	1
0019288	2
0019305	3
0019333	1
0019346	1
0019354	1
0019379	1
0019417	1
0019427	1
0019430	1
0019464	3
0019509	1
0019538	1
0019627	2
0019632	1
0019645	1
0019646	1
0019673	1
0019674	1
0019679	1
0019684	3
0019746	1
0019752	2
0019808	1
0019825	3
0019829	2
0019843	3
0019867	2
0019899	1
0020037	39
0022625	5
0022627	3
0022857	69
0022900	2
0022904	5
0030001	4
0030091	5
0030145	4
0030151	1
0030163	2
0030170	14
0030234	2
0030246	1
0030254	1
0030257	1
0030261	3
0030270	1
0030272	1
0030288	5
0030366	1
0030420	1
0030428	1
0030488	1
0030494	1
0030527	3
0030551	3
0030552	10
0030554	2
0030604	1
0030612	1
0030643	1
0030674	1
0030694	1
0030788	1
0030789	1
0030955	1
0030956	2
0030976	3
0030983	2
0031004	3
0031071	1
0031167	2
0031419	5
0031522	2
0031992	1
0032259	10
0032300	1
0032508	1
0032775	1
0032784	4
0032977	1
0032981	1
0032993	2
0033014	3
0033221	4
0033573	1
0033617	1
0033739	1
0033743	2
0033744	2
0033818	1
0033819	1
0033856	1
0033862	1
0033890	1
0033897	1
0033958	1
0034204	1
0034220	2
0034755	1
0035435	1
0035438	5
0035556	1
0035598	1
0035870	1
0036211	4
0036222	1
0036374	1
0038023	2
0042026	2
0042126	2
0042128	1
0042132	2
0042158	1
0042242	1
0042254	4
0042273	1
0042301	1
0042351	1
0042450	2
0042578	3
0042586	1
0042597	3
0042619	1
0042626	38
0042773	4
0042776	1
0042802	11
0042803	4
0042823	1
0042834	14
0042853	1
0042884	1
0042908	9
0042910	1
0042953	1
0043022	4
0043024	1
0043039	1
0043093	3
0043190	7
0043213	1
0043295	1
0043335	1
0043419	1
0043424	1
0043461	1
0043462	1
0043546	2
0043565	12
0043711	1
0043714	1
0043752	1
0043811	1
0043819	1
0043856	1
0043880	1
0043952	5
0043953	1
0044205	1
0044423	8
0044780	3
0044781	1
0045027	1
0045182	1
0045239	1
0045252	1
0045254	1
0045259	5
0045271	1
0045273	2
0045275	1
0045277	1
0045312	1
0045454	2
0045550	1
0045861	1
0045892	3
0045900	2
0045936	1
0046026	1
0046034	1
0046081	1
0046118	1
0046167	1
0046170	2
0046429	1
0046523	1
0046653	2
0046654	6
0046656	1
0046677	1
0046685	5
0046820	1
0046857	1
0046872	137
0046873	4
0046905	1
0046912	1
0046914	1
0046917	1
0046933	5
0046983	3
0047429	2
0047475	1
0047480	1
0047617	3
0047804	1
0047952	1
0048027	1
0048034	1
0048038	7
0048472	1
0048501	1
0050126	1
0050136	3
0050242	1
0050269	1
0050304	1
0050380	1
0050421	1
0050427	1
0050440	1
0050446	1
0050511	1
0050515	1
0050518	1
0050526	1
0050567	2
0050568	1
0050570	1
0050577	1
0050660	25
0050661	12
0050896	1
0050992	2
0051007	1
0051073	1
0051082	6
0051083	1
0051087	1
0051116	2
0051131	1
0051139	1
0051205	1
0051213	1
0051219	1
0051262	2
0051276	2
0051287	15
0051301	12
0051536	17
0051537	4
0051539	22
0051603	1
0051604	1
0051745	2
0051920	4
0051989	1
0052381	1
0052547	1
0052621	5
0052689	9
0052693	1
0052699	2
0052706	1
0052873	1
0052906	1
0052913	1
0052929	1
0055052	17
0055085	84
0061077	1
0061542	1
0061599	1
0061710	1
0061799	1
0070006	4
0070007	1
0070063	3
0070064	1
0070069	3
0070401	1
0070402	4
0070403	8
0070475	2
0070733	1
0070905	1
0070967	1
0070968	2
0071111	4
0071555	10
0071586	1
0071705	1
0071709	1
0071805	1
0071949	8
0071951	1
0071972	10
0071973	8
0071978	1
0072488	1
0072593	1
0075713	1
0097163	1
0097367	1
0098003	1
0098005	1
0098561	1
0098567	1
0098797	1
0103117	1
0106141	1
0110142	1
0120010	1
0120225	2
0140078	1
0140098	1
0140110	1
0140327	2
0140358	2
0140359	39
0140657	1
0140658	2
0140662	1
0140673	2
0140737	2
0141098	1
1901137	1
1901271	1
1902209	1
1902358	2
1902495	2
1902600	5
1903826	1
1904047	32
1904091	1
1904680	1
1905887	2
1990063	1
1990107	2
1990586	1
1990610	1
