0000015	1
0000049	2
0000103	3
0000105	8
0000107	2
0000150	3
0000155	12
0000156	7
0000160	13
0000162	5
0000166	24
0000179	1
0000256	2
0000271	7
0000272	1
0000286	1
0000287	13
0000309	1
0000310	1
0000311	1
0000314	3
0000315	3
0000413	1
0000451	1
0000724	2
0000774	1
0000906	1
0000910	2
0001228	1
0001510	2
0001522	9
0001680	1
0001727	1
0001968	1
0002098	1
0002100	1
0002161	2
0002949	3
0003333	2
0003676	15
0003677	164
0003678	7
0003684	4
0003688	1
0003697	5
0003700	89
0003723	33
0003725	1
0003729	1
0003735	55
0003743	3
0003746	4
0003747	1
0003755	2
0003824	28
0003842	2
0003848	1
0003852	1
0003855	2
0003856	1
0003861	2
0003862	1
0003864	1
0003866	1
0003871	2
0003879	1
0003883	1
0003887	9
0003896	2
0003899	6
0003908	1
0003911	1
0003916	1
0003917	2
0003918	4
0003919	1
0003920	1
0003922	1
0003924	17
0003933	1
0003937	1
0003938	1
0003941	3
0003942	1
0003951	3
0003952	1
0003954	2
0003977	1
0003978	1
0003983	2
0003984	1
0003989	4
0003991	1
0003994	1
0003995	1
0003999	1
0004016	1
0004018	1
0004019	1
0004020	1
0004038	1
0004040	5
0004044	1
0004045	2
0004047	1
0004048	1
0004049	2
0004053	1
0004055	1
0004056	1
0004061	1
0004068	1
0004070	1
0004072	1
0004073	1
0004075	1
0004077	1
0004084	2
0004088	1
0004089	1
0004096	2
0004107	1
0004124	1
0004126	1
0004127	1
0004129	4
0004139	1
0004140	1
0004146	1
0004148	2
0004149	1
0004150	1
0004151	1
0004152	1
0004156	1
0004160	1
0004163	1
0004176	2
0004177	3
0004180	4
0004190	2
0004197	1
0004222	6
0004252	11
0004298	1
0004314	1
0004315	2
0004316	1
0004318	1
0004325	2
0004326	1
0004329	1
0004332	1
0004333	1
0004340	1
0004342	1
0004345	1
0004347	1
0004356	1
0004358	1
0004359	2
0004360	1
0004368	1
0004370	1
0004371	1
0004372	1
0004375	2
0004385	1
0004386	2
0004397	1
0004399	2
0004400	1
0004412	1
0004413	1
0004414	1
0004417	1
0004418	1
0004420	1
0004421	1
0004424	1
0004425	1
0004427	1
0004450	1
0004452	1
0004459	1
0004471	1
0004473	1
0004476	1
0004478	1
0004479	1
0004496	1
0004497	3
0004514	1
0004515	1
0004516	1
0004517	1
0004518	3
0004519	11
0004521	1
0004523	3
0004525	1
0004526	1
0004527	5
0004536	1
0004540	1
0004550	1
0004553	6
0004556	1
0004564	1
0004565	1
0004574	1
0004585	1
0004587	2
0004588	1
0004590	1
0004591	1
0004592	1
0004594	1
0004595	1
0004601	3
0004602	1
0004604	1
0004605	1
0004612	1
0004616	1
0004617	1
0004618	1
0004631	1
0004632	1
0004633	1
0004634	1
0004635	1
0004636	1
0004637	1
0004638	2
0004639	1
0004641	1
0004642	2
0004643	1
0004644	1
0004654	1
0004655	1
0004659	2
0004664	1
0004672	1
0004673	8
0004674	1
0004722	1
0004725	1
0004729	1
0004731	1
0004733	1
0004735	1
0004736	1
0004739	1
0004743	1
0004747	1
0004748	2
0004749	1
0004750	1
0004751	2
0004764	1
0004765	1
0004781	1
0004783	2
0004784	1
0004788	1
0004789	2
0004791	1
0004794	2
0004795	1
0004797	1
0004798	1
0004799	1
0004801	1
0004802	1
0004803	24
0004807	1
0004812	3
0004813	1
0004814	1
0004816	1
0004817	1
0004818	1
0004820	1
0004821	1
0004822	1
0004823	1
0004824	1
0004825	1
0004826	2
0004827	1
0004828	1
0004829	1
0004830	1
0004831	1
0004832	1
0004834	2
0004844	1
0004845	1
0004849	1
0004851	2
0004852	1
0004853	1
0004856	2
0005047	1
0005048	1
0005198	6
0005215	6
0005283	3
0005298	2
0005315	1
0005337	2
0005351	1
0005375	1
0005381	1
0005436	1
0005506	3
0005507	4
0005509	1
0005515	17
0005524	189
0005525	20
0005576	1
0005694	3
0005737	60
0005829	4
0005840	33
0005854	1
0005886	52
0005948	1
0005960	1
0005971	1
0005975	23
0005991	1
0005996	1
0005997	1
0005998	1
0006002	1
0006006	3
0006011	2
0006012	1
0006014	1
0006044	2
0006048	1
0006051	1
0006071	2
0006072	2
0006085	1
0006086	2
0006090	1
0006094	4
0006096	10
0006098	4
0006099	8
0006106	1
0006109	1
0006113	1
0006116	2
0006119	1
0006139	4
0006144	1
0006163	2
0006164	4
0006166	1
0006168	1
0006171	1
0006177	1
0006189	8
0006207	2
0006213	1
0006221	4
0006229	1
0006231	1
0006233	1
0006241	1
0006259	2
0006260	19
0006261	3
0006265	6
0006268	1
0006269	2
0006270	1
0006275	1
0006276	1
0006281	26
0006282	1
0006284	3
0006289	3
0006298	2
0006302	1
0006308	1
0006310	23
0006313	4
0006351	8
0006352	3
0006353	3
0006355	87
0006364	9
0006396	3
0006400	10
0006401	1
0006402	3
0006412	60
0006413	3
0006414	4
0006415	4
0006418	2
0006419	1
0006420	1
0006421	1
0006423	1
0006424	3
0006426	1
0006427	1
0006428	1
0006429	1
0006430	1
0006431	1
0006432	2
0006433	1
0006434	1
0006435	1
0006436	1
0006437	1
0006438	1
0006450	1
0006457	5
0006465	3
0006468	2
0006470	2
0006486	4
0006508	24
0006520	7
0006522	2
0006523	1
0006526	3
0006534	1
0006535	2
0006537	1
0006541	1
0006542	1
0006546	2
0006548	2
0006555	1
0006556	1
0006561	1
0006562	2
0006564	1
0006565	2
0006568	1
0006569	1
0006592	2
0006614	1
0006629	3
0006631	1
0006633	11
0006635	2
0006654	1
0006730	2
0006741	1
0006760	1
0006772	3
0006777	7
0006779	4
0006780	1
0006782	1
0006783	2
0006785	1
0006790	3
0006799	1
0006801	1
0006809	1
0006810	9
0006811	2
0006812	7
0006814	10
0006817	4
0006820	1
0006824	1
0006825	1
0006826	2
0006855	2
0006865	11
0006950	1
0006979	4
0007059	4
0007155	1
0007165	10
0008033	9
0008080	29
0008081	1
0008094	1
0008113	3
0008127	1
0008134	1
0008135	1
0008137	2
0008152	9
0008168	13
0008170	3
0008171	1
0008173	2
0008175	1
0008176	1
0008186	1
0008194	1
0008199	1
0008233	10
0008234	1
0008236	6
0008237	2
0008251	1
0008253	4
0008270	20
0008289	3
0008299	6
0008324	7
0008360	12
0008374	1
0008375	2
0008379	1
0008381	2
0008408	4
0008409	2
0008443	1
0008444	1
0008448	1
0008479	1
0008483	1
0008495	1
0008509	1
0008534	1
0008610	2
0008615	3
0008616	4
0008641	3
0008643	18
0008649	2
0008652	3
0008654	4
0008655	1
0008658	2
0008661	1
0008662	1
0008670	1
0008684	1
0008685	1
0008686	1
0008703	1
0008706	1
0008716	1
0008721	1
0008725	1
0008728	3
0008733	1
0008741	1
0008742	1
0008745	4
0008747	1
0008752	1
0008753	1
0008756	1
0008757	13
0008760	2
0008761	1
0008762	1
0008763	1
0008764	1
0008776	1
0008782	1
0008784	2
0008788	1
0008795	1
0008798	1
0008800	1
0008802	1
0008804	1
0008808	1
0008812	1
0008829	1
0008835	1
0008836	1
0008839	1
0008840	2
0008841	1
0008855	1
0008863	1
0008864	1
0008869	1
0008881	2
0008883	1
0008887	3
0008890	1
0008893	1
0008897	1
0008902	2
0008909	1
0008924	2
0008930	1
0008932	1
0008935	1
0008940	3
0008942	1
0008955	6
0008959	1
0008961	1
0008962	1
0008963	1
0008965	1
0008966	1
0008972	2
0008973	1
0008976	1
0008982	20
0008987	1
0008990	1
0008999	1
0009001	1
0009002	1
0009009	2
0009024	1
0009025	1
0009027	1
0009039	2
0009040	1
0009045	2
0009052	2
0009055	12
0009058	7
0009061	1
0009062	1
0009063	1
0009073	5
0009081	2
0009082	3
0009086	5
0009088	2
0009089	6
0009094	1
0009098	4
0009103	1
0009107	1
0009113	2
0009116	5
0009117	1
0009132	3
0009143	1
0009152	2
0009156	1
0009164	1
0009166	2
0009220	1
0009228	8
0009229	1
0009234	9
0009240	1
0009249	2
0009252	22
0009253	4
0009254	1
0009255	1
0009263	2
0009264	3
0009268	1
0009274	1
0009279	1
0009290	1
0009294	1
0009306	7
0009311	1
0009316	2
0009317	5
0009318	1
0009320	1
0009325	3
0009326	2
0009331	2
0009337	2
0009349	1
0009358	1
0009360	2
0009368	1
0009372	1
0009374	1
0009376	2
0009378	2
0009379	1
0009380	2
0009381	1
0009396	2
0009399	1
0009401	37
0009403	1
0009408	2
0009423	3
0009432	3
0009435	6
0009442	1
0009451	5
0009486	1
0009691	1
0009898	4
0009972	1
0009982	9
0010136	1
0010181	15
0015031	2
0015035	8
0015036	4
0015074	5
0015078	6
0015079	2
0015087	1
0015095	3
0015103	1
0015105	1
0015128	3
0015129	1
0015136	1
0015144	2
0015155	1
0015169	1
0015171	8
0015205	2
0015267	1
0015293	12
0015297	8
0015385	4
0015410	1
0015412	2
0015415	3
0015424	1
0015450	3
0015501	1
0015562	3
0015572	1
0015573	2
0015574	1
0015628	1
0015648	3
0015658	2
0015662	1
0015689	2
0015693	3
0015697	1
0015700	1
0015720	1
0015727	1
0015739	1
0015759	2
0015771	1
0015794	1
0015803	2
0015813	1
0015824	2
0015833	2
0015837	2
0015846	1
0015851	2
0015886	2
0015930	1
0015934	8
0015935	6
0015936	1
0015937	4
0015940	2
0015941	1
0015942	2
0015949	2
0015969	2
0015970	1
0015986	6
0015990	5
0016020	230
0016024	1
0016032	1
0016070	1
0016075	1
0016114	1
0016116	2
0016117	2
0016126	2
0016149	2
0016151	4
0016153	1
0016154	1
0016209	1
0016226	5
0016298	1
0016301	11
0016310	17
0016311	3
0016407	4
0016413	1
0016430	1
0016433	1
0016434	1
0016462	1
0016485	1
0016491	59
0016530	1
0016597	2
0016614	1
0016616	3
0016620	4
0016624	1
0016627	1
0016628	1
0016639	2
0016647	1
0016668	1
0016682	3
0016684	1
0016703	1
0016705	1
0016717	1
0016722	1
0016740	6
0016746	36
0016747	13
0016755	3
0016757	14
0016758	1
0016765	3
0016773	1
0016776	2
0016779	1
0016780	3
0016782	1
0016783	2
0016787	62
0016788	1
0016790	4
0016791	8
0016798	2
0016799	1
0016805	1
0016810	4
0016811	1
0016812	2
0016817	3
0016818	2
0016829	4
0016831	1
0016832	1
0016835	1
0016836	2
0016853	4
0016861	1
0016862	1
0016866	1
0016868	1
0016872	1
0016874	5
0016879	1
0016881	2
0016884	2
0016887	66
0016891	1
0016920	1
0016987	4
0016992	1
0017000	1
0017004	5
0017111	1
0017118	1
0017136	1
0017148	1
0017150	1
0017168	1
0018364	1
0019068	4
0019069	1
0019082	1
0019104	2
0019120	1
0019134	1
0019172	3
0019191	1
0019197	1
0019200	2
0019205	1
0019213	3
0019239	1
0019262	1
0019264	1
0019277	2
0019285	2
0019287	3
0019288	4
0019344	1
0019346	2
0019350	10
0019354	3
0019379	1
0019430	1
0019441	1
0019464	2
0019475	1
0019480	1
0019509	1
0019512	5
0019521	1
0019538	1
0019547	1
0019556	2
0019569	2
0019627	2
0019632	1
0019645	1
0019647	1
0019674	1
0019700	2
0019808	1
0019829	1
0019835	1
0019843	3
0020037	12
0022625	5
0022627	3
0022857	75
0022877	2
0030001	5
0030091	3
0030145	3
0030151	2
0030153	1
0030170	27
0030246	2
0030261	2
0030272	1
0030288	1
0030366	1
0030420	4
0030429	1
0030435	1
0030436	1
0030488	1
0030492	1
0030552	1
0030604	1
0030612	1
0030643	1
0030955	1
0030956	2
0030973	1
0030976	7
0030983	3
0031071	1
0031072	1
0031167	3
0031388	1
0031402	2
0031639	1
0032049	1
0032259	10
0032300	1
0032466	1
0032508	2
0032784	2
0032993	2
0033014	4
0033212	1
0033228	1
0033230	1
0033232	6
0033573	1
0033739	1
0033743	1
0033744	2
0033818	1
0033862	1
0033920	1
0034026	1
0034219	1
0034220	1
0034618	1
0034755	1
0034979	1
0035429	3
0035435	1
0035550	1
0036211	6
0036370	1
0042026	2
0042126	2
0042128	1
0042173	1
0042254	6
0042274	1
0042286	2
0042450	2
0042578	8
0042586	2
0042597	3
0042626	81
0042710	1
0042732	3
0042773	3
0042780	1
0042802	4
0042803	2
0042823	2
0042834	4
0042853	1
0042883	1
0042908	1
0043022	5
0043039	1
0043093	2
0043094	1
0043101	1
0043115	1
0043137	1
0043138	1
0043139	1
0043190	22
0043295	1
0043419	2
0043565	6
0043682	1
0043720	1
0043743	1
0043768	1
0043800	1
0043801	1
0043811	1
0043822	1
0043937	1
0043952	3
0044205	1
0044341	1
0044423	3
0045148	1
0045151	1
0045182	1
0045184	1
0045239	1
0045240	2
0045252	1
0045254	1
0045261	4
0045454	2
0045717	1
0045881	1
0045892	5
0045910	1
0045936	1
0045982	1
0046110	1
0046118	1
0046168	1
0046316	1
0046348	1
0046395	1
0046416	2
0046417	1
0046428	1
0046429	1
0046537	1
0046654	1
0046677	1
0046685	1
0046857	1
0046872	88
0046873	2
0046933	4
0046983	3
0047151	1
0047200	1
0047304	1
0047324	2
0047348	2
0047355	8
0047356	1
0047429	1
0047465	1
0047473	1
0047480	1
0047605	1
0047617	1
0047652	1
0047761	1
0047804	2
0047810	1
0047952	1
0048473	6
0048501	1
0050044	2
0050136	1
0050194	1
0050334	2
0050380	2
0050415	1
0050446	1
0050456	1
0050480	1
0050511	1
0050515	1
0050518	1
0050567	2
0050570	1
0050660	14
0050661	11
0050992	1
0051082	4
0051083	1
0051087	1
0051119	1
0051131	1
0051139	2
0051156	1
0051205	2
0051287	15
0051301	11
0051304	1
0051536	5
0051539	11
0051540	1
0051603	1
0051745	1
0051989	1
0052381	1
0052689	2
0052693	1
0052873	1
0052906	1
0052913	1
0055051	1
0055052	20
0055056	1
0055085	90
0061599	1
0061710	1
0061712	1
0061799	1
0070006	5
0070007	3
0070063	1
0070069	2
0070085	1
0070204	1
0070205	1
0070394	1
0070395	2
0070401	2
0070403	12
0070475	1
0070569	1
0070726	4
0070905	1
0071522	1
0071555	18
0071586	1
0071705	7
0071793	2
0071949	7
0071951	1
0072344	1
0090729	1
0097367	1
0098662	2
0098847	1
0120225	1
0140078	1
0140098	2
0140110	2
0140327	2
0140358	1
0140359	89
0140657	1
0140662	1
0140741	1
0140911	1
0160105	1
1901135	2
1901137	3
1901605	1
1901642	2
1902065	1
1902495	8
1902560	1
1902600	6
1903424	2
1903425	2
1904047	21
1904659	1
1904680	2
1905887	2
1990107	1
1990112	1
1990397	1
1990586	1
1990610	1
