0000015	1
0000034	1
0000035	1
0000036	1
0000041	1
0000049	2
0000062	1
0000098	1
0000103	3
0000104	2
0000105	12
0000107	2
0000155	29
0000156	33
0000160	95
0000162	6
0000166	48
0000175	1
0000179	1
0000255	1
0000256	3
0000270	5
0000271	15
0000286	1
0000287	28
0000302	1
0000311	1
0000314	3
0000315	3
0000413	1
0000451	1
0000700	1
0000774	1
0000902	2
0000906	1
0000910	2
0000917	1
0000918	2
0000921	1
0000976	2
0001216	58
0001510	3
0001514	2
0001522	10
0001530	1
0001539	5
0001680	1
0001882	1
0002060	1
0002098	2
0002100	1
0002161	3
0002196	1
0002943	1
0002949	3
0003333	2
0003676	31
0003677	486
0003678	4
0003680	1
0003684	5
0003688	1
0003690	1
0003697	3
0003700	400
0003723	47
0003724	1
0003725	2
0003729	1
0003735	56
0003743	4
0003746	7
0003747	2
0003755	10
0003756	1
0003774	6
0003824	102
0003825	3
0003842	1
0003844	1
0003848	1
0003849	1
0003852	3
0003855	2
0003856	1
0003861	2
0003862	1
0003864	2
0003866	1
0003868	1
0003871	1
0003879	1
0003882	1
0003883	1
0003885	1
0003886	1
0003887	9
0003899	6
0003905	1
0003906	1
0003908	2
0003911	1
0003913	2
0003916	2
0003917	1
0003918	4
0003922	1
0003924	16
0003933	2
0003934	2
0003935	3
0003937	1
0003938	1
0003941	2
0003942	2
0003949	1
0003950	1
0003951	1
0003952	2
0003954	3
0003955	3
0003960	4
0003964	1
0003973	1
0003977	1
0003978	2
0003983	3
0003984	1
0003985	5
0003987	2
0003989	4
0003991	1
0003993	1
0003994	2
0003995	16
0003999	1
0004000	1
0004013	1
0004014	1
0004015	1
0004017	1
0004018	1
0004019	2
0004020	2
0004022	1
0004029	1
0004030	2
0004035	2
0004037	3
0004039	1
0004042	1
0004044	1
0004045	2
0004047	1
0004048	1
0004049	2
0004055	1
0004056	1
0004057	1
0004061	2
0004062	1
0004065	1
0004066	3
0004067	2
0004068	1
0004070	1
0004072	1
0004073	1
0004075	2
0004076	1
0004084	1
0004088	1
0004089	3
0004096	4
0004107	1
0004108	2
0004109	2
0004112	2
0004124	1
0004125	1
0004126	1
0004127	1
0004129	5
0004130	3
0004134	1
0004139	1
0004140	1
0004141	1
0004143	1
0004146	1
0004148	3
0004149	1
0004150	2
0004151	1
0004152	1
0004156	1
0004157	1
0004160	2
0004170	1
0004174	4
0004175	1
0004176	3
0004177	4
0004181	1
0004185	4
0004190	4
0004222	12
0004252	8
0004298	1
0004308	2
0004309	1
0004314	1
0004315	3
0004316	1
0004318	2
0004322	1
0004324	1
0004325	1
0004326	1
0004332	2
0004333	1
0004334	1
0004345	2
0004347	1
0004349	1
0004350	1
0004352	1
0004356	5
0004357	4
0004358	1
0004359	2
0004360	3
0004362	1
0004363	1
0004364	2
0004368	1
0004370	1
0004371	1
0004372	3
0004375	1
0004385	1
0004386	4
0004397	1
0004399	1
0004400	3
0004411	1
0004412	1
0004413	1
0004416	1
0004418	1
0004424	1
0004425	1
0004427	1
0004450	2
0004451	2
0004456	1
0004462	1
0004470	1
0004471	1
0004474	2
0004478	1
0004479	1
0004488	1
0004489	1
0004497	24
0004505	1
0004514	2
0004516	1
0004518	5
0004519	14
0004521	3
0004523	2
0004525	1
0004526	1
0004527	2
0004536	2
0004540	6
0004550	1
0004553	9
0004555	1
0004565	1
0004585	1
0004588	1
0004590	1
0004591	1
0004592	1
0004595	1
0004601	12
0004602	2
0004604	1
0004605	2
0004611	1
0004616	1
0004618	1
0004619	1
0004629	1
0004632	1
0004633	1
0004634	1
0004635	1
0004636	1
0004637	1
0004638	2
0004639	1
0004640	1
0004641	1
0004642	1
0004643	1
0004644	2
0004648	1
0004654	1
0004655	1
0004657	1
0004659	2
0004664	1
0004668	3
0004671	1
0004672	1
0004673	24
0004674	2
0004719	2
0004721	2
0004725	6
0004731	1
0004733	2
0004735	1
0004736	1
0004738	2
0004742	1
0004743	1
0004747	3
0004748	2
0004749	1
0004750	1
0004751	1
0004756	1
0004764	2
0004765	1
0004781	2
0004789	1
0004791	1
0004794	1
0004795	1
0004798	1
0004801	1
0004802	2
0004803	35
0004805	1
0004806	1
0004807	1
0004808	1
0004810	1
0004812	4
0004813	2
0004814	1
0004817	2
0004818	1
0004819	1
0004820	2
0004821	1
0004822	1
0004823	1
0004824	1
0004825	1
0004826	2
0004827	1
0004828	1
0004829	1
0004830	2
0004831	1
0004832	1
0004833	1
0004834	2
0004844	1
0004845	1
0004847	1
0004851	3
0004852	1
0004853	1
0004854	2
0004856	4
0004857	1
0004866	2
0004867	1
0004888	11
0005047	1
0005048	1
0005198	6
0005215	18
0005216	1
0005247	3
0005254	3
0005283	2
0005319	1
0005337	1
0005342	1
0005344	2
0005375	1
0005381	2
0005488	6
0005504	1
0005506	20
0005507	12
0005509	1
0005515	52
0005524	356
0005525	35
0005576	2
0005694	3
0005737	68
0005739	1
0005829	9
0005840	33
0005854	1
0005886	116
0005960	1
0005975	43
0005978	1
0005980	2
0005991	2
0005992	6
0005997	3
0005998	1
0006006	4
0006011	4
0006012	3
0006014	3
0006015	1
0006020	1
0006044	1
0006048	1
0006068	1
0006071	2
0006072	2
0006081	2
0006082	2
0006086	2
0006089	4
0006090	3
0006094	6
0006096	9
0006097	2
0006098	6
0006099	15
0006106	1
0006108	1
0006109	1
0006116	3
0006120	1
0006139	3
0006144	2
0006146	1
0006147	1
0006163	1
0006164	5
0006168	1
0006177	1
0006188	1
0006189	7
0006207	2
0006210	1
0006212	1
0006213	1
0006221	3
0006222	1
0006226	1
0006229	1
0006233	1
0006241	1
0006259	1
0006260	11
0006261	1
0006265	6
0006269	1
0006270	1
0006275	1
0006281	31
0006284	5
0006285	2
0006289	4
0006298	3
0006303	2
0006304	1
0006306	1
0006308	2
0006310	28
0006313	20
0006351	10
0006352	19
0006353	3
0006355	442
0006364	9
0006396	9
0006400	9
0006401	1
0006402	1
0006412	61
0006413	4
0006414	6
0006415	5
0006417	1
0006418	2
0006419	2
0006420	1
0006423	2
0006424	3
0006425	1
0006426	2
0006427	1
0006428	1
0006429	1
0006430	1
0006431	1
0006432	2
0006433	1
0006434	1
0006435	1
0006436	2
0006437	1
0006438	1
0006450	1
0006457	14
0006465	1
0006468	2
0006470	5
0006481	1
0006482	1
0006486	23
0006508	62
0006520	6
0006522	2
0006523	1
0006526	7
0006527	4
0006528	1
0006529	3
0006535	5
0006537	3
0006541	4
0006542	5
0006547	4
0006548	2
0006556	1
0006559	5
0006561	4
0006564	2
0006567	1
0006568	1
0006569	1
0006571	1
0006572	4
0006574	2
0006592	3
0006596	1
0006605	2
0006614	1
0006629	8
0006631	12
0006633	17
0006637	1
0006644	1
0006654	2
0006662	1
0006720	1
0006730	2
0006744	7
0006749	22
0006750	7
0006751	4
0006754	1
0006777	12
0006779	5
0006783	2
0006790	6
0006793	1
0006796	2
0006797	1
0006798	1
0006799	1
0006808	3
0006810	49
0006811	8
0006812	11
0006813	8
0006814	5
0006816	1
0006817	7
0006821	3
0006824	1
0006825	4
0006833	1
0006835	2
0006847	2
0006848	1
0006855	13
0006865	71
0006869	3
0006874	1
0006879	1
0006885	3
0006886	3
0006935	18
0006950	6
0006974	2
0006979	15
0007030	1
0007049	1
0007059	5
0007155	10
0007165	58
0008028	1
0008033	11
0008076	1
0008080	45
0008081	2
0008094	1
0008097	1
0008113	2
0008115	3
0008121	2
0008134	16
0008135	1
0008137	7
0008152	14
0008168	46
0008170	1
0008171	3
0008172	1
0008173	4
0008175	1
0008176	1
0008177	1
0008186	1
0008198	2
0008199	2
0008219	2
0008233	7
0008234	2
0008235	1
0008236	8
0008237	17
0008251	1
0008252	2
0008270	55
0008273	1
0008276	1
0008289	9
0008295	5
0008299	5
0008311	1
0008320	1
0008324	4
0008360	7
0008374	1
0008375	1
0008379	6
0008381	7
0008408	4
0008409	1
0008410	5
0008412	1
0008430	1
0008442	2
0008443	1
0008444	1
0008446	2
0008448	1
0008452	2
0008460	2
0008478	1
0008479	1
0008483	10
0008484	1
0008490	2
0008493	1
0008495	1
0008519	3
0008534	1
0008556	7
0008610	10
0008615	5
0008616	5
0008641	2
0008643	15
0008649	2
0008652	2
0008653	1
0008654	7
0008658	8
0008660	1
0008661	1
0008663	1
0008664	1
0008666	1
0008668	1
0008674	1
0008675	1
0008676	2
0008677	3
0008679	1
0008684	7
0008685	1
0008686	3
0008687	1
0008690	2
0008700	1
0008701	6
0008703	1
0008705	1
0008710	1
0008712	1
0008714	1
0008716	1
0008718	2
0008720	2
0008721	1
0008725	1
0008726	1
0008728	2
0008734	1
0008743	1
0008745	4
0008750	1
0008752	3
0008753	10
0008754	1
0008755	1
0008757	22
0008758	1
0008760	2
0008762	1
0008763	1
0008764	1
0008772	1
0008773	1
0008774	6
0008777	2
0008780	1
0008782	1
0008783	4
0008784	2
0008785	1
0008791	1
0008794	2
0008795	1
0008797	1
0008798	1
0008800	4
0008802	1
0008803	1
0008808	2
0008812	1
0008813	1
0008817	2
0008821	1
0008828	1
0008829	1
0008830	2
0008831	2
0008835	1
0008836	1
0008837	2
0008838	1
0008839	1
0008840	2
0008851	1
0008854	2
0008855	2
0008860	1
0008863	5
0008864	2
0008867	1
0008869	1
0008872	1
0008873	1
0008875	1
0008879	2
0008881	1
0008882	1
0008883	1
0008887	1
0008889	1
0008890	1
0008892	1
0008893	2
0008897	2
0008899	1
0008902	2
0008914	1
0008915	1
0008920	3
0008924	1
0008929	1
0008930	1
0008932	2
0008933	3
0008934	1
0008939	1
0008941	1
0008942	2
0008955	7
0008961	2
0008963	1
0008964	1
0008965	2
0008966	1
0008967	2
0008972	2
0008976	3
0008977	1
0008982	3
0008984	1
0008986	1
0008987	1
0008988	1
0008999	1
0009001	4
0009002	9
0009009	4
0009013	1
0009014	1
0009015	1
0009016	1
0009017	1
0009022	1
0009027	2
0009028	1
0009029	1
0009030	1
0009032	1
0009039	2
0009045	1
0009052	1
0009055	74
0009056	22
0009058	11
0009060	2
0009061	3
0009063	1
0009072	1
0009073	7
0009081	1
0009082	4
0009086	7
0009088	3
0009089	11
0009094	1
0009097	2
0009098	5
0009102	4
0009103	2
0009107	2
0009113	2
0009115	4
0009116	7
0009117	1
0009132	6
0009146	1
0009152	3
0009156	1
0009164	1
0009165	1
0009166	1
0009225	2
0009228	7
0009229	1
0009236	18
0009240	1
0009243	2
0009244	5
0009245	6
0009246	1
0009247	1
0009249	2
0009252	34
0009253	3
0009255	2
0009263	1
0009264	1
0009267	1
0009268	1
0009274	3
0009276	1
0009279	123
0009288	7
0009289	6
0009290	1
0009294	1
0009297	10
0009306	17
0009307	1
0009308	1
0009310	1
0009316	2
0009317	5
0009318	2
0009320	1
0009326	6
0009331	2
0009338	2
0009339	1
0009340	1
0009341	1
0009349	1
0009358	1
0009360	1
0009368	2
0009374	1
0009376	2
0009378	2
0009379	1
0009380	3
0009381	1
0009396	3
0009399	1
0009401	6
0009408	8
0009423	3
0009424	2
0009425	1
0009426	1
0009427	1
0009428	2
0009431	2
0009432	3
0009435	8
0009436	1
0009443	1
0009446	4
0009448	2
0009450	1
0009451	9
0009486	4
0009636	2
0009691	3
0009758	1
0009897	2
0009898	5
0009966	3
0009972	1
0009975	3
0009982	10
0010038	1
0010124	11
0010136	1
0010181	70
0010257	1
0010945	1
0010951	2
0010974	1
0015031	23
0015035	10
0015036	3
0015074	9
0015078	6
0015079	1
0015087	1
0015095	1
0015103	6
0015109	6
0015112	3
0015129	1
0015136	1
0015150	1
0015159	5
0015171	21
0015185	1
0015204	1
0015205	6
0015209	1
0015221	4
0015250	1
0015252	6
0015267	11
0015288	93
0015291	2
0015293	14
0015295	1
0015297	6
0015343	9
0015369	1
0015385	3
0015411	2
0015412	2
0015415	1
0015419	4
0015424	7
0015444	1
0015450	3
0015451	1
0015459	1
0015473	4
0015496	1
0015535	1
0015562	21
0015572	1
0015599	1
0015612	2
0015614	2
0015616	1
0015627	19
0015628	25
0015658	12
0015663	1
0015689	4
0015693	2
0015697	3
0015700	2
0015703	6
0015718	1
0015727	1
0015734	2
0015739	1
0015740	1
0015753	2
0015756	1
0015774	5
0015794	1
0015802	1
0015803	20
0015812	1
0015822	1
0015833	7
0015840	5
0015846	6
0015847	1
0015849	1
0015851	6
0015871	1
0015890	1
0015891	17
0015904	1
0015914	3
0015920	4
0015930	3
0015934	8
0015935	6
0015937	3
0015940	6
0015941	1
0015942	4
0015944	1
0015949	2
0015970	2
0015976	2
0015977	1
0015986	8
0015990	6
0016020	612
0016024	2
0016034	1
0016042	2
0016051	1
0016052	1
0016070	3
0016114	1
0016117	2
0016149	3
0016151	5
0016153	1
0016159	1
0016208	2
0016226	9
0016260	1
0016301	11
0016310	23
0016311	7
0016403	1
0016405	1
0016407	3
0016410	2
0016421	1
0016433	1
0016434	1
0016462	2
0016491	270
0016530	1
0016531	2
0016597	1
0016598	1
0016600	1
0016614	2
0016615	1
0016616	12
0016620	5
0016624	1
0016627	15
0016628	3
0016638	4
0016639	1
0016646	1
0016651	4
0016655	3
0016661	1
0016667	1
0016670	1
0016682	6
0016684	1
0016701	1
0016702	3
0016703	8
0016705	14
0016706	1
0016709	7
0016717	4
0016722	1
0016740	13
0016742	2
0016743	2
0016746	47
0016747	26
0016757	49
0016758	1
0016760	1
0016763	1
0016765	1
0016772	9
0016773	3
0016774	2
0016776	2
0016779	11
0016780	8
0016782	2
0016783	4
0016787	141
0016788	16
0016790	12
0016791	6
0016793	1
0016798	6
0016799	1
0016805	2
0016810	16
0016811	4
0016812	3
0016817	6
0016818	1
0016823	1
0016829	20
0016830	2
0016831	7
0016832	2
0016835	1
0016836	6
0016840	1
0016841	1
0016846	4
0016853	12
0016854	1
0016857	2
0016861	1
0016866	3
0016868	1
0016872	1
0016874	10
0016879	1
0016881	1
0016884	1
0016887	149
0016896	1
0016901	1
0016987	21
0016989	3
0016992	2
0016993	1
0016994	1
0017000	5
0017004	5
0017038	2
0017057	1
0017076	1
0017113	1
0017136	1
0017148	2
0017150	2
0017168	1
0018117	1
0018149	1
0018189	5
0018193	1
0018277	1
0018339	1
0018364	2
0018454	1
0018467	1
0018480	1
0018506	1
0018576	2
0018578	2
0018618	2
0018659	1
0018738	1
0018817	1
0018822	2
0018845	2
0018849	2
0018850	2
0019104	4
0019120	3
0019134	1
0019136	1
0019172	3
0019177	1
0019180	1
0019200	4
0019213	2
0019239	1
0019241	1
0019242	1
0019243	1
0019250	1
0019264	3
0019277	2
0019285	2
0019288	4
0019290	1
0019305	8
0019310	3
0019346	4
0019354	3
0019361	1
0019379	1
0019380	2
0019394	1
0019427	2
0019430	1
0019441	3
0019464	3
0019475	3
0019491	1
0019509	1
0019538	1
0019556	1
0019557	2
0019580	1
0019615	2
0019619	4
0019627	6
0019629	3
0019632	2
0019634	1
0019636	2
0019646	3
0019673	2
0019674	1
0019679	3
0019684	2
0019700	3
0019746	2
0019752	3
0019808	6
0019825	3
0019835	1
0019843	3
0019856	1
0019867	12
0019898	1
0019899	1
0020037	59
0022625	5
0022627	3
0022857	306
0022900	5
0022904	8
0030001	6
0030058	1
0030091	6
0030145	9
0030151	6
0030163	1
0030170	52
0030234	2
0030244	3
0030246	3
0030254	8
0030257	4
0030261	3
0030272	1
0030288	34
0030366	2
0030416	2
0030420	2
0030429	1
0030488	1
0030527	11
0030552	4
0030554	8
0030604	1
0030612	1
0030638	1
0030643	1
0030655	2
0030674	3
0030694	3
0030788	1
0030789	1
0030798	1
0030894	1
0030955	1
0030956	2
0030973	1
0030976	10
0030977	1
0030983	2
0031004	6
0031071	2
0031167	2
0031317	2
0031419	2
0031460	1
0031522	2
0031992	7
0032049	3
0032196	7
0032259	30
0032297	1
0032300	1
0032324	1
0032363	1
0032784	4
0032923	1
0032977	1
0032991	1
0032993	32
0033014	4
0033103	32
0033104	13
0033212	1
0033214	1
0033219	1
0033221	5
0033222	1
0033223	6
0033225	6
0033226	2
0033232	4
0033265	1
0033573	2
0033617	1
0033730	1
0033739	1
0033743	2
0033744	2
0033818	1
0033819	1
0033856	1
0033862	1
0033942	1
0033958	1
0033971	1
0033980	1
0034194	1
0034200	1
0034204	1
0034220	3
0034480	5
0034634	1
0034702	1
0034755	2
0034775	1
0035435	3
0035438	4
0035550	1
0035870	1
0036001	1
0036211	7
0036222	1
0036374	3
0036382	1
0036424	1
0038023	6
0042026	4
0042128	1
0042132	1
0042158	2
0042242	1
0042254	4
0042273	1
0042274	1
0042286	1
0042301	4
0042398	1
0042450	2
0042537	1
0042542	1
0042559	1
0042578	7
0042586	2
0042597	13
0042619	2
0042625	3
0042626	227
0042710	1
0042732	4
0042742	1
0042773	4
0042802	29
0042803	3
0042823	3
0042834	11
0042853	1
0042875	1
0042882	2
0042884	2
0042908	11
0042910	3
0042918	3
0042919	2
0042925	2
0042952	2
0042953	5
0043022	7
0043039	2
0043093	3
0043101	1
0043165	1
0043169	1
0043190	47
0043213	1
0043295	6
0043335	1
0043419	1
0043448	2
0043462	1
0043531	1
0043546	8
0043565	77
0043633	1
0043639	1
0043683	2
0043711	4
0043720	3
0043752	1
0043755	1
0043783	1
0043805	1
0043811	1
0043824	1
0043828	1
0043867	1
0043934	1
0043952	3
0043953	1
0044209	1
0044571	2
0044668	1
0044780	11
0044781	2
0044874	2
0045027	1
0045182	1
0045239	1
0045240	1
0045252	1
0045254	3
0045259	4
0045271	2
0045273	2
0045275	1
0045454	2
0045861	1
0045892	10
0045893	8
0045900	1
0045927	1
0045936	1
0046026	1
0046081	1
0046118	1
0046167	1
0046177	1
0046278	2
0046292	1
0046294	1
0046316	1
0046392	1
0046395	2
0046416	1
0046417	1
0046421	1
0046429	1
0046653	2
0046654	5
0046656	3
0046677	3
0046685	7
0046688	5
0046820	1
0046872	285
0046873	5
0046905	2
0046912	1
0046914	2
0046917	1
0046930	4
0046933	5
0046942	1
0046961	1
0046983	1
0047111	1
0047125	1
0047134	1
0047304	3
0047400	2
0047420	1
0047429	1
0047448	1
0047456	1
0047470	1
0047471	1
0047472	1
0047475	2
0047480	1
0047547	1
0047570	1
0047575	1
0047617	5
0047661	3
0047804	2
0047813	1
0047834	3
0047869	1
0047952	1
0047975	1
0048038	8
0048039	1
0048040	3
0048472	1
0048473	4
0048501	1
0050053	1
0050114	1
0050126	1
0050129	2
0050136	12
0050188	1
0050241	1
0050269	2
0050311	2
0050346	1
0050380	1
0050440	1
0050446	5
0050480	1
0050498	1
0050511	1
0050515	1
0050518	1
0050526	2
0050567	2
0050568	1
0050570	2
0050660	79
0050661	17
0050896	1
0050897	1
0050898	2
0050920	1
0050992	2
0051007	2
0051073	1
0051082	6
0051083	1
0051087	2
0051116	1
0051118	1
0051161	1
0051205	1
0051213	7
0051259	1
0051287	29
0051301	14
0051409	1
0051536	35
0051537	35
0051539	32
0051540	1
0051596	1
0051603	1
0051604	2
0051745	2
0051782	1
0051903	1
0051920	17
0051983	2
0051989	1
0052381	1
0052547	3
0052621	11
0052689	6
0052693	1
0052699	2
0052706	1
0052737	1
0052851	1
0052873	3
0052906	1
0052913	1
0055052	76
0055085	382
0055130	2
0060241	1
0061024	4
0061077	5
0061503	1
0061542	1
0061599	2
0061710	2
0061799	1
0061928	1
0061929	1
0065003	2
0070006	6
0070063	2
0070064	1
0070069	4
0070401	7
0070402	6
0070403	56
0070404	1
0070475	2
0070573	1
0070733	2
0070905	2
0070967	2
0070968	1
0071111	7
0071268	1
0071522	1
0071555	10
0071704	7
0071705	1
0071709	1
0071805	1
0071918	1
0071949	19
0071951	1
0071973	11
0072488	3
0090483	1
0090529	1
0090540	1
0090729	4
0097163	1
0097266	1
0097347	1
0097351	1
0097367	3
0097657	1
0098567	2
0098797	3
0098869	1
0101006	1
0102039	1
0103116	1
0103117	1
0106130	1
0106141	1
0106219	2
0106361	1
0110001	11
0110142	1
0120010	2
0120225	1
0120549	1
0140078	1
0140098	1
0140110	4
0140327	3
0140359	242
0140662	8
0140737	3
1901023	1
1901053	1
1901135	1
1901137	3
1901170	2
1901515	1
1901642	1
1901891	1
1902208	3
1902358	2
1902444	1
1902495	6
1902600	9
1903457	1
1903803	1
1904047	48
1904680	3
1905039	1
1905887	3
1990063	1
1990107	1
1990195	1
1990229	1
1990397	1
1990610	1
1990817	1
1990961	2
