0000015	1
0000034	1
0000041	2
0000049	3
0000103	2
0000104	2
0000105	11
0000107	2
0000150	1
0000155	9
0000156	11
0000160	38
0000162	5
0000166	26
0000175	2
0000179	1
0000210	1
0000255	1
0000256	1
0000270	1
0000271	2
0000286	1
0000287	22
0000302	1
0000311	1
0000314	3
0000315	3
0000451	1
0000902	1
0000906	1
0000910	4
0000917	1
0000918	2
0000976	2
0001072	3
0001216	19
0001510	2
0001514	2
0001522	10
0001530	1
0001539	8
0001680	1
0001727	1
0002098	2
0002100	1
0002143	1
0002161	2
0002943	1
0002949	3
0003676	22
0003677	193
0003678	8
0003684	5
0003688	1
0003690	1
0003697	4
0003700	147
0003723	42
0003724	3
0003725	2
0003729	1
0003735	54
0003743	4
0003746	6
0003747	2
0003755	9
0003774	8
0003824	44
0003841	1
0003842	1
0003844	1
0003848	2
0003849	1
0003852	2
0003855	2
0003856	1
0003857	1
0003861	2
0003862	1
0003864	1
0003867	1
0003868	1
0003871	1
0003879	1
0003882	1
0003883	1
0003885	1
0003887	9
0003896	2
0003899	5
0003905	1
0003906	1
0003908	1
0003910	1
0003911	2
0003916	1
0003917	1
0003918	4
0003919	1
0003922	1
0003924	17
0003933	1
0003934	2
0003935	2
0003937	1
0003938	1
0003941	1
0003942	1
0003949	1
0003951	1
0003952	1
0003955	1
0003957	1
0003960	1
0003973	1
0003977	1
0003983	2
0003984	1
0003985	1
0003987	2
0003988	1
0003989	4
0003991	1
0003994	2
0003995	1
0003999	1
0004013	1
0004015	1
0004017	1
0004018	1
0004019	1
0004024	3
0004037	1
0004039	1
0004042	1
0004044	1
0004045	2
0004047	2
0004048	1
0004049	1
0004055	1
0004056	1
0004057	1
0004070	1
0004072	1
0004073	1
0004075	1
0004076	1
0004077	1
0004084	1
0004088	1
0004089	2
0004096	2
0004107	1
0004108	1
0004109	2
0004115	1
0004124	2
0004125	1
0004127	1
0004129	14
0004133	1
0004134	1
0004140	1
0004141	1
0004143	2
0004146	1
0004148	2
0004149	1
0004150	2
0004151	2
0004152	1
0004156	1
0004160	1
0004165	1
0004170	1
0004174	1
0004175	1
0004176	4
0004177	3
0004190	4
0004222	8
0004252	9
0004298	1
0004300	1
0004309	1
0004314	1
0004315	4
0004316	1
0004322	2
0004324	1
0004325	1
0004326	1
0004332	1
0004340	1
0004345	2
0004347	1
0004349	1
0004350	1
0004356	7
0004357	2
0004358	1
0004359	2
0004360	1
0004362	1
0004363	1
0004364	1
0004366	1
0004368	1
0004370	1
0004372	4
0004373	1
0004375	1
0004385	1
0004386	12
0004397	2
0004399	1
0004400	2
0004412	1
0004413	1
0004416	1
0004418	1
0004424	1
0004425	1
0004427	1
0004450	2
0004451	1
0004456	1
0004457	1
0004462	2
0004474	2
0004478	1
0004479	1
0004488	1
0004489	2
0004497	8
0004505	1
0004514	1
0004516	1
0004518	5
0004519	5
0004523	2
0004525	1
0004526	1
0004527	3
0004540	5
0004550	1
0004553	5
0004585	2
0004588	1
0004590	1
0004591	1
0004592	1
0004595	1
0004601	3
0004602	3
0004605	1
0004609	1
0004611	1
0004618	1
0004632	1
0004633	1
0004634	1
0004635	1
0004636	1
0004637	1
0004638	2
0004639	1
0004640	1
0004641	1
0004642	1
0004643	1
0004644	2
0004648	1
0004654	1
0004655	1
0004657	1
0004659	2
0004664	1
0004672	2
0004673	3
0004674	2
0004719	1
0004722	1
0004725	1
0004733	1
0004735	1
0004738	1
0004742	1
0004743	2
0004748	1
0004749	1
0004750	1
0004751	1
0004756	1
0004764	2
0004781	1
0004784	2
0004789	1
0004791	2
0004792	1
0004794	1
0004795	1
0004798	1
0004799	1
0004801	1
0004802	1
0004803	9
0004807	1
0004808	1
0004810	1
0004812	4
0004813	1
0004814	1
0004817	1
0004818	1
0004819	1
0004820	2
0004821	1
0004822	1
0004823	1
0004824	1
0004825	1
0004826	2
0004827	1
0004828	1
0004829	1
0004830	2
0004831	1
0004832	1
0004834	2
0004842	1
0004844	1
0004845	1
0004847	1
0004851	2
0004852	1
0004853	1
0004854	2
0004857	1
0004866	1
0004867	1
0004888	2
0005047	1
0005048	1
0005198	11
0005215	14
0005216	2
0005283	2
0005298	1
0005319	1
0005342	1
0005344	1
0005375	1
0005381	1
0005436	2
0005506	10
0005507	6
0005509	2
0005515	31
0005524	232
0005525	23
0005536	1
0005694	3
0005737	64
0005829	13
0005840	32
0005854	1
0005886	80
0005960	2
0005975	17
0005978	1
0005980	2
0005991	1
0005992	1
0006006	5
0006011	2
0006015	2
0006040	1
0006047	1
0006048	1
0006072	3
0006081	1
0006085	1
0006086	1
0006089	2
0006090	1
0006094	3
0006096	10
0006097	2
0006098	5
0006099	13
0006109	2
0006112	1
0006120	1
0006139	2
0006144	1
0006146	1
0006147	1
0006163	1
0006164	4
0006168	1
0006177	1
0006188	1
0006189	7
0006203	1
0006207	3
0006221	3
0006222	1
0006226	1
0006229	1
0006231	1
0006233	1
0006241	1
0006259	1
0006260	17
0006261	2
0006265	5
0006268	2
0006269	2
0006270	1
0006274	1
0006275	1
0006281	30
0006284	4
0006289	3
0006298	2
0006302	2
0006303	2
0006304	2
0006308	2
0006310	24
0006351	7
0006352	17
0006353	3
0006355	151
0006364	15
0006396	8
0006400	12
0006402	3
0006412	58
0006413	4
0006414	5
0006415	5
0006417	1
0006418	2
0006419	1
0006420	1
0006423	1
0006424	3
0006425	1
0006426	2
0006427	1
0006428	1
0006429	1
0006430	1
0006431	1
0006432	2
0006433	1
0006434	1
0006435	1
0006436	2
0006437	1
0006438	1
0006450	1
0006457	9
0006465	3
0006468	3
0006470	3
0006482	2
0006508	33
0006520	8
0006522	2
0006526	5
0006527	7
0006535	3
0006537	1
0006541	3
0006542	7
0006546	1
0006547	1
0006548	3
0006555	1
0006556	1
0006559	3
0006561	4
0006564	2
0006568	1
0006572	2
0006574	1
0006591	1
0006592	2
0006605	3
0006614	1
0006629	6
0006631	6
0006633	15
0006637	1
0006654	3
0006662	2
0006729	1
0006730	2
0006741	1
0006744	12
0006749	11
0006750	3
0006751	1
0006760	2
0006777	8
0006779	5
0006780	1
0006783	1
0006790	3
0006796	2
0006797	1
0006798	1
0006799	1
0006808	2
0006810	18
0006811	16
0006812	5
0006813	2
0006814	12
0006817	6
0006825	1
0006826	1
0006829	2
0006855	2
0006865	14
0006869	1
0006879	2
0006880	2
0006884	1
0006885	1
0006886	3
0006888	2
0006935	24
0006950	3
0006970	1
0006972	1
0006979	7
0006996	1
0007059	5
0007155	2
0007165	25
0008033	11
0008080	34
0008081	1
0008094	1
0008097	1
0008113	1
0008115	1
0008119	1
0008121	1
0008124	1
0008134	2
0008135	1
0008137	6
0008138	1
0008152	9
0008153	1
0008168	25
0008170	5
0008172	1
0008173	4
0008175	1
0008176	1
0008177	1
0008186	1
0008199	5
0008233	9
0008236	3
0008237	4
0008251	1
0008252	1
0008253	1
0008270	31
0008272	5
0008276	1
0008295	1
0008299	4
0008310	1
0008311	1
0008320	1
0008324	4
0008360	6
0008374	1
0008379	2
0008381	3
0008408	4
0008409	1
0008410	2
0008412	1
0008413	1
0008425	4
0008428	1
0008441	1
0008442	1
0008444	1
0008460	1
0008478	1
0008479	1
0008483	4
0008484	4
0008495	2
0008519	2
0008534	1
0008535	3
0008610	4
0008615	5
0008616	4
0008641	1
0008643	11
0008649	2
0008652	2
0008654	9
0008657	1
0008658	4
0008661	1
0008662	1
0008666	1
0008676	1
0008677	2
0008679	1
0008681	1
0008685	1
0008686	1
0008690	1
0008692	1
0008693	1
0008696	1
0008703	1
0008705	1
0008710	1
0008714	1
0008716	1
0008718	1
0008721	1
0008725	1
0008726	1
0008728	1
0008734	1
0008745	3
0008752	4
0008753	2
0008757	7
0008758	2
0008759	1
0008760	1
0008761	1
0008762	1
0008763	1
0008764	1
0008770	1
0008772	1
0008773	2
0008776	1
0008780	1
0008784	2
0008785	1
0008791	1
0008792	1
0008794	1
0008795	1
0008797	1
0008800	1
0008802	1
0008803	1
0008804	1
0008808	2
0008812	1
0008817	2
0008821	1
0008829	1
0008830	1
0008831	1
0008832	2
0008835	1
0008836	1
0008837	1
0008839	1
0008840	2
0008851	1
0008854	3
0008855	2
0008863	7
0008864	2
0008867	1
0008872	1
0008879	1
0008881	1
0008882	1
0008883	1
0008892	1
0008893	1
0008902	1
0008914	2
0008915	1
0008920	2
0008924	1
0008929	1
0008932	1
0008933	1
0008939	1
0008940	2
0008941	1
0008942	2
0008948	3
0008955	2
0008961	2
0008963	1
0008964	1
0008965	1
0008966	1
0008967	1
0008968	2
0008972	1
0008976	1
0008977	1
0008982	1
0008983	2
0008984	2
0008986	1
0008987	1
0008988	2
0008990	1
0008995	1
0008998	1
0008999	1
0009001	1
0009002	2
0009009	1
0009013	2
0009014	1
0009015	1
0009016	1
0009017	1
0009022	1
0009028	1
0009029	1
0009030	1
0009035	1
0009037	1
0009039	2
0009052	1
0009055	24
0009058	8
0009060	2
0009061	3
0009062	1
0009073	6
0009081	1
0009082	3
0009086	5
0009088	3
0009089	9
0009094	1
0009097	2
0009098	5
0009102	5
0009103	2
0009107	1
0009113	2
0009115	3
0009116	6
0009117	2
0009152	3
0009156	1
0009165	1
0009220	1
0009225	1
0009228	7
0009236	17
0009240	1
0009243	3
0009244	2
0009245	6
0009249	2
0009250	1
0009252	22
0009253	4
0009254	1
0009255	1
0009263	1
0009265	1
0009274	2
0009276	1
0009279	31
0009288	9
0009290	1
0009294	1
0009295	2
0009297	4
0009306	15
0009307	1
0009308	1
0009316	2
0009317	5
0009318	2
0009320	1
0009325	1
0009326	6
0009331	2
0009338	3
0009339	1
0009340	1
0009349	1
0009358	1
0009360	3
0009368	2
0009376	2
0009378	2
0009379	1
0009380	2
0009381	1
0009396	5
0009401	3
0009403	1
0009408	2
0009423	4
0009424	3
0009425	2
0009426	2
0009427	2
0009428	4
0009431	3
0009432	7
0009435	6
0009436	1
0009443	1
0009446	2
0009448	1
0009450	2
0009451	7
0009486	4
0009691	2
0009750	1
0009898	4
0009927	1
0009966	10
0009975	10
0009982	10
0010038	1
0010136	1
0010181	22
0010340	1
0010945	1
0010951	1
0015031	10
0015035	4
0015074	6
0015075	2
0015078	4
0015079	3
0015081	3
0015095	1
0015098	1
0015103	3
0015105	1
0015109	1
0015112	1
0015116	1
0015136	1
0015204	1
0015205	5
0015209	1
0015221	4
0015232	2
0015288	23
0015291	2
0015293	7
0015297	5
0015343	4
0015385	2
0015412	2
0015415	2
0015416	3
0015417	1
0015419	5
0015450	3
0015451	1
0015473	1
0015556	2
0015562	11
0015627	8
0015628	10
0015633	1
0015658	4
0015663	2
0015689	3
0015693	1
0015703	1
0015706	1
0015716	6
0015739	1
0015740	2
0015802	12
0015803	2
0015824	1
0015826	1
0015833	3
0015840	5
0015846	6
0015849	1
0015871	3
0015886	2
0015890	2
0015891	5
0015914	2
0015920	3
0015930	1
0015934	8
0015935	6
0015937	3
0015940	4
0015941	1
0015942	4
0015944	2
0015949	3
0015969	2
0015977	1
0015986	8
0015990	5
0016020	262
0016024	1
0016034	1
0016042	1
0016051	2
0016052	1
0016070	1
0016114	1
0016149	2
0016151	2
0016152	1
0016153	1
0016159	1
0016208	2
0016226	8
0016260	1
0016301	3
0016310	10
0016311	2
0016407	1
0016410	2
0016432	2
0016433	1
0016434	1
0016436	1
0016462	2
0016491	99
0016530	1
0016531	1
0016567	1
0016597	2
0016598	1
0016614	4
0016616	4
0016620	6
0016627	9
0016638	1
0016639	1
0016645	1
0016646	2
0016647	1
0016651	3
0016655	7
0016667	1
0016682	1
0016684	1
0016706	1
0016709	4
0016722	1
0016740	17
0016746	31
0016747	9
0016757	8
0016758	3
0016763	2
0016765	1
0016772	1
0016773	1
0016776	1
0016779	7
0016780	2
0016782	3
0016783	4
0016787	48
0016788	4
0016790	9
0016791	5
0016798	1
0016799	3
0016810	9
0016812	1
0016817	1
0016818	3
0016829	4
0016830	1
0016831	3
0016832	3
0016833	1
0016836	2
0016853	6
0016857	1
0016866	2
0016868	1
0016872	1
0016874	3
0016879	2
0016881	2
0016884	1
0016887	74
0016896	1
0016901	3
0016987	19
0016989	2
0016990	1
0016992	1
0016993	1
0016994	1
0017003	1
0017004	5
0017013	1
0017038	2
0017057	1
0017076	1
0017148	1
0017150	2
0017168	2
0018142	2
0018149	1
0018189	6
0018193	1
0018277	2
0018339	1
0018364	2
0018467	1
0018478	2
0018576	1
0018578	2
0018738	1
0018835	2
0019104	2
0019134	1
0019171	1
0019200	2
0019213	1
0019239	1
0019242	1
0019243	1
0019250	1
0019264	4
0019277	1
0019285	2
0019287	1
0019288	3
0019305	4
0019333	1
0019346	1
0019354	2
0019394	1
0019427	2
0019430	2
0019464	4
0019478	1
0019509	1
0019516	1
0019538	1
0019546	1
0019556	2
0019580	1
0019615	1
0019619	3
0019627	5
0019629	2
0019631	1
0019632	2
0019633	1
0019634	4
0019646	1
0019679	1
0019700	2
0019752	1
0019808	5
0019825	1
0019843	3
0019856	1
0019867	23
0019899	3
0020037	16
0022625	5
0022627	3
0022857	97
0022877	1
0022900	6
0022904	4
0030001	1
0030058	1
0030091	3
0030151	4
0030163	1
0030170	27
0030234	1
0030246	1
0030253	2
0030254	1
0030261	4
0030272	1
0030288	11
0030416	2
0030435	1
0030488	2
0030541	1
0030551	1
0030552	3
0030554	6
0030604	1
0030612	1
0030643	1
0030694	4
0030697	1
0030729	1
0030745	1
0030788	1
0030789	1
0030798	1
0030955	2
0030956	2
0030964	1
0030973	1
0030976	3
0030979	1
0030983	2
0031071	1
0031167	3
0031177	1
0031267	2
0031317	8
0031402	1
0031418	1
0031419	1
0031522	2
0032049	2
0032259	6
0032297	1
0032300	1
0032329	1
0032363	1
0032508	1
0032784	4
0032934	1
0032955	1
0032977	1
0033014	3
0033103	11
0033104	3
0033194	1
0033214	2
0033219	1
0033221	5
0033232	2
0033265	3
0033286	4
0033288	4
0033294	1
0033295	1
0033308	4
0033573	1
0033711	1
0033739	1
0033743	1
0033744	1
0033745	1
0033819	1
0033828	1
0033856	1
0033862	1
0033863	1
0033890	1
0033942	1
0033971	1
0034204	1
0034220	4
0034257	1
0034258	1
0034755	1
0035438	11
0035550	1
0035870	1
0035991	1
0036125	1
0036211	7
0036222	1
0036374	1
0036376	1
0036424	1
0038023	2
0042026	2
0042126	1
0042128	1
0042132	1
0042158	2
0042173	1
0042242	1
0042254	5
0042273	1
0042274	1
0042286	1
0042398	1
0042400	3
0042450	2
0042546	1
0042578	1
0042586	1
0042597	15
0042619	2
0042626	65
0042773	3
0042780	1
0042802	9
0042803	1
0042823	1
0042834	5
0042853	1
0042908	3
0042910	5
0042918	2
0042952	2
0042953	5
0043022	7
0043039	2
0043093	1
0043101	1
0043107	1
0043115	1
0043165	1
0043169	1
0043190	16
0043213	1
0043231	1
0043295	3
0043335	1
0043419	1
0043546	6
0043565	17
0043751	1
0043752	1
0043755	1
0043811	1
0043819	1
0043824	1
0043828	1
0043856	2
0043858	2
0043867	1
0043952	3
0043953	2
0044205	1
0044209	1
0044237	2
0044341	2
0044571	1
0044668	1
0044780	17
0044781	3
0044874	1
0045027	1
0045182	2
0045226	1
0045252	1
0045254	2
0045261	3
0045262	2
0045263	1
0045271	1
0045273	2
0045275	1
0045278	4
0045340	3
0045454	4
0045861	2
0045892	6
0045893	4
0045900	1
0045936	1
0046026	1
0046081	1
0046110	1
0046118	1
0046168	1
0046209	1
0046278	2
0046292	1
0046294	1
0046306	1
0046392	1
0046416	1
0046421	1
0046429	1
0046523	1
0046537	1
0046565	1
0046653	1
0046654	2
0046656	1
0046677	1
0046685	3
0046689	3
0046820	1
0046872	77
0046917	1
0046930	13
0046933	5
0046983	4
0047111	2
0047134	1
0047343	1
0047429	2
0047448	1
0047456	1
0047471	1
0047472	1
0047480	1
0047570	1
0047575	1
0047617	5
0047632	1
0047733	1
0047834	2
0047952	1
0048001	1
0048034	1
0048038	6
0048472	1
0048473	2
0048501	1
0050126	1
0050136	3
0050269	1
0050304	1
0050311	2
0050380	1
0050415	1
0050421	1
0050440	1
0050446	1
0050480	1
0050511	1
0050515	1
0050518	1
0050520	1
0050567	2
0050568	2
0050570	1
0050660	28
0050661	18
0050787	1
0050992	1
0051073	1
0051082	5
0051083	1
0051087	1
0051116	1
0051139	4
0051156	1
0051213	2
0051252	1
0051259	1
0051262	1
0051266	1
0051287	21
0051290	1
0051301	9
0051353	1
0051409	1
0051470	4
0051473	1
0051536	18
0051537	12
0051539	27
0051540	1
0051596	2
0051603	1
0051604	1
0051607	1
0051745	1
0051782	2
0051903	1
0051920	5
0051989	1
0052381	1
0052621	1
0052693	1
0052699	2
0052873	3
0052906	1
0052913	1
0055052	39
0055085	120
0061024	1
0061077	1
0061542	5
0061599	1
0061710	2
0061798	1
0061799	1
0065003	1
0070006	4
0070007	1
0070063	2
0070401	1
0070402	2
0070403	13
0070475	2
0070573	1
0070733	1
0070905	4
0070968	2
0071111	1
0071268	1
0071522	1
0071555	4
0071586	1
0071709	1
0071824	2
0071918	1
0071949	10
0071951	1
0071973	18
0071978	1
0072344	1
0072488	2
0075713	1
0097163	1
0097367	2
0098561	29
0098567	2
0098662	4
0098869	1
0101006	1
0102039	1
0102208	4
0106361	1
0140078	1
0140110	2
0140359	69
0140658	2
0140662	3
0140741	1
0141014	2
1901135	2
1901137	1
1901576	1
1901891	1
1901893	1
1902495	1
1902600	5
1903826	2
1904047	18
1904680	3
1905887	3
1990107	1
1990229	1
1990397	1
1990586	1
1990610	1
1990961	1
