0000049	2
0000103	2
0000105	7
0000107	2
0000155	6
0000156	5
0000160	9
0000162	3
0000166	16
0000179	1
0000271	4
0000286	1
0000287	10
0000302	1
0000310	1
0000311	1
0000314	3
0000315	3
0000413	1
0000451	1
0000724	2
0000774	1
0000906	1
0000910	2
0001216	2
0001228	1
0001510	2
0001522	5
0001680	1
0002098	1
0002100	1
0002161	2
0002949	3
0003333	3
0003676	15
0003677	99
0003678	7
0003684	4
0003688	1
0003697	3
0003700	67
0003723	26
0003725	1
0003729	1
0003735	55
0003743	3
0003746	4
0003747	1
0003755	3
0003796	1
0003824	23
0003842	1
0003848	1
0003852	1
0003855	1
0003856	1
0003857	1
0003858	1
0003861	2
0003862	1
0003864	1
0003866	1
0003871	2
0003879	1
0003883	1
0003886	2
0003887	9
0003896	2
0003899	6
0003904	1
0003906	1
0003908	2
0003911	1
0003916	1
0003917	2
0003918	4
0003919	1
0003920	1
0003922	1
0003924	16
0003933	1
0003934	1
0003937	1
0003938	1
0003941	2
0003942	1
0003951	2
0003952	1
0003977	1
0003978	1
0003983	2
0003984	1
0003989	3
0003991	1
0003994	1
0003999	1
0004000	1
0004016	1
0004018	1
0004019	1
0004020	1
0004042	1
0004044	1
0004045	2
0004047	1
0004048	1
0004053	1
0004055	1
0004056	1
0004068	1
0004070	1
0004072	1
0004073	1
0004075	1
0004076	1
0004077	1
0004084	1
0004088	1
0004096	1
0004107	1
0004124	1
0004126	1
0004127	1
0004129	1
0004139	1
0004140	1
0004146	1
0004148	2
0004149	1
0004150	1
0004151	1
0004156	1
0004160	2
0004163	1
0004176	1
0004180	3
0004190	1
0004222	5
0004252	10
0004298	1
0004314	1
0004315	2
0004316	1
0004318	1
0004325	1
0004326	1
0004329	1
0004332	1
0004333	1
0004335	1
0004340	1
0004342	1
0004345	1
0004347	1
0004356	2
0004358	1
0004359	2
0004360	1
0004370	1
0004371	1
0004372	1
0004375	2
0004385	1
0004386	3
0004397	1
0004400	2
0004412	1
0004413	1
0004417	1
0004418	1
0004420	1
0004421	1
0004424	1
0004425	1
0004427	1
0004450	1
0004452	1
0004459	1
0004476	2
0004478	1
0004479	1
0004496	1
0004497	5
0004516	1
0004517	1
0004518	1
0004519	5
0004523	2
0004525	1
0004526	1
0004527	4
0004540	1
0004550	1
0004553	4
0004564	1
0004585	1
0004587	2
0004588	1
0004590	1
0004591	1
0004592	1
0004594	2
0004595	1
0004601	1
0004602	2
0004604	1
0004605	1
0004612	1
0004616	1
0004617	1
0004631	1
0004632	1
0004633	1
0004635	1
0004636	1
0004637	1
0004638	2
0004639	1
0004641	1
0004642	2
0004643	1
0004644	1
0004654	1
0004655	1
0004659	1
0004671	1
0004672	1
0004673	2
0004674	2
0004722	1
0004725	3
0004729	1
0004731	1
0004735	2
0004736	1
0004739	1
0004743	1
0004746	1
0004747	2
0004748	2
0004749	1
0004750	1
0004751	1
0004764	1
0004781	1
0004783	2
0004784	1
0004788	1
0004789	1
0004791	1
0004794	1
0004795	1
0004797	1
0004798	1
0004799	1
0004801	1
0004802	1
0004803	4
0004807	1
0004812	3
0004813	1
0004814	1
0004816	1
0004817	1
0004818	1
0004820	1
0004821	1
0004822	1
0004823	1
0004824	1
0004825	1
0004826	2
0004827	1
0004828	1
0004829	1
0004830	1
0004831	1
0004832	1
0004834	2
0004844	1
0004845	1
0004849	1
0004851	1
0004853	1
0004856	3
0005047	1
0005048	1
0005198	8
0005215	5
0005283	2
0005298	1
0005337	2
0005436	1
0005504	1
0005506	2
0005507	3
0005509	1
0005515	6
0005524	150
0005525	20
0005536	1
0005694	3
0005737	52
0005829	4
0005840	33
0005854	1
0005886	44
0005948	1
0005960	1
0005971	1
0005975	19
0005991	1
0005996	1
0005997	2
0005998	1
0006002	1
0006006	3
0006011	2
0006012	2
0006014	2
0006044	2
0006048	1
0006051	1
0006064	1
0006071	3
0006072	1
0006085	1
0006086	2
0006090	2
0006094	5
0006096	10
0006098	4
0006099	7
0006106	1
0006109	1
0006119	1
0006139	4
0006163	2
0006164	4
0006166	1
0006168	1
0006171	1
0006177	1
0006189	8
0006207	2
0006213	1
0006221	3
0006231	1
0006233	1
0006241	1
0006259	2
0006260	16
0006261	3
0006265	6
0006268	1
0006269	1
0006270	2
0006275	1
0006281	22
0006282	1
0006284	3
0006289	3
0006298	3
0006302	1
0006304	2
0006308	1
0006310	16
0006313	1
0006351	7
0006352	4
0006353	3
0006355	67
0006364	9
0006396	2
0006400	10
0006401	1
0006402	2
0006412	60
0006413	3
0006414	4
0006415	4
0006418	2
0006419	1
0006420	1
0006421	1
0006423	1
0006424	3
0006426	1
0006427	1
0006428	1
0006429	1
0006430	1
0006431	1
0006432	2
0006433	1
0006434	1
0006435	1
0006436	1
0006437	1
0006438	1
0006450	1
0006457	4
0006465	3
0006468	3
0006470	4
0006481	1
0006508	14
0006520	3
0006522	1
0006523	1
0006526	3
0006534	1
0006535	2
0006537	1
0006541	1
0006542	2
0006546	2
0006548	2
0006556	1
0006561	2
0006562	1
0006564	1
0006565	2
0006568	1
0006592	3
0006614	1
0006631	1
0006633	9
0006635	3
0006654	1
0006730	2
0006741	1
0006750	1
0006751	1
0006760	1
0006772	2
0006777	6
0006779	4
0006783	1
0006785	1
0006790	2
0006809	1
0006810	3
0006811	2
0006812	1
0006813	1
0006814	8
0006817	4
0006824	1
0006855	1
0006865	9
0006950	1
0006979	4
0007059	4
0007155	1
0007165	3
0008033	7
0008080	20
0008094	1
0008113	3
0008135	1
0008137	1
0008152	10
0008168	8
0008170	2
0008173	2
0008175	1
0008176	1
0008186	1
0008199	1
0008233	5
0008234	1
0008236	1
0008251	1
0008253	4
0008270	16
0008299	3
0008324	1
0008360	7
0008374	1
0008375	1
0008379	1
0008381	2
0008408	4
0008409	1
0008410	3
0008441	1
0008444	1
0008448	1
0008465	1
0008479	1
0008495	1
0008519	1
0008534	1
0008610	2
0008616	4
0008641	3
0008643	11
0008649	2
0008652	2
0008654	2
0008655	1
0008658	3
0008662	1
0008670	1
0008675	1
0008677	1
0008686	1
0008700	1
0008703	1
0008716	1
0008721	1
0008733	1
0008741	2
0008742	1
0008745	3
0008747	1
0008752	2
0008753	2
0008756	1
0008757	5
0008760	2
0008761	1
0008762	1
0008763	1
0008764	1
0008776	1
0008782	1
0008784	1
0008785	1
0008788	1
0008795	1
0008800	1
0008802	1
0008808	2
0008812	1
0008835	1
0008836	1
0008839	1
0008840	2
0008841	1
0008855	1
0008863	3
0008864	1
0008880	1
0008881	1
0008883	1
0008887	1
0008890	1
0008897	1
0008902	2
0008909	1
0008924	1
0008930	1
0008935	1
0008959	1
0008961	1
0008962	2
0008963	1
0008965	1
0008966	1
0008972	2
0008973	1
0008982	6
0008999	1
0009001	1
0009009	1
0009039	2
0009052	1
0009055	7
0009058	5
0009061	1
0009062	1
0009073	4
0009081	1
0009082	4
0009086	4
0009088	2
0009089	6
0009098	4
0009102	1
0009103	1
0009107	1
0009113	2
0009116	4
0009117	1
0009143	1
0009152	2
0009156	1
0009164	1
0009166	1
0009220	1
0009228	8
0009234	9
0009249	2
0009252	15
0009253	4
0009254	1
0009255	2
0009263	2
0009264	2
0009279	1
0009290	1
0009294	1
0009306	7
0009316	2
0009317	4
0009318	1
0009320	1
0009326	2
0009331	1
0009337	1
0009349	1
0009360	2
0009368	1
0009372	1
0009374	1
0009376	2
0009378	2
0009379	1
0009380	2
0009381	1
0009396	2
0009401	15
0009403	1
0009408	2
0009423	2
0009432	3
0009435	3
0009451	2
0009486	1
0009691	1
0009898	3
0009972	1
0009982	7
0009986	1
0010181	16
0015031	2
0015035	1
0015036	1
0015074	2
0015078	5
0015079	2
0015087	1
0015095	2
0015103	2
0015105	3
0015109	1
0015128	3
0015136	1
0015144	2
0015171	8
0015204	1
0015205	2
0015267	1
0015293	8
0015297	3
0015385	1
0015410	1
0015412	2
0015415	3
0015450	3
0015499	1
0015501	1
0015562	1
0015572	1
0015573	1
0015574	1
0015591	1
0015616	1
0015658	2
0015662	1
0015689	2
0015693	2
0015700	2
0015703	1
0015724	1
0015739	1
0015752	1
0015759	1
0015771	1
0015803	2
0015813	1
0015824	1
0015833	1
0015837	2
0015840	1
0015930	1
0015934	8
0015935	6
0015936	1
0015937	5
0015940	3
0015941	1
0015942	2
0015949	2
0015969	2
0015970	1
0015986	6
0015990	4
0016020	136
0016024	1
0016032	1
0016070	1
0016114	1
0016126	2
0016149	2
0016151	2
0016153	1
0016154	1
0016209	1
0016226	4
0016298	1
0016301	6
0016310	6
0016311	1
0016407	1
0016430	1
0016433	1
0016434	1
0016462	1
0016491	44
0016530	1
0016597	1
0016614	1
0016616	3
0016620	4
0016627	1
0016628	1
0016646	2
0016651	2
0016655	2
0016657	1
0016682	3
0016684	1
0016705	1
0016740	5
0016746	19
0016747	6
0016755	5
0016757	7
0016758	1
0016765	2
0016773	1
0016776	3
0016779	2
0016780	2
0016782	1
0016783	3
0016787	49
0016788	1
0016790	1
0016791	3
0016799	2
0016805	1
0016812	2
0016818	2
0016823	1
0016829	1
0016831	2
0016832	3
0016835	1
0016836	1
0016853	5
0016857	1
0016861	2
0016862	1
0016868	2
0016872	1
0016874	2
0016879	1
0016884	2
0016887	39
0016891	1
0016894	1
0016920	1
0016987	5
0016992	1
0016998	1
0017004	1
0017103	1
0017111	1
0017118	1
0017148	1
0017168	1
0018364	1
0018478	1
0019068	7
0019082	1
0019104	2
0019120	1
0019134	1
0019152	1
0019172	2
0019200	1
0019205	1
0019213	2
0019239	1
0019262	1
0019264	1
0019277	2
0019285	2
0019287	3
0019310	5
0019344	1
0019346	3
0019350	6
0019354	1
0019379	1
0019388	1
0019430	1
0019464	2
0019480	1
0019509	1
0019521	1
0019547	1
0019556	2
0019569	3
0019627	2
0019632	1
0019647	1
0019829	1
0019843	3
0019854	1
0020037	4
0022625	5
0022627	3
0022857	60
0022877	1
0030001	4
0030091	3
0030145	1
0030170	20
0030246	2
0030261	2
0030272	1
0030288	1
0030420	3
0030435	1
0030488	1
0030612	2
0030643	1
0030955	1
0030956	2
0030973	1
0030976	5
0030983	4
0031071	1
0031072	1
0031167	2
0031317	1
0031388	1
0031402	1
0032049	2
0032259	1
0032300	1
0032466	1
0032508	2
0032784	2
0033014	4
0033228	1
0033230	1
0033232	4
0033739	1
0033743	1
0033744	2
0033745	1
0033818	1
0033862	1
0034219	1
0034618	1
0034979	1
0035429	3
0035460	1
0035550	1
0036211	5
0036370	1
0036374	1
0042026	2
0042132	1
0042254	6
0042274	1
0042286	2
0042450	2
0042578	3
0042586	1
0042597	1
0042626	45
0042773	2
0042780	1
0042802	3
0042803	1
0042823	2
0042853	1
0043022	5
0043039	1
0043093	1
0043094	1
0043101	2
0043138	1
0043139	1
0043190	11
0043295	2
0043419	2
0043546	1
0043565	8
0043768	1
0043800	1
0043801	1
0043811	1
0043822	1
0043937	1
0043952	3
0044038	1
0044205	1
0044341	1
0044423	4
0045148	1
0045150	1
0045151	1
0045182	1
0045227	1
0045239	1
0045252	1
0045254	1
0045261	4
0045454	2
0045717	1
0045892	6
0045910	1
0045936	1
0045982	1
0046110	1
0046118	1
0046168	1
0046316	1
0046348	1
0046416	2
0046417	1
0046537	1
0046654	1
0046685	3
0046797	1
0046835	1
0046857	1
0046872	37
0046873	2
0046933	4
0046983	3
0047150	1
0047151	1
0047200	1
0047244	1
0047324	3
0047348	1
0047355	5
0047356	1
0047429	1
0047465	1
0047473	1
0047480	1
0047590	1
0047605	1
0047617	1
0047804	1
0047810	1
0047952	1
0048473	4
0048501	1
0050043	1
0050112	1
0050114	1
0050136	1
0050242	1
0050334	1
0050380	1
0050415	1
0050456	1
0050480	1
0050511	1
0050515	1
0050567	2
0050660	10
0050661	10
0051082	3
0051083	1
0051087	1
0051119	3
0051139	1
0051205	1
0051287	12
0051301	7
0051304	1
0051536	7
0051539	9
0051540	1
0051603	1
0051920	2
0051989	1
0052381	1
0052689	1
0052693	1
0052873	2
0052906	1
0052913	1
0052916	1
0055051	1
0055052	12
0055056	2
0055070	1
0055085	62
0061599	1
0061710	1
0061712	1
0061799	1
0070006	1
0070007	2
0070063	1
0070069	1
0070204	1
0070205	1
0070394	1
0070395	2
0070401	1
0070403	6
0070475	1
0070501	2
0070569	1
0070726	3
0070905	1
0071555	4
0071793	2
0071949	4
0071951	1
0072488	1
0090729	2
0098662	1
0098847	1
0102039	1
0110001	1
0140078	1
0140110	1
0140327	1
0140359	49
0140662	1
0140741	1
0140911	2
1901135	1
1901137	1
1901576	1
1901642	2
1902065	1
1902495	4
1902560	1
1902600	2
1904047	12
1904659	2
1905887	1
1990107	1
1990397	1
1990586	1
1990610	1
1990814	1
