0000015	1
0000027	1
0000034	1
0000049	2
0000062	1
0000098	1
0000103	4
0000104	2
0000105	13
0000107	4
0000150	1
0000155	23
0000156	23
0000160	57
0000162	4
0000166	28
0000175	2
0000179	1
0000210	1
0000255	1
0000256	2
0000270	4
0000271	4
0000272	2
0000286	1
0000287	21
0000302	1
0000311	1
0000314	3
0000315	3
0000373	3
0000413	2
0000451	1
0000774	1
0000902	2
0000906	1
0000910	5
0000917	1
0000918	1
0001072	1
0001216	23
0001510	3
0001522	13
0001530	1
0001539	5
0001680	1
0002098	3
0002100	1
0002143	2
0002161	2
0002943	2
0002949	3
0002953	1
0003333	3
0003676	33
0003677	219
0003678	7
0003680	1
0003684	5
0003688	1
0003690	1
0003697	3
0003700	144
0003723	43
0003724	4
0003725	2
0003729	2
0003735	55
0003743	3
0003746	7
0003747	3
0003755	10
0003774	5
0003824	35
0003841	2
0003842	1
0003844	1
0003848	3
0003849	1
0003852	1
0003855	1
0003856	1
0003857	2
0003861	2
0003862	1
0003864	1
0003866	1
0003868	1
0003871	2
0003879	1
0003883	1
0003887	10
0003899	6
0003906	2
0003908	2
0003910	1
0003911	1
0003913	1
0003916	2
0003917	3
0003918	4
0003919	1
0003920	1
0003922	1
0003924	20
0003934	2
0003935	2
0003937	1
0003938	1
0003941	4
0003942	1
0003949	1
0003951	1
0003952	1
0003954	1
0003955	1
0003957	1
0003964	3
0003977	1
0003978	2
0003983	2
0003984	1
0003985	1
0003987	1
0003988	2
0003989	4
0003991	1
0003994	1
0003995	1
0003998	1
0003999	1
0004000	1
0004015	1
0004017	1
0004018	1
0004019	1
0004020	1
0004022	3
0004030	1
0004034	1
0004035	1
0004037	1
0004040	1
0004042	1
0004044	1
0004045	2
0004047	1
0004048	1
0004049	2
0004055	1
0004056	1
0004057	1
0004065	3
0004066	1
0004067	3
0004070	1
0004072	2
0004073	2
0004075	1
0004076	1
0004077	1
0004084	1
0004088	1
0004089	1
0004096	1
0004106	1
0004107	1
0004108	1
0004109	2
0004112	3
0004115	1
0004124	1
0004126	1
0004127	1
0004129	7
0004130	1
0004133	1
0004134	1
0004139	2
0004140	1
0004141	1
0004143	1
0004146	1
0004148	1
0004149	1
0004150	2
0004151	1
0004152	1
0004156	1
0004160	1
0004165	1
0004176	5
0004177	2
0004181	8
0004185	1
0004190	3
0004222	8
0004252	14
0004298	1
0004300	1
0004314	1
0004315	4
0004316	1
0004318	2
0004322	1
0004324	1
0004325	1
0004326	1
0004329	1
0004332	1
0004333	1
0004335	1
0004342	1
0004345	1
0004347	1
0004349	1
0004350	1
0004352	1
0004356	2
0004357	1
0004359	2
0004360	1
0004362	2
0004363	1
0004364	2
0004366	1
0004368	1
0004370	1
0004372	2
0004375	1
0004385	1
0004386	8
0004397	1
0004399	3
0004400	2
0004401	1
0004412	1
0004413	1
0004416	1
0004418	1
0004424	1
0004425	1
0004427	1
0004450	1
0004451	1
0004455	1
0004457	1
0004462	2
0004470	1
0004471	1
0004474	2
0004476	1
0004478	1
0004479	1
0004488	1
0004489	1
0004497	7
0004505	1
0004514	1
0004518	2
0004519	4
0004521	3
0004523	2
0004525	1
0004526	1
0004527	4
0004534	1
0004536	3
0004540	3
0004550	1
0004553	12
0004557	1
0004558	1
0004559	1
0004563	1
0004564	1
0004565	1
0004585	1
0004588	1
0004590	1
0004591	1
0004592	1
0004594	1
0004595	1
0004601	3
0004602	1
0004604	1
0004609	1
0004612	1
0004614	1
0004616	2
0004618	1
0004619	1
0004632	1
0004633	1
0004634	1
0004635	1
0004636	1
0004637	1
0004638	2
0004639	1
0004640	1
0004641	1
0004642	1
0004643	1
0004644	2
0004648	1
0004654	1
0004655	1
0004657	1
0004664	1
0004665	1
0004672	3
0004673	14
0004674	4
0004719	1
0004721	2
0004722	1
0004725	2
0004730	1
0004731	2
0004733	1
0004735	1
0004738	1
0004742	1
0004743	2
0004747	2
0004748	1
0004749	1
0004750	1
0004751	1
0004764	1
0004781	1
0004783	2
0004784	2
0004791	1
0004792	1
0004794	1
0004795	1
0004797	1
0004798	1
0004801	1
0004802	2
0004803	45
0004807	1
0004808	2
0004810	1
0004812	5
0004813	1
0004814	1
0004816	1
0004817	1
0004818	1
0004819	1
0004820	2
0004821	1
0004822	1
0004823	1
0004824	1
0004825	1
0004826	2
0004827	1
0004828	1
0004829	1
0004830	2
0004831	2
0004832	1
0004834	2
0004844	1
0004845	1
0004849	1
0004851	1
0004852	1
0004853	1
0004854	2
0004856	1
0004857	1
0004888	5
0005047	1
0005048	1
0005198	7
0005215	14
0005216	3
0005247	1
0005267	2
0005272	1
0005283	4
0005298	1
0005315	1
0005337	3
0005351	1
0005436	1
0005488	1
0005506	8
0005507	4
0005509	2
0005515	34
0005524	287
0005525	51
0005542	1
0005694	3
0005737	66
0005829	6
0005840	34
0005854	1
0005886	113
0005960	1
0005975	45
0005978	3
0005980	1
0005983	1
0005991	2
0005997	1
0006002	1
0006006	4
0006007	1
0006011	2
0006012	6
0006013	1
0006014	2
0006015	1
0006040	1
0006044	2
0006048	1
0006064	1
0006066	1
0006071	1
0006072	3
0006081	1
0006085	1
0006086	2
0006089	2
0006090	1
0006094	7
0006096	9
0006097	2
0006098	6
0006099	12
0006106	1
0006109	1
0006116	1
0006139	4
0006144	1
0006146	1
0006147	1
0006163	1
0006164	3
0006166	1
0006168	1
0006177	1
0006188	1
0006189	6
0006203	1
0006207	4
0006213	1
0006221	2
0006222	1
0006233	1
0006241	1
0006259	1
0006260	17
0006261	3
0006265	6
0006269	1
0006270	1
0006275	1
0006281	27
0006284	5
0006289	3
0006298	2
0006304	2
0006308	1
0006310	33
0006313	1
0006351	7
0006352	7
0006353	3
0006355	191
0006364	13
0006396	9
0006397	1
0006400	16
0006401	1
0006402	2
0006412	59
0006413	3
0006414	7
0006415	5
0006417	1
0006418	3
0006419	1
0006420	1
0006421	1
0006423	1
0006424	1
0006425	1
0006426	2
0006427	1
0006428	1
0006429	1
0006430	1
0006431	1
0006432	2
0006433	1
0006434	1
0006435	1
0006436	2
0006437	2
0006438	1
0006457	13
0006465	2
0006468	3
0006470	3
0006482	1
0006486	7
0006487	1
0006508	50
0006520	5
0006522	1
0006526	4
0006527	3
0006529	1
0006535	2
0006537	2
0006541	3
0006542	2
0006546	1
0006547	1
0006548	2
0006556	1
0006559	3
0006561	3
0006564	2
0006567	1
0006568	1
0006571	1
0006572	2
0006591	1
0006592	2
0006596	1
0006605	3
0006614	1
0006629	9
0006631	2
0006633	17
0006635	1
0006636	1
0006637	1
0006654	2
0006662	2
0006729	1
0006730	1
0006744	11
0006749	8
0006750	3
0006751	1
0006760	2
0006772	1
0006777	8
0006779	5
0006780	1
0006783	2
0006790	3
0006799	1
0006801	2
0006808	2
0006810	18
0006811	2
0006812	9
0006813	4
0006814	15
0006817	10
0006821	1
0006826	4
0006829	2
0006855	3
0006865	31
0006879	2
0006885	1
0006886	4
0006935	30
0006950	1
0006979	8
0007059	5
0007155	2
0007165	33
0008033	10
0008080	28
0008081	6
0008094	1
0008108	1
0008113	2
0008115	1
0008119	1
0008121	2
0008124	1
0008127	1
0008134	2
0008135	1
0008137	1
0008152	12
0008153	1
0008168	17
0008170	1
0008171	2
0008173	3
0008175	1
0008176	1
0008177	1
0008186	1
0008198	1
0008199	6
0008219	2
0008233	6
0008234	1
0008236	4
0008237	9
0008250	1
0008251	1
0008252	1
0008253	2
0008270	34
0008276	1
0008289	2
0008295	2
0008299	4
0008310	1
0008311	1
0008320	1
0008324	5
0008360	6
0008374	1
0008381	4
0008408	4
0008409	1
0008412	1
0008413	1
0008428	1
0008441	1
0008444	2
0008448	1
0008478	1
0008479	1
0008483	3
0008490	1
0008495	1
0008519	1
0008534	1
0008535	2
0008610	5
0008615	5
0008616	3
0008641	3
0008643	25
0008649	4
0008652	4
0008653	1
0008654	8
0008658	4
0008661	1
0008662	1
0008663	1
0008666	1
0008676	1
0008677	1
0008679	1
0008681	1
0008685	1
0008686	2
0008690	1
0008692	2
0008696	1
0008703	1
0008705	1
0008710	1
0008712	1
0008716	1
0008718	1
0008720	1
0008721	1
0008725	2
0008728	1
0008734	1
0008743	1
0008745	3
0008750	2
0008752	3
0008753	7
0008754	1
0008755	1
0008756	1
0008757	11
0008758	1
0008760	1
0008762	1
0008763	1
0008764	1
0008770	1
0008773	4
0008776	1
0008780	1
0008782	1
0008783	1
0008784	1
0008785	1
0008788	1
0008791	1
0008792	1
0008794	1
0008795	1
0008797	1
0008798	2
0008800	2
0008802	1
0008803	1
0008808	1
0008812	1
0008813	1
0008817	1
0008821	1
0008832	1
0008835	1
0008836	1
0008837	1
0008839	1
0008840	1
0008851	1
0008854	3
0008855	1
0008859	1
0008861	1
0008863	3
0008864	2
0008878	2
0008880	1
0008881	1
0008882	1
0008883	1
0008887	3
0008889	1
0008890	1
0008892	1
0008893	1
0008894	1
0008897	1
0008899	1
0008902	1
0008909	1
0008914	1
0008915	1
0008920	1
0008926	1
0008929	1
0008930	1
0008932	1
0008933	3
0008934	1
0008935	1
0008939	1
0008940	1
0008941	1
0008942	3
0008948	1
0008955	2
0008959	1
0008961	1
0008962	1
0008963	1
0008964	1
0008966	1
0008967	1
0008968	2
0008972	1
0008973	1
0008974	1
0008976	1
0008977	1
0008982	8
0008984	1
0008986	1
0008987	1
0008988	2
0008990	2
0008995	1
0008998	1
0008999	1
0009001	1
0009002	1
0009007	1
0009009	4
0009014	1
0009017	1
0009022	1
0009028	1
0009029	1
0009030	1
0009032	1
0009035	1
0009039	2
0009052	1
0009055	33
0009058	7
0009060	2
0009061	5
0009062	1
0009067	1
0009073	6
0009081	1
0009082	4
0009086	5
0009088	3
0009089	7
0009094	1
0009097	2
0009098	3
0009102	6
0009103	4
0009107	2
0009113	2
0009115	3
0009116	2
0009117	4
0009132	4
0009143	1
0009146	2
0009152	4
0009156	1
0009164	1
0009165	1
0009166	3
0009220	1
0009228	7
0009231	1
0009234	6
0009236	4
0009240	1
0009244	2
0009245	7
0009246	1
0009249	3
0009252	15
0009253	3
0009254	3
0009263	1
0009264	2
0009271	1
0009274	1
0009276	5
0009279	32
0009288	5
0009289	1
0009290	1
0009294	2
0009295	1
0009297	3
0009306	12
0009307	3
0009316	2
0009317	5
0009318	1
0009320	1
0009325	1
0009326	3
0009331	1
0009337	2
0009338	3
0009340	1
0009341	1
0009347	1
0009349	1
0009358	1
0009360	2
0009368	2
0009376	2
0009378	2
0009379	1
0009380	2
0009381	1
0009396	6
0009399	1
0009401	10
0009403	1
0009408	2
0009421	1
0009423	2
0009424	2
0009426	1
0009428	2
0009431	2
0009432	3
0009435	4
0009436	1
0009443	1
0009446	2
0009448	1
0009451	8
0009750	1
0009897	1
0009898	7
0009927	2
0009966	8
0009972	1
0009975	8
0009982	12
0010038	1
0010133	1
0010181	26
0010340	1
0010608	1
0010945	1
0010974	1
0015031	12
0015035	7
0015036	6
0015074	11
0015078	5
0015079	2
0015081	1
0015093	1
0015095	2
0015098	2
0015103	3
0015109	3
0015112	1
0015113	1
0015116	1
0015129	1
0015136	1
0015144	1
0015150	1
0015171	5
0015173	1
0015205	6
0015209	1
0015220	1
0015221	3
0015232	4
0015252	4
0015267	8
0015288	15
0015291	3
0015293	15
0015295	1
0015297	12
0015343	3
0015379	1
0015385	3
0015415	5
0015416	5
0015424	5
0015440	1
0015450	4
0015499	2
0015501	1
0015503	1
0015535	1
0015556	2
0015562	20
0015572	1
0015574	1
0015627	12
0015628	17
0015633	1
0015645	1
0015652	1
0015658	1
0015689	3
0015693	2
0015697	2
0015700	1
0015703	3
0015706	1
0015707	1
0015716	5
0015724	2
0015727	1
0015739	1
0015740	10
0015756	1
0015771	1
0015774	1
0015801	1
0015803	1
0015813	1
0015824	1
0015826	1
0015833	5
0015840	5
0015846	1
0015851	6
0015871	1
0015886	2
0015888	3
0015889	1
0015891	14
0015914	1
0015920	3
0015930	2
0015934	8
0015935	6
0015937	4
0015940	4
0015941	1
0015942	3
0015949	2
0015969	2
0015974	1
0015976	3
0015977	1
0015986	8
0015990	1
0016020	417
0016034	1
0016042	4
0016070	1
0016114	1
0016149	2
0016151	5
0016153	1
0016208	1
0016209	2
0016226	11
0016301	7
0016310	12
0016311	2
0016407	2
0016410	3
0016413	2
0016430	1
0016432	3
0016434	1
0016436	1
0016462	2
0016491	68
0016530	1
0016531	1
0016597	1
0016598	1
0016614	1
0016616	5
0016620	7
0016627	1
0016628	1
0016638	1
0016655	7
0016661	1
0016682	2
0016705	2
0016709	2
0016717	1
0016722	1
0016740	7
0016746	31
0016747	8
0016757	17
0016758	1
0016763	1
0016765	4
0016772	2
0016773	2
0016776	2
0016779	6
0016780	3
0016782	2
0016783	4
0016787	54
0016788	14
0016790	6
0016791	1
0016798	2
0016799	3
0016810	6
0016812	2
0016817	5
0016818	1
0016829	8
0016830	5
0016831	4
0016832	5
0016833	3
0016835	1
0016836	3
0016841	1
0016846	2
0016853	5
0016855	1
0016857	1
0016866	1
0016868	2
0016872	2
0016874	3
0016879	1
0016881	2
0016887	90
0016893	1
0016896	1
0016901	2
0016987	8
0016989	2
0016990	1
0016992	1
0017000	6
0017004	11
0017013	1
0017038	2
0017057	1
0017108	1
0017148	2
0017150	3
0017168	3
0018104	2
0018209	1
0018277	1
0018364	2
0018738	1
0019104	2
0019134	1
0019171	1
0019172	1
0019200	4
0019213	1
0019217	1
0019239	1
0019242	1
0019243	1
0019264	2
0019277	1
0019281	1
0019285	2
0019287	1
0019288	3
0019344	1
0019346	2
0019354	1
0019379	1
0019427	1
0019430	1
0019464	2
0019491	2
0019509	1
0019529	1
0019538	3
0019545	1
0019546	1
0019556	2
0019580	1
0019594	1
0019627	4
0019629	2
0019632	1
0019646	2
0019679	2
0019700	2
0019752	3
0019825	1
0019829	3
0019835	1
0019843	3
0019856	1
0019867	13
0020037	25
0022625	5
0022627	3
0022857	142
0022872	1
0022877	2
0022900	7
0022904	4
0030001	5
0030060	1
0030091	3
0030145	3
0030151	3
0030163	1
0030170	26
0030234	2
0030246	1
0030253	3
0030261	3
0030272	1
0030288	14
0030420	1
0030488	1
0030527	1
0030552	1
0030554	3
0030604	1
0030638	4
0030643	1
0030655	2
0030674	1
0030694	3
0030697	1
0030729	1
0030955	1
0030974	1
0030975	1
0030976	5
0030983	2
0031071	3
0031167	3
0031317	19
0031402	1
0031419	2
0031460	1
0031522	3
0031564	1
0031992	1
0032049	2
0032150	1
0032196	4
0032259	10
0032297	1
0032300	1
0032324	2
0032329	1
0032784	4
0032955	1
0032977	1
0032993	17
0033014	3
0033214	2
0033219	1
0033221	5
0033223	3
0033225	3
0033226	1
0033232	2
0033539	1
0033567	1
0033592	1
0033617	1
0033711	1
0033739	1
0033743	2
0033744	1
0033816	1
0033818	1
0033819	1
0033856	1
0033862	1
0033890	1
0033971	1
0034040	1
0034057	1
0034204	1
0034220	4
0034599	1
0034702	1
0035312	1
0035435	1
0035438	4
0035550	1
0036104	1
0036125	1
0036211	9
0036374	1
0036380	1
0036424	1
0038023	3
0042026	3
0042126	1
0042128	2
0042132	2
0042158	1
0042167	1
0042254	6
0042273	1
0042274	1
0042277	1
0042279	1
0042286	1
0042301	1
0042450	1
0042578	3
0042586	1
0042597	15
0042619	1
0042626	112
0042773	1
0042780	1
0042802	14
0042803	3
0042823	1
0042834	10
0042853	1
0042884	1
0042908	10
0042910	9
0042919	1
0042925	1
0042953	7
0043022	6
0043039	2
0043043	1
0043093	1
0043094	1
0043101	1
0043107	3
0043138	1
0043165	3
0043168	1
0043169	1
0043190	33
0043213	1
0043225	1
0043295	1
0043335	1
0043365	2
0043419	1
0043531	1
0043546	1
0043565	26
0043571	4
0043633	1
0043683	5
0043752	1
0043811	1
0043824	1
0043856	2
0043867	1
0043952	4
0044205	1
0044238	1
0044341	1
0044571	1
0044780	9
0044781	3
0044874	3
0044877	1
0045127	1
0045148	1
0045152	1
0045182	2
0045239	1
0045252	2
0045254	2
0045259	4
0045273	2
0045275	1
0045277	2
0045301	1
0045312	1
0045454	3
0045861	2
0045892	5
0045893	2
0045900	1
0045927	3
0046118	1
0046177	1
0046294	1
0046316	1
0046348	1
0046416	1
0046417	1
0046421	1
0046428	1
0046429	1
0046500	1
0046653	1
0046654	3
0046656	1
0046677	2
0046685	2
0046688	1
0046820	2
0046835	1
0046854	1
0046872	137
0046873	2
0046912	1
0046914	1
0046933	5
0046983	1
0047134	1
0047304	1
0047307	1
0047420	1
0047429	3
0047456	1
0047480	1
0047617	3
0047632	1
0047804	1
0047834	1
0047952	1
0048001	1
0048473	2
0048501	1
0048502	2
0050126	1
0050136	7
0050194	1
0050269	1
0050334	1
0050380	1
0050415	1
0050440	1
0050446	1
0050480	1
0050487	1
0050511	1
0050515	1
0050518	1
0050568	1
0050570	1
0050626	1
0050660	22
0050661	19
0050821	1
0050992	1
0051060	1
0051073	1
0051075	1
0051082	11
0051083	1
0051087	3
0051139	2
0051213	1
0051252	1
0051259	1
0051262	1
0051287	19
0051301	7
0051304	1
0051409	1
0051536	13
0051537	8
0051539	20
0051540	1
0051596	2
0051603	1
0051604	2
0051607	1
0051678	1
0051745	1
0051782	1
0051903	1
0051920	3
0051989	1
0052381	1
0052621	23
0052689	4
0052693	1
0052873	3
0052906	1
0052913	1
0055052	36
0055056	1
0055085	176
0055130	1
0060274	1
0061024	1
0061077	2
0061542	1
0061710	2
0061799	1
0061929	1
0065003	2
0070006	4
0070063	2
0070064	1
0070069	1
0070204	1
0070205	1
0070395	1
0070401	1
0070402	1
0070403	8
0070404	1
0070475	2
0070567	1
0070733	1
0070905	1
0070906	1
0070968	1
0071111	10
0071555	4
0071705	8
0071709	1
0071805	2
0071949	11
0071951	1
0071972	2
0071973	12
0072488	1
0075713	1
0090529	1
0090729	3
0097163	2
0097347	2
0097351	3
0097367	4
0097588	1
0097657	1
0098561	1
0098567	2
0098662	2
0098847	1
0101006	1
0102039	2
0102143	1
0103117	1
0106141	1
0110001	9
0110142	2
0120225	1
0140110	4
0140327	2
0140358	2
0140359	114
0140658	1
0140662	7
0140701	1
0140741	1
0141014	1
0160105	1
0170035	1
1901135	3
1901137	1
1901642	3
1901891	1
1902495	2
1902600	6
1904047	21
1904659	1
1904680	1
1905887	3
1990107	1
1990397	1
1990610	1
1990814	1
1990817	1
1990961	2
