0000015	1
0000034	1
0000049	3
0000062	1
0000098	1
0000103	1
0000104	2
0000105	14
0000107	3
0000150	1
0000155	33
0000156	32
0000160	87
0000162	6
0000166	33
0000175	2
0000179	1
0000256	4
0000257	1
0000270	3
0000271	5
0000287	17
0000302	1
0000311	1
0000314	3
0000315	3
0000334	1
0000413	1
0000451	1
0000774	1
0000902	2
0000906	2
0000910	3
0000918	2
0000976	2
0001072	1
0001216	28
0001217	1
0001510	3
0001522	9
0001530	1
0001539	5
0001680	1
0001727	1
0002098	1
0002100	1
0002161	1
0002943	1
0002949	3
0003676	21
0003677	275
0003678	5
0003680	1
0003682	1
0003684	5
0003688	1
0003690	1
0003697	6
0003700	219
0003714	1
0003723	40
0003724	1
0003725	2
0003729	3
0003735	54
0003743	4
0003746	6
0003747	2
0003755	7
0003756	1
0003774	7
0003824	64
0003825	1
0003842	2
0003844	1
0003848	1
0003849	1
0003852	1
0003855	1
0003861	4
0003862	1
0003864	1
0003866	1
0003868	1
0003871	1
0003879	1
0003882	1
0003883	1
0003887	8
0003899	6
0003906	1
0003908	2
0003910	2
0003911	1
0003913	1
0003916	2
0003918	4
0003922	1
0003924	18
0003933	1
0003934	1
0003935	2
0003937	1
0003938	1
0003942	2
0003949	1
0003951	1
0003952	1
0003954	1
0003955	1
0003960	1
0003977	1
0003978	2
0003983	2
0003984	1
0003985	1
0003987	1
0003989	4
0003991	1
0003994	1
0003995	3
0004013	1
0004015	1
0004017	1
0004018	1
0004019	1
0004022	2
0004039	1
0004042	1
0004044	1
0004045	2
0004048	1
0004049	2
0004055	1
0004056	2
0004057	1
0004066	1
0004067	2
0004068	1
0004070	1
0004072	1
0004073	1
0004075	1
0004076	1
0004077	1
0004084	1
0004088	1
0004089	2
0004096	2
0004107	1
0004108	2
0004109	2
0004112	3
0004114	1
0004124	1
0004127	1
0004129	6
0004133	1
0004134	1
0004140	1
0004141	1
0004146	1
0004148	2
0004149	1
0004150	1
0004151	1
0004152	1
0004156	1
0004157	1
0004160	2
0004170	1
0004175	2
0004176	3
0004177	3
0004190	2
0004197	2
0004222	10
0004252	7
0004298	1
0004308	1
0004311	1
0004314	2
0004315	2
0004316	1
0004318	1
0004322	1
0004324	1
0004325	1
0004326	1
0004332	1
0004333	1
0004334	1
0004340	1
0004345	1
0004347	2
0004349	1
0004350	1
0004356	1
0004357	3
0004358	1
0004359	2
0004360	1
0004362	1
0004363	1
0004364	2
0004368	3
0004370	2
0004372	1
0004373	1
0004385	1
0004386	3
0004399	1
0004400	3
0004411	1
0004412	1
0004413	1
0004416	1
0004418	1
0004420	1
0004424	1
0004425	1
0004427	1
0004450	2
0004451	1
0004456	1
0004462	1
0004470	1
0004471	1
0004474	1
0004478	1
0004479	1
0004488	1
0004489	1
0004497	10
0004505	1
0004514	1
0004516	1
0004518	4
0004519	8
0004521	2
0004523	2
0004525	1
0004526	1
0004527	1
0004536	2
0004540	5
0004550	1
0004553	5
0004565	1
0004585	1
0004587	1
0004588	1
0004590	1
0004591	1
0004592	1
0004594	1
0004595	1
0004601	6
0004602	1
0004604	1
0004605	1
0004611	1
0004614	1
0004618	1
0004619	1
0004632	1
0004633	1
0004634	1
0004635	1
0004636	1
0004637	1
0004638	2
0004639	1
0004640	1
0004641	1
0004642	1
0004643	1
0004644	2
0004648	1
0004654	1
0004655	1
0004657	1
0004659	1
0004664	1
0004672	1
0004673	26
0004674	4
0004719	2
0004733	1
0004735	1
0004738	1
0004742	1
0004743	3
0004747	1
0004748	1
0004749	1
0004750	1
0004751	1
0004764	1
0004781	2
0004784	1
0004789	1
0004791	1
0004794	1
0004795	1
0004798	1
0004801	1
0004802	1
0004803	1
0004805	1
0004807	1
0004810	1
0004812	4
0004813	1
0004814	1
0004817	1
0004818	1
0004819	1
0004820	2
0004821	1
0004822	1
0004823	1
0004824	1
0004825	1
0004826	2
0004827	1
0004828	1
0004829	1
0004830	2
0004831	1
0004832	1
0004834	2
0004844	1
0004845	1
0004851	1
0004852	1
0004853	1
0004854	2
0004856	1
0004857	1
0004866	1
0004888	2
0005047	1
0005048	1
0005198	11
0005215	30
0005247	3
0005254	1
0005267	3
0005315	1
0005319	1
0005344	2
0005381	1
0005436	1
0005488	3
0005506	14
0005507	4
0005509	2
0005515	43
0005524	314
0005525	49
0005536	1
0005576	1
0005694	2
0005737	54
0005739	1
0005829	8
0005840	31
0005854	1
0005886	111
0005960	1
0005975	35
0005978	1
0005980	2
0005992	3
0005997	1
0006006	2
0006011	4
0006012	3
0006014	1
0006015	1
0006020	1
0006040	1
0006044	1
0006048	1
0006071	1
0006072	6
0006086	1
0006090	1
0006094	3
0006096	12
0006097	1
0006098	3
0006099	12
0006106	1
0006108	1
0006109	1
0006116	1
0006120	1
0006139	1
0006144	3
0006146	1
0006147	1
0006163	1
0006164	4
0006177	1
0006188	1
0006189	6
0006207	2
0006221	3
0006222	1
0006226	1
0006229	1
0006233	1
0006241	1
0006259	1
0006260	14
0006261	1
0006265	5
0006269	1
0006270	1
0006275	1
0006281	30
0006282	1
0006284	4
0006285	1
0006289	3
0006298	2
0006308	2
0006310	20
0006313	2
0006351	8
0006352	21
0006353	3
0006355	211
0006364	8
0006396	7
0006400	10
0006401	2
0006402	1
0006412	59
0006413	4
0006414	5
0006415	5
0006418	2
0006419	1
0006420	1
0006423	1
0006424	3
0006425	1
0006426	2
0006427	1
0006428	1
0006429	1
0006430	1
0006431	1
0006432	2
0006433	1
0006434	1
0006435	1
0006436	2
0006437	1
0006438	1
0006450	1
0006457	13
0006465	2
0006468	3
0006482	2
0006486	8
0006508	37
0006520	6
0006522	1
0006523	1
0006526	8
0006528	1
0006529	1
0006535	5
0006537	1
0006541	3
0006542	1
0006556	1
0006559	6
0006561	4
0006564	2
0006568	1
0006569	1
0006572	5
0006574	1
0006592	5
0006605	4
0006614	1
0006629	9
0006631	3
0006633	12
0006654	1
0006662	1
0006730	2
0006744	5
0006749	16
0006750	4
0006751	1
0006777	8
0006779	5
0006783	2
0006790	5
0006793	1
0006796	2
0006797	1
0006799	1
0006801	1
0006808	3
0006810	52
0006811	7
0006812	9
0006813	6
0006814	2
0006817	6
0006820	1
0006821	3
0006824	1
0006826	2
0006835	2
0006848	1
0006855	6
0006857	1
0006865	34
0006869	1
0006879	1
0006885	2
0006886	3
0006935	23
0006950	1
0006972	1
0006974	1
0006979	11
0007030	1
0007059	5
0007155	8
0007165	96
0008033	9
0008080	26
0008081	3
0008094	1
0008097	1
0008113	2
0008119	1
0008121	2
0008134	1
0008135	1
0008137	6
0008152	14
0008153	1
0008168	21
0008171	1
0008172	1
0008173	4
0008175	1
0008176	2
0008177	1
0008186	1
0008199	4
0008219	1
0008233	7
0008234	2
0008236	5
0008237	9
0008251	1
0008252	1
0008270	29
0008276	1
0008289	5
0008295	1
0008299	4
0008310	1
0008311	1
0008320	1
0008324	3
0008360	6
0008374	2
0008379	3
0008381	4
0008408	3
0008409	1
0008410	3
0008412	1
0008428	1
0008442	1
0008444	1
0008448	1
0008460	1
0008479	1
0008483	8
0008495	1
0008509	1
0008519	2
0008534	1
0008535	2
0008556	3
0008610	7
0008615	4
0008616	5
0008641	1
0008643	21
0008649	2
0008653	1
0008654	6
0008658	4
0008660	1
0008661	1
0008666	1
0008674	2
0008676	1
0008677	1
0008679	1
0008684	6
0008685	1
0008686	1
0008690	1
0008701	2
0008703	1
0008705	1
0008710	1
0008714	1
0008715	1
0008716	1
0008718	4
0008720	1
0008725	1
0008726	2
0008728	2
0008734	1
0008740	1
0008745	2
0008752	2
0008753	3
0008754	2
0008755	2
0008757	10
0008758	1
0008760	1
0008761	2
0008762	1
0008763	1
0008764	1
0008773	1
0008774	2
0008777	3
0008780	1
0008783	1
0008784	1
0008785	1
0008794	2
0008798	1
0008800	3
0008803	1
0008808	2
0008813	1
0008817	2
0008821	1
0008824	1
0008828	1
0008829	1
0008830	1
0008831	1
0008835	1
0008836	1
0008837	2
0008839	1
0008840	3
0008851	1
0008855	2
0008863	1
0008864	1
0008867	1
0008869	1
0008872	1
0008879	1
0008881	1
0008882	1
0008883	1
0008887	2
0008892	1
0008893	2
0008897	1
0008899	1
0008902	2
0008914	1
0008915	1
0008920	1
0008924	1
0008932	1
0008933	1
0008934	1
0008939	1
0008941	1
0008942	2
0008955	3
0008961	1
0008963	1
0008964	1
0008965	1
0008966	1
0008967	1
0008968	1
0008972	2
0008976	3
0008982	1
0008984	2
0008986	1
0008987	1
0008988	1
0008999	1
0009001	4
0009002	5
0009009	2
0009013	2
0009014	1
0009016	1
0009022	1
0009027	2
0009028	1
0009029	1
0009030	1
0009037	1
0009039	2
0009052	1
0009055	38
0009056	5
0009058	16
0009059	2
0009060	2
0009061	1
0009063	1
0009073	3
0009081	1
0009082	4
0009085	1
0009086	6
0009088	3
0009089	12
0009094	1
0009097	2
0009098	6
0009102	4
0009103	2
0009107	1
0009113	2
0009115	3
0009116	5
0009117	1
0009132	3
0009146	1
0009152	3
0009156	1
0009165	1
0009220	1
0009225	1
0009228	7
0009236	15
0009240	1
0009243	3
0009244	3
0009245	6
0009249	2
0009250	2
0009252	25
0009253	3
0009254	1
0009255	2
0009263	1
0009267	1
0009268	1
0009274	2
0009279	71
0009288	7
0009289	6
0009290	1
0009294	1
0009297	4
0009306	12
0009310	1
0009316	4
0009317	5
0009318	2
0009320	1
0009326	3
0009331	4
0009340	1
0009341	1
0009349	2
0009358	1
0009360	1
0009368	2
0009376	2
0009378	2
0009379	1
0009380	2
0009381	1
0009396	4
0009399	1
0009401	3
0009408	2
0009423	1
0009424	2
0009425	1
0009426	1
0009427	2
0009428	2
0009431	2
0009432	4
0009435	6
0009436	1
0009439	1
0009448	1
0009450	2
0009451	6
0009486	4
0009636	1
0009678	1
0009691	2
0009897	1
0009898	4
0009927	1
0009966	6
0009975	7
0009982	9
0010038	2
0010045	1
0010124	1
0010133	1
0010181	39
0010257	1
0010945	1
0015031	16
0015035	5
0015036	4
0015074	4
0015078	5
0015079	1
0015087	1
0015093	1
0015095	1
0015098	1
0015103	1
0015105	1
0015109	3
0015112	3
0015128	1
0015129	1
0015136	1
0015153	1
0015171	2
0015205	3
0015221	4
0015252	7
0015267	13
0015288	47
0015291	2
0015293	8
0015295	1
0015297	5
0015343	17
0015344	3
0015385	2
0015411	1
0015412	2
0015415	3
0015416	5
0015419	4
0015424	12
0015444	1
0015450	3
0015451	1
0015473	3
0015503	1
0015556	2
0015562	16
0015614	2
0015616	1
0015627	3
0015628	6
0015645	1
0015658	20
0015662	2
0015663	1
0015689	5
0015693	2
0015703	3
0015706	2
0015716	6
0015724	1
0015727	1
0015734	1
0015739	1
0015740	4
0015753	2
0015762	1
0015794	1
0015803	39
0015833	1
0015837	1
0015840	5
0015851	3
0015890	1
0015891	15
0015914	1
0015920	4
0015930	1
0015934	8
0015935	6
0015936	1
0015937	3
0015940	3
0015941	1
0015942	2
0015949	2
0015970	2
0015976	2
0015977	1
0015986	8
0015990	4
0016020	395
0016024	1
0016032	3
0016034	2
0016042	1
0016052	1
0016114	1
0016117	1
0016149	2
0016151	6
0016208	1
0016226	9
0016301	11
0016310	19
0016311	3
0016403	1
0016405	1
0016410	2
0016432	1
0016433	1
0016434	1
0016462	2
0016491	136
0016530	1
0016531	1
0016597	1
0016598	1
0016614	1
0016615	1
0016616	11
0016620	5
0016627	4
0016628	3
0016638	1
0016639	1
0016645	1
0016646	2
0016651	3
0016655	3
0016661	1
0016667	1
0016682	2
0016702	1
0016703	3
0016705	2
0016706	4
0016717	1
0016722	3
0016740	16
0016742	2
0016746	29
0016747	12
0016757	21
0016758	2
0016759	1
0016763	1
0016765	2
0016772	6
0016773	3
0016776	3
0016779	7
0016780	3
0016782	2
0016783	3
0016787	102
0016788	5
0016790	9
0016791	6
0016793	1
0016798	1
0016799	1
0016810	12
0016811	2
0016813	3
0016817	3
0016818	2
0016829	12
0016830	3
0016831	4
0016832	1
0016833	1
0016836	7
0016841	3
0016846	3
0016849	1
0016853	12
0016854	1
0016857	3
0016866	1
0016868	1
0016872	1
0016874	7
0016879	1
0016881	1
0016884	1
0016887	142
0016896	1
0016901	1
0016987	22
0016989	2
0016992	1
0016993	1
0016997	1
0017000	6
0017004	5
0017013	1
0017038	2
0017076	1
0017136	2
0017148	1
0017150	2
0017168	2
0018104	1
0018193	1
0018277	2
0018339	1
0018364	2
0018738	1
0019028	1
0019069	2
0019104	4
0019134	1
0019172	1
0019177	1
0019200	3
0019239	1
0019243	1
0019264	1
0019277	1
0019288	3
0019301	1
0019305	4
0019346	2
0019354	1
0019361	1
0019379	1
0019394	1
0019427	1
0019430	1
0019464	1
0019475	1
0019521	1
0019531	1
0019532	1
0019538	1
0019557	1
0019627	4
0019629	4
0019632	1
0019646	3
0019674	1
0019679	2
0019700	1
0019752	2
0019825	3
0019829	3
0019835	1
0019843	3
0019856	1
0019867	7
0019899	1
0020037	28
0022625	5
0022627	3
0022841	3
0022857	188
0022900	1
0022904	4
0030001	4
0030091	6
0030145	5
0030151	4
0030163	1
0030170	37
0030234	2
0030244	2
0030246	5
0030253	1
0030261	3
0030272	1
0030288	12
0030429	1
0030488	1
0030552	4
0030554	4
0030604	1
0030643	1
0030655	2
0030674	3
0030694	3
0030788	1
0030789	1
0030894	1
0030955	3
0030956	2
0030973	1
0030976	3
0030977	1
0030983	2
0031004	3
0031071	1
0031167	2
0031317	11
0031418	4
0031419	1
0031522	2
0031564	1
0031992	3
0032049	2
0032150	1
0032259	12
0032297	1
0032300	1
0032363	1
0032784	3
0032977	1
0032993	15
0033014	4
0033103	26
0033104	9
0033194	1
0033219	1
0033221	5
0033222	1
0033223	3
0033225	3
0033226	1
0033232	6
0033296	1
0033573	1
0033617	2
0033739	1
0033743	2
0033744	2
0033818	1
0033819	1
0033856	1
0033862	1
0033942	1
0033958	1
0033971	2
0034194	2
0034204	1
0034220	1
0034634	1
0034755	1
0034775	1
0035429	1
0035435	2
0035438	4
0035550	1
0035673	1
0035870	1
0036211	7
0036222	1
0036374	1
0036424	1
0038023	10
0042026	2
0042128	1
0042132	1
0042158	1
0042242	1
0042254	6
0042273	1
0042274	1
0042286	1
0042301	1
0042398	1
0042450	3
0042537	1
0042559	1
0042578	2
0042586	2
0042597	6
0042619	1
0042626	248
0042724	2
0042732	1
0042773	3
0042802	9
0042803	1
0042823	1
0042834	4
0042875	1
0042884	1
0042908	8
0042910	2
0042918	3
0042953	2
0043022	7
0043039	1
0043093	2
0043107	3
0043163	1
0043165	1
0043168	1
0043169	2
0043190	27
0043213	1
0043225	1
0043295	2
0043335	1
0043419	2
0043424	1
0043448	1
0043462	1
0043531	1
0043546	4
0043565	31
0043633	1
0043683	4
0043687	2
0043711	2
0043720	1
0043752	1
0043811	1
0043856	1
0043867	1
0043934	1
0043952	3
0043953	1
0044209	1
0044341	1
0044423	3
0044571	1
0044659	1
0044780	9
0044781	2
0044877	1
0045182	1
0045239	1
0045252	1
0045254	2
0045259	4
0045271	1
0045273	2
0045275	1
0045277	1
0045454	2
0045861	2
0045892	5
0045893	5
0045900	1
0045927	1
0045936	1
0046026	1
0046081	1
0046118	1
0046167	1
0046294	1
0046306	1
0046316	1
0046392	1
0046395	2
0046421	1
0046429	1
0046487	1
0046500	1
0046654	3
0046656	2
0046677	4
0046685	4
0046688	1
0046820	2
0046872	193
0046873	3
0046905	1
0046914	1
0046917	1
0046930	4
0046933	5
0046983	1
0047134	1
0047324	1
0047343	1
0047420	1
0047429	1
0047437	1
0047443	2
0047448	1
0047456	1
0047475	1
0047480	1
0047617	4
0047661	3
0047733	1
0047770	2
0047804	1
0047813	1
0047834	3
0047952	1
0048038	3
0048040	1
0048472	1
0048473	6
0048501	1
0050129	1
0050136	5
0050194	1
0050218	2
0050311	1
0050346	1
0050380	1
0050385	1
0050440	1
0050446	2
0050511	1
0050515	1
0050518	1
0050567	2
0050568	4
0050570	2
0050660	26
0050661	12
0050920	1
0050992	1
0051073	1
0051082	4
0051083	1
0051087	2
0051116	1
0051139	2
0051156	1
0051161	1
0051213	6
0051235	2
0051252	1
0051259	1
0051276	1
0051287	27
0051301	11
0051409	1
0051536	21
0051537	13
0051539	21
0051540	1
0051596	1
0051603	1
0051604	2
0051745	1
0051782	1
0051903	1
0051920	14
0051989	1
0052381	1
0052621	25
0052689	7
0052693	1
0052699	2
0052706	1
0052873	1
0052906	1
0052913	1
0055052	58
0055085	239
0055130	4
0061077	3
0061503	1
0061542	1
0061599	2
0061710	2
0061799	1
0065003	2
0070006	4
0070063	2
0070064	1
0070069	1
0070401	2
0070402	2
0070403	32
0070404	1
0070475	2
0070567	1
0070733	1
0070905	1
0070906	1
0070968	1
0071111	15
0071555	6
0071704	4
0071709	1
0071805	4
0071949	16
0071951	1
0071972	1
0071973	13
0072488	2
0090529	1
0097163	1
0097347	1
0097351	1
0097367	4
0097657	1
0098003	3
0098024	1
0098025	1
0098045	1
0098567	1
0098869	1
0102039	1
0103116	1
0103117	1
0106130	1
0106141	1
0106361	1
0110001	4
0110142	1
0120225	2
0140078	1
0140098	2
0140110	2
0140297	1
0140327	1
0140358	3
0140359	255
0140662	2
0170035	3
1901135	2
1901137	2
1901891	1
1902208	2
1902358	2
1902495	3
1902600	6
1904047	27
1905887	3
1990107	1
1990204	1
1990229	1
1990397	1
1990586	2
1990610	1
1990817	1
1990961	1
