0000015	1
0000028	1
0000034	1
0000036	1
0000041	1
0000049	3
0000105	11
0000107	2
0000150	10
0000155	7
0000156	6
0000160	13
0000162	4
0000166	21
0000179	1
0000287	11
0000311	1
0000314	3
0000315	3
0000373	2
0000451	1
0000774	1
0000902	1
0000906	1
0000910	5
0000918	2
0001072	2
0001510	2
0001514	2
0001522	3
0001539	4
0001887	1
0002098	1
0002100	1
0002161	1
0002189	1
0002949	3
0003676	10
0003677	119
0003678	5
0003684	3
0003688	1
0003690	4
0003697	3
0003700	33
0003723	29
0003725	1
0003729	1
0003735	52
0003743	3
0003746	6
0003747	1
0003755	1
0003774	3
0003824	39
0003848	1
0003849	4
0003852	1
0003855	1
0003856	1
0003861	2
0003862	1
0003864	1
0003866	1
0003879	2
0003883	1
0003887	6
0003896	1
0003899	5
0003908	1
0003910	1
0003911	1
0003916	1
0003917	1
0003918	2
0003919	1
0003922	1
0003924	13
0003934	1
0003935	1
0003937	1
0003938	1
0003941	2
0003942	1
0003949	1
0003952	1
0003964	2
0003977	1
0003983	1
0003984	1
0003986	1
0003989	3
0003991	1
0003998	1
0004013	1
0004014	1
0004016	1
0004018	1
0004019	1
0004044	1
0004045	2
0004047	1
0004049	1
0004055	1
0004056	1
0004066	2
0004068	1
0004070	1
0004072	1
0004073	1
0004075	1
0004077	1
0004084	1
0004088	1
0004106	1
0004107	1
0004124	1
0004125	1
0004126	1
0004127	1
0004134	1
0004139	1
0004140	1
0004148	1
0004150	1
0004151	1
0004152	1
0004156	1
0004157	1
0004160	1
0004175	1
0004176	2
0004190	5
0004222	4
0004252	9
0004298	1
0004314	1
0004315	2
0004316	1
0004326	1
0004332	1
0004349	1
0004350	1
0004356	3
0004358	1
0004359	1
0004360	1
0004372	2
0004373	1
0004375	2
0004385	1
0004386	2
0004397	1
0004399	1
0004400	1
0004401	2
0004410	1
0004412	1
0004413	1
0004417	1
0004418	1
0004424	1
0004425	1
0004452	1
0004478	1
0004479	1
0004514	1
0004518	2
0004519	4
0004520	2
0004521	4
0004523	2
0004525	1
0004526	1
0004527	2
0004540	9
0004550	1
0004553	1
0004585	1
0004588	1
0004590	1
0004592	1
0004594	1
0004595	1
0004617	1
0004632	1
0004633	1
0004634	1
0004635	1
0004636	1
0004637	1
0004638	1
0004639	1
0004640	1
0004641	1
0004642	2
0004643	1
0004644	1
0004654	1
0004655	1
0004659	3
0004664	1
0004672	4
0004673	5
0004674	1
0004713	1
0004715	1
0004721	1
0004733	1
0004735	1
0004743	1
0004749	1
0004750	1
0004751	1
0004756	1
0004764	1
0004784	3
0004788	1
0004789	2
0004795	1
0004798	1
0004803	78
0004807	1
0004812	3
0004813	1
0004814	1
0004817	1
0004818	1
0004820	2
0004821	1
0004822	1
0004823	1
0004824	1
0004825	1
0004826	2
0004827	1
0004828	1
0004829	1
0004830	1
0004831	1
0004832	1
0004834	2
0004844	1
0004845	1
0004851	1
0004853	2
0004857	1
0005047	1
0005048	1
0005198	10
0005215	2
0005247	1
0005283	1
0005388	1
0005436	1
0005506	7
0005507	3
0005509	1
0005515	12
0005524	172
0005525	22
0005694	1
0005737	57
0005777	1
0005829	3
0005840	31
0005854	1
0005886	22
0005960	2
0005975	8
0005980	1
0005992	1
0006002	1
0006006	1
0006011	1
0006012	1
0006048	1
0006085	1
0006086	1
0006090	1
0006091	2
0006094	3
0006096	6
0006098	1
0006109	1
0006113	1
0006139	1
0006146	1
0006163	1
0006164	4
0006166	1
0006168	2
0006171	1
0006177	1
0006189	6
0006206	1
0006207	3
0006221	3
0006231	1
0006233	1
0006241	1
0006259	2
0006260	10
0006261	1
0006265	7
0006268	1
0006269	1
0006270	1
0006275	1
0006281	22
0006289	3
0006290	1
0006298	2
0006302	2
0006303	1
0006304	1
0006306	1
0006308	2
0006310	25
0006313	24
0006351	4
0006352	13
0006353	4
0006355	39
0006364	7
0006396	5
0006400	9
0006402	3
0006412	57
0006413	3
0006414	5
0006415	3
0006417	1
0006418	4
0006419	1
0006420	1
0006423	1
0006424	3
0006426	2
0006427	1
0006428	1
0006429	1
0006430	1
0006431	1
0006432	2
0006433	1
0006434	1
0006435	1
0006436	1
0006437	1
0006438	1
0006450	1
0006457	4
0006465	3
0006468	5
0006470	1
0006482	1
0006508	13
0006520	3
0006522	2
0006523	1
0006525	2
0006526	3
0006527	2
0006529	2
0006535	2
0006536	1
0006537	2
0006541	1
0006542	3
0006546	2
0006548	1
0006556	1
0006561	3
0006564	1
0006565	2
0006568	1
0006571	1
0006592	2
0006605	2
0006614	1
0006633	8
0006654	1
0006730	1
0006744	2
0006760	1
0006772	1
0006777	15
0006779	3
0006808	4
0006811	1
0006813	3
0006814	1
0006816	1
0006817	5
0006821	1
0006824	3
0006855	2
0006865	4
0006886	3
0006935	11
0007059	6
0007155	2
0007165	16
0008033	9
0008047	3
0008080	1
0008094	1
0008097	1
0008108	1
0008134	1
0008135	1
0008137	6
0008152	10
0008168	10
0008170	3
0008172	1
0008173	2
0008175	1
0008186	1
0008233	5
0008236	6
0008251	1
0008252	1
0008270	17
0008295	2
0008299	6
0008324	2
0008360	6
0008374	1
0008381	1
0008408	2
0008412	1
0008413	1
0008425	1
0008441	1
0008452	1
0008479	1
0008483	1
0008490	1
0008519	1
0008534	1
0008610	2
0008615	2
0008616	1
0008643	1
0008649	2
0008652	2
0008654	2
0008657	1
0008658	4
0008661	1
0008664	1
0008686	1
0008703	1
0008716	1
0008734	1
0008745	3
0008753	1
0008754	3
0008757	4
0008760	2
0008761	1
0008762	1
0008763	1
0008764	1
0008776	1
0008783	1
0008784	2
0008792	2
0008795	2
0008800	1
0008817	1
0008818	1
0008821	1
0008833	1
0008835	1
0008836	1
0008837	1
0008839	1
0008840	1
0008841	1
0008851	1
0008855	2
0008861	1
0008863	4
0008881	1
0008883	1
0008897	1
0008901	1
0008902	1
0008932	1
0008939	2
0008959	1
0008961	1
0008962	1
0008963	1
0008966	1
0008972	1
0008973	1
0008977	1
0008983	1
0008984	2
0008987	1
0008998	1
0008999	1
0009001	1
0009009	1
0009022	1
0009036	1
0009052	1
0009055	12
0009058	4
0009059	1
0009061	3
0009073	4
0009081	1
0009082	3
0009088	2
0009089	6
0009094	1
0009097	1
0009098	4
0009113	2
0009116	2
0009117	2
0009132	1
0009143	1
0009152	2
0009228	9
0009234	1
0009236	18
0009240	1
0009247	1
0009249	2
0009252	19
0009253	3
0009254	1
0009264	1
0009265	1
0009288	4
0009290	1
0009294	1
0009297	2
0009306	7
0009307	1
0009316	2
0009317	4
0009318	2
0009320	1
0009326	6
0009331	1
0009349	1
0009360	2
0009368	1
0009376	2
0009378	2
0009379	1
0009380	2
0009381	1
0009396	2
0009399	1
0009403	1
0009408	1
0009423	6
0009424	2
0009425	2
0009426	1
0009431	2
0009432	3
0009435	7
0009451	2
0009847	5
0009898	2
0009966	3
0009972	1
0009975	3
0009982	4
0010181	12
0010285	1
0010945	1
0012506	2
0015031	4
0015035	1
0015036	1
0015074	6
0015078	2
0015079	3
0015087	1
0015103	1
0015136	1
0015205	1
0015293	1
0015297	2
0015412	3
0015415	3
0015440	1
0015450	3
0015562	2
0015616	1
0015628	1
0015658	2
0015689	3
0015700	1
0015739	1
0015833	1
0015837	1
0015930	2
0015934	7
0015935	6
0015937	3
0015938	1
0015940	2
0015941	1
0015942	6
0015948	1
0015949	2
0015970	1
0015986	7
0016020	106
0016032	3
0016114	1
0016149	2
0016151	5
0016153	1
0016163	2
0016226	1
0016301	3
0016310	4
0016311	1
0016434	1
0016462	1
0016491	39
0016530	2
0016597	1
0016610	1
0016616	1
0016620	4
0016625	1
0016638	2
0016646	4
0016651	1
0016661	1
0016692	1
0016740	6
0016743	1
0016746	5
0016757	12
0016758	1
0016765	2
0016776	2
0016779	8
0016780	1
0016782	2
0016783	4
0016787	28
0016788	2
0016791	2
0016793	1
0016810	3
0016812	1
0016829	2
0016830	1
0016831	3
0016832	1
0016836	3
0016853	2
0016869	1
0016874	4
0016879	1
0016884	2
0016887	59
0016903	2
0016987	14
0016989	1
0016993	1
0016994	1
0017004	1
0017038	1
0017061	1
0017111	1
0017118	1
0017148	1
0017150	1
0018142	1
0018277	1
0018339	1
0018364	1
0018455	1
0018580	1
0019068	3
0019134	1
0019205	1
0019264	2
0019277	2
0019288	2
0019354	1
0019430	2
0019464	3
0019509	2
0019556	2
0019632	1
0019645	1
0019670	2
0019752	2
0019843	3
0019856	1
0019867	1
0020037	2
0022625	5
0022627	3
0022857	27
0022900	4
0022904	1
0030001	3
0030115	5
0030145	1
0030151	2
0030153	1
0030170	12
0030234	5
0030261	2
0030288	2
0030409	1
0030412	1
0030420	1
0030435	3
0030436	35
0030541	2
0030552	1
0030554	1
0030604	1
0030612	1
0030643	1
0030655	1
0030694	2
0030788	1
0030789	1
0030955	1
0030956	2
0030973	2
0030976	5
0030983	3
0031167	2
0031179	1
0031317	1
0031411	1
0031412	1
0031469	3
0031522	2
0032259	3
0032324	1
0032508	1
0032778	2
0032784	2
0032955	1
0032977	1
0033014	3
0033172	2
0033232	2
0033730	1
0033739	1
0033818	1
0033862	1
0033942	1
0034204	2
0034301	1
0035539	1
0036211	8
0042026	2
0042132	1
0042173	1
0042174	1
0042242	1
0042254	4
0042274	1
0042286	1
0042450	2
0042578	3
0042586	1
0042601	1
0042626	53
0042773	1
0042802	4
0042803	2
0042823	2
0042834	4
0042910	2
0043022	4
0043093	2
0043094	1
0043107	2
0043170	1
0043190	14
0043365	2
0043546	2
0043565	6
0043571	12
0043714	1
0043752	1
0043755	1
0043767	2
0043772	1
0043811	1
0043856	1
0043885	2
0043937	3
0043952	4
0043953	1
0044205	1
0044341	1
0044423	3
0044780	8
0044781	2
0045027	1
0045182	1
0045261	3
0045263	3
0045892	4
0045910	1
0045936	1
0046025	1
0046026	1
0046118	1
0046140	1
0046168	1
0046314	1
0046336	1
0046429	1
0046500	1
0046523	1
0046537	1
0046654	1
0046677	1
0046685	1
0046797	1
0046857	1
0046872	49
0046873	2
0046912	1
0046914	1
0046933	5
0046983	2
0047111	1
0047429	2
0047443	1
0047480	1
0047761	1
0047952	1
0048038	2
0048472	1
0048473	2
0048500	1
0048501	1
0050043	1
0050096	1
0050097	2
0050242	1
0050380	1
0050480	1
0050511	1
0050515	1
0050518	1
0050567	2
0050568	1
0050660	8
0050661	2
0050797	1
0050992	1
0051073	1
0051082	1
0051083	1
0051087	1
0051116	1
0051235	1
0051287	6
0051290	1
0051301	10
0051536	16
0051539	35
0051540	1
0051603	1
0051604	1
0051606	1
0051745	1
0051920	3
0051989	1
0052381	1
0052855	1
0052906	1
0052913	1
0055052	10
0055072	1
0055085	34
0061542	1
0061599	3
0061710	1
0061712	1
0061783	2
0061799	2
0070006	1
0070063	1
0070401	1
0070402	1
0070403	3
0070726	2
0070905	2
0071524	2
0071555	1
0071705	1
0071949	1
0071951	1
0071972	1
0071973	11
0072488	1
0072570	1
0098561	1
0102208	1
0110001	9
0140078	1
0140110	3
0140359	58
0140662	2
1901137	1
1901891	1
1902495	1
1903424	2
1903425	2
1904047	14
1905887	1
1990107	1
1990204	4
1990397	1
1990586	3
1990610	1
2001070	2
