0000015	1
0000030	1
0000036	2
0000049	5
0000103	1
0000104	2
0000105	10
0000107	2
0000155	6
0000156	10
0000160	15
0000162	5
0000166	22
0000179	1
0000210	1
0000271	3
0000286	1
0000287	18
0000302	2
0000311	1
0000314	3
0000315	3
0000413	4
0000451	1
0000701	1
0000724	2
0000774	1
0000902	2
0000906	1
0000910	2
0001072	2
0001216	2
0001510	1
0001522	6
0002098	1
0002949	3
0003676	10
0003677	107
0003678	5
0003684	4
0003688	1
0003697	4
0003700	60
0003723	27
0003725	1
0003735	54
0003743	3
0003746	4
0003747	1
0003755	10
0003824	30
0003842	1
0003848	1
0003849	1
0003852	1
0003856	1
0003858	2
0003861	2
0003862	1
0003864	2
0003866	1
0003868	1
0003870	1
0003879	1
0003883	1
0003885	1
0003886	1
0003887	7
0003896	1
0003899	4
0003904	1
0003906	1
0003911	1
0003916	1
0003917	1
0003918	4
0003919	1
0003922	1
0003924	12
0003934	1
0003935	1
0003937	1
0003938	1
0003941	1
0003942	1
0003949	1
0003951	1
0003952	1
0003960	2
0003972	1
0003977	1
0003978	1
0003983	1
0003984	1
0003985	3
0003986	1
0003987	1
0003989	3
0003991	1
0003994	1
0003995	1
0003999	1
0004013	1
0004015	1
0004018	1
0004019	1
0004022	2
0004044	1
0004045	1
0004047	1
0004048	1
0004049	1
0004055	1
0004056	1
0004057	1
0004061	1
0004066	2
0004070	1
0004072	1
0004073	1
0004075	1
0004076	1
0004077	1
0004084	1
0004088	1
0004089	2
0004096	1
0004107	1
0004109	1
0004124	2
0004126	1
0004129	5
0004140	1
0004141	1
0004146	1
0004148	2
0004149	1
0004151	1
0004152	1
0004156	1
0004160	1
0004170	1
0004174	1
0004176	4
0004177	5
0004180	2
0004190	5
0004222	8
0004252	8
0004298	1
0004314	1
0004315	3
0004316	1
0004318	1
0004322	1
0004325	1
0004326	1
0004332	1
0004333	1
0004340	1
0004345	1
0004347	1
0004349	2
0004350	1
0004352	1
0004356	3
0004357	1
0004358	1
0004359	1
0004360	1
0004362	1
0004363	1
0004364	2
0004368	1
0004370	1
0004372	1
0004375	2
0004385	1
0004386	6
0004397	1
0004399	1
0004400	1
0004401	1
0004412	1
0004413	1
0004416	1
0004418	1
0004424	1
0004425	1
0004427	1
0004450	1
0004451	1
0004456	1
0004470	1
0004471	1
0004474	1
0004478	1
0004479	1
0004488	1
0004489	1
0004494	1
0004497	16
0004505	1
0004514	1
0004518	3
0004519	2
0004523	3
0004525	1
0004526	1
0004540	3
0004550	1
0004553	4
0004565	1
0004585	1
0004588	1
0004590	1
0004591	1
0004592	1
0004594	1
0004595	1
0004601	3
0004602	1
0004604	1
0004609	1
0004612	1
0004617	1
0004619	1
0004634	1
0004635	1
0004636	1
0004637	1
0004638	1
0004639	1
0004640	1
0004641	1
0004642	2
0004643	1
0004644	2
0004648	1
0004654	1
0004655	1
0004657	1
0004659	4
0004664	1
0004673	7
0004674	1
0004722	1
0004725	1
0004733	1
0004739	2
0004742	1
0004743	1
0004748	1
0004749	1
0004750	1
0004751	1
0004781	1
0004784	1
0004789	1
0004791	1
0004795	1
0004797	1
0004798	1
0004799	1
0004802	1
0004803	3
0004807	1
0004812	3
0004813	1
0004814	1
0004817	1
0004818	2
0004820	2
0004821	1
0004822	1
0004823	1
0004824	1
0004825	1
0004826	2
0004827	1
0004828	1
0004829	1
0004830	1
0004831	1
0004832	1
0004834	2
0004844	1
0004851	2
0004852	1
0004853	1
0005047	1
0005048	1
0005215	4
0005216	1
0005267	1
0005298	1
0005337	1
0005375	2
0005506	8
0005507	4
0005509	1
0005515	26
0005524	132
0005525	18
0005618	1
0005694	3
0005737	48
0005777	1
0005829	10
0005840	30
0005854	1
0005886	25
0005960	1
0005975	15
0006006	2
0006012	1
0006015	1
0006048	1
0006071	2
0006072	1
0006081	1
0006086	2
0006090	2
0006094	4
0006096	7
0006097	1
0006098	2
0006099	8
0006102	1
0006106	1
0006120	1
0006139	1
0006163	1
0006164	4
0006168	2
0006177	1
0006189	7
0006207	4
0006220	1
0006221	2
0006226	1
0006229	1
0006231	1
0006233	1
0006241	1
0006259	1
0006260	13
0006261	1
0006265	5
0006269	1
0006270	1
0006275	1
0006281	22
0006284	3
0006289	3
0006298	2
0006304	4
0006308	2
0006310	16
0006313	2
0006351	5
0006352	8
0006353	3
0006355	68
0006364	6
0006396	3
0006400	5
0006402	1
0006412	58
0006413	3
0006414	4
0006415	4
0006418	2
0006419	1
0006420	1
0006423	1
0006424	4
0006426	2
0006427	1
0006428	1
0006429	1
0006430	1
0006431	1
0006432	2
0006433	1
0006434	1
0006435	1
0006436	1
0006437	1
0006438	1
0006450	1
0006457	7
0006465	3
0006468	1
0006470	3
0006486	1
0006493	1
0006508	34
0006520	4
0006526	3
0006527	1
0006529	2
0006534	1
0006535	3
0006537	1
0006541	1
0006542	3
0006546	3
0006548	2
0006556	1
0006559	3
0006561	3
0006564	3
0006568	1
0006569	1
0006572	2
0006574	1
0006592	1
0006605	1
0006614	1
0006629	9
0006631	6
0006633	13
0006654	1
0006665	1
0006730	3
0006741	1
0006744	5
0006749	13
0006750	2
0006777	6
0006779	4
0006780	1
0006782	1
0006790	3
0006793	1
0006796	1
0006799	1
0006808	3
0006810	11
0006811	2
0006812	4
0006813	1
0006814	4
0006817	5
0006825	2
0006826	1
0006855	3
0006879	1
0006880	1
0006885	1
0006886	3
0006935	3
0006950	1
0006979	7
0007049	1
0007059	4
0007165	15
0008033	10
0008080	17
0008081	2
0008094	1
0008097	1
0008113	2
0008121	1
0008135	1
0008137	8
0008146	2
0008152	7
0008153	1
0008168	17
0008170	1
0008172	1
0008173	2
0008175	1
0008177	1
0008186	1
0008198	2
0008199	2
0008233	5
0008236	6
0008237	4
0008241	1
0008252	1
0008270	21
0008295	1
0008299	6
0008311	1
0008320	1
0008324	3
0008360	6
0008374	2
0008379	1
0008381	2
0008408	5
0008409	1
0008410	2
0008412	1
0008413	1
0008425	1
0008441	2
0008442	1
0008444	1
0008446	1
0008460	1
0008465	1
0008479	1
0008483	1
0008495	1
0008519	1
0008534	1
0008535	2
0008610	4
0008615	3
0008616	3
0008643	1
0008649	1
0008652	1
0008653	1
0008654	3
0008657	1
0008658	3
0008661	1
0008664	1
0008666	1
0008675	1
0008676	1
0008685	1
0008686	1
0008700	1
0008703	1
0008705	1
0008710	1
0008714	1
0008716	1
0008734	1
0008745	1
0008752	1
0008754	1
0008755	1
0008757	3
0008760	1
0008761	1
0008762	1
0008763	1
0008764	1
0008773	1
0008783	1
0008785	1
0008800	2
0008801	1
0008817	1
0008821	1
0008829	1
0008830	1
0008831	1
0008835	1
0008836	1
0008837	1
0008839	1
0008840	1
0008841	1
0008855	2
0008864	1
0008879	1
0008881	1
0008882	1
0008897	1
0008902	1
0008914	1
0008932	1
0008940	3
0008942	2
0008961	1
0008963	1
0008964	1
0008965	1
0008966	1
0008972	1
0008976	2
0008983	1
0008984	1
0008987	1
0009001	1
0009014	1
0009022	1
0009030	1
0009035	1
0009037	1
0009052	1
0009055	12
0009058	9
0009060	1
0009073	4
0009081	1
0009082	3
0009086	4
0009088	2
0009089	7
0009094	1
0009098	4
0009102	4
0009107	1
0009113	2
0009116	2
0009117	2
0009132	1
0009152	3
0009156	1
0009165	1
0009190	1
0009225	2
0009228	6
0009236	3
0009240	1
0009243	1
0009249	2
0009252	16
0009255	2
0009263	1
0009271	1
0009274	1
0009279	20
0009294	1
0009297	5
0009306	8
0009316	2
0009317	4
0009318	1
0009320	1
0009325	3
0009331	1
0009340	1
0009341	1
0009349	1
0009358	1
0009360	1
0009368	1
0009376	2
0009378	2
0009379	1
0009380	2
0009381	1
0009396	3
0009401	2
0009403	1
0009408	2
0009423	2
0009432	4
0009435	5
0009446	1
0009451	4
0009636	1
0009678	1
0009691	2
0009898	1
0009966	4
0009972	1
0009975	4
0009982	7
0010038	1
0010133	1
0010181	7
0010257	1
0010945	1
0015016	2
0015031	7
0015035	1
0015074	4
0015078	2
0015093	1
0015095	1
0015103	2
0015109	1
0015136	1
0015159	2
0015221	3
0015232	1
0015288	5
0015291	2
0015293	3
0015297	3
0015343	1
0015385	1
0015415	3
0015439	1
0015450	4
0015562	10
0015616	1
0015628	2
0015662	1
0015663	1
0015693	1
0015703	1
0015739	1
0015824	1
0015886	2
0015890	1
0015891	1
0015914	1
0015920	1
0015930	1
0015934	8
0015935	6
0015937	2
0015938	1
0015940	3
0015949	1
0015970	1
0015977	1
0015986	6
0015990	1
0016020	143
0016034	1
0016114	1
0016117	1
0016149	2
0016153	1
0016208	1
0016226	5
0016301	2
0016310	3
0016311	1
0016410	1
0016433	1
0016434	1
0016462	1
0016491	75
0016531	1
0016597	1
0016598	1
0016614	2
0016616	2
0016620	4
0016627	12
0016639	1
0016651	4
0016653	1
0016657	2
0016682	1
0016702	1
0016705	7
0016709	1
0016740	13
0016746	19
0016747	6
0016757	9
0016763	1
0016776	2
0016782	2
0016783	2
0016787	57
0016790	9
0016793	1
0016798	1
0016799	3
0016810	3
0016812	4
0016818	1
0016829	4
0016832	1
0016836	1
0016853	5
0016866	1
0016868	1
0016874	4
0016879	1
0016881	2
0016884	1
0016887	34
0016901	1
0016987	9
0016989	1
0016992	1
0017004	3
0017038	2
0017061	1
0017136	1
0017148	1
0017150	1
0018142	1
0018193	1
0018339	1
0018364	1
0018454	1
0018478	1
0018738	1
0019104	1
0019134	1
0019171	1
0019205	1
0019213	1
0019243	1
0019264	1
0019277	1
0019288	2
0019305	4
0019346	1
0019354	2
0019379	1
0019427	1
0019430	1
0019441	1
0019464	1
0019509	1
0019556	1
0019557	1
0019645	1
0019673	1
0019674	1
0019752	1
0019829	1
0019843	3
0019856	2
0019867	6
0019899	1
0020037	16
0022625	5
0022627	3
0022857	46
0022900	1
0022904	1
0030091	4
0030145	2
0030163	1
0030170	14
0030234	2
0030246	1
0030253	2
0030255	1
0030261	2
0030272	1
0030429	1
0030488	1
0030541	1
0030552	4
0030554	1
0030604	1
0030643	1
0030655	1
0030955	1
0030956	2
0030976	3
0030983	2
0031071	1
0031167	3
0031402	1
0031419	2
0031522	2
0031992	1
0032259	4
0032300	1
0032508	1
0032784	3
0032977	1
0033014	3
0033739	1
0033743	2
0033744	2
0033745	1
0033818	1
0033819	1
0033856	1
0033862	1
0033890	2
0033897	1
0033922	1
0034204	1
0034220	3
0035438	8
0035539	1
0035556	1
0035596	1
0035870	1
0036211	2
0036222	1
0036424	1
0036431	1
0042026	2
0042126	2
0042128	1
0042132	1
0042158	1
0042178	2
0042254	3
0042450	2
0042578	2
0042597	6
0042619	1
0042626	17
0042773	4
0042780	1
0042802	5
0042803	2
0042823	1
0042834	6
0042853	1
0042910	3
0042953	1
0043022	4
0043093	1
0043165	1
0043190	5
0043213	1
0043295	3
0043335	1
0043546	2
0043565	6
0043684	1
0043811	1
0043824	1
0043952	4
0043953	1
0044097	1
0044205	1
0044209	1
0044238	1
0045182	1
0045239	1
0045252	1
0045254	2
0045261	2
0045263	1
0045271	1
0045273	2
0045275	1
0045277	1
0045436	1
0045454	2
0045892	2
0045893	3
0045900	1
0045936	1
0046081	1
0046118	1
0046294	1
0046417	1
0046429	1
0046654	1
0046677	1
0046688	2
0046820	1
0046857	1
0046872	71
0046912	2
0046930	1
0046933	4
0046983	1
0047429	2
0047480	1
0047617	5
0047804	1
0048034	1
0048038	4
0048501	1
0050126	1
0050129	1
0050136	1
0050242	1
0050269	1
0050311	1
0050380	1
0050480	1
0050511	1
0050515	1
0050518	1
0050567	2
0050570	1
0050656	1
0050660	24
0050661	10
0050992	1
0051082	5
0051083	1
0051087	1
0051116	2
0051131	1
0051262	1
0051287	15
0051290	1
0051301	7
0051536	9
0051537	8
0051539	19
0051603	1
0051745	1
0051903	1
0051920	2
0051989	1
0052381	1
0052547	2
0052693	1
0052699	2
0052706	1
0052717	1
0052873	1
0052906	1
0052913	1
0055052	9
0055085	50
0061542	2
0061710	1
0061799	1
0070006	3
0070007	2
0070063	1
0070064	1
0070402	2
0070403	10
0070475	1
0070905	1
0070968	1
0071555	3
0071586	1
0071709	1
0071949	3
0071951	1
0072488	1
0098561	4
0098797	2
0098869	1
0102039	1
0102208	1
0110001	1
0140078	1
0140110	2
0140359	20
0140662	1
1901137	1
1901642	1
1902495	1
1902600	3
1903424	1
1903425	1
1904047	16
1905887	3
1990397	2
1990610	1
