0000009	1
0000015	1
0000027	1
0000049	2
0000098	2
0000104	1
0000105	11
0000107	2
0000150	2
0000155	27
0000156	10
0000160	43
0000162	4
0000166	60
0000175	1
0000179	1
0000210	1
0000256	1
0000270	3
0000271	6
0000272	1
0000286	1
0000287	21
0000311	1
0000314	2
0000315	3
0000413	1
0000451	1
0000502	1
0000774	1
0000902	1
0000906	1
0000910	2
0000917	1
0000976	1
0001216	2
0001217	2
0001510	1
0001514	2
0001522	4
0001539	2
0001727	6
0001887	1
0002161	4
0002189	1
0002949	3
0003676	29
0003677	339
0003678	9
0003682	1
0003684	7
0003688	1
0003697	4
0003700	219
0003714	1
0003723	41
0003724	2
0003725	2
0003735	59
0003743	3
0003746	5
0003747	2
0003755	4
0003774	4
0003824	81
0003825	1
0003842	1
0003844	1
0003848	1
0003849	1
0003852	1
0003855	1
0003856	1
0003857	1
0003861	2
0003862	1
0003864	1
0003866	1
0003871	1
0003872	1
0003879	1
0003883	1
0003885	1
0003887	10
0003899	8
0003905	1
0003906	7
0003908	3
0003910	2
0003911	1
0003913	1
0003916	1
0003917	1
0003918	4
0003919	1
0003922	1
0003924	14
0003934	1
0003935	1
0003937	1
0003938	3
0003941	1
0003942	1
0003949	1
0003951	1
0003952	1
0003954	1
0003960	3
0003977	1
0003978	1
0003983	1
0003984	1
0003987	2
0003989	1
0003991	1
0003994	1
0003997	1
0003999	1
0004000	4
0004013	1
0004018	1
0004019	1
0004030	1
0004035	2
0004038	1
0004039	1
0004044	1
0004045	2
0004047	1
0004048	1
0004055	1
0004056	1
0004070	1
0004072	1
0004073	1
0004075	2
0004077	1
0004084	1
0004088	1
0004089	1
0004096	1
0004106	1
0004107	1
0004108	1
0004113	1
0004122	1
0004125	1
0004126	1
0004127	1
0004129	3
0004133	3
0004134	1
0004139	1
0004140	1
0004146	5
0004148	1
0004150	1
0004152	1
0004156	1
0004157	1
0004160	2
0004169	1
0004170	1
0004175	1
0004176	3
0004177	2
0004180	1
0004181	3
0004190	4
0004222	8
0004252	12
0004298	2
0004314	1
0004315	3
0004325	1
0004326	1
0004332	2
0004333	1
0004335	1
0004340	3
0004345	3
0004347	2
0004349	1
0004350	1
0004352	1
0004356	4
0004357	2
0004358	1
0004359	1
0004360	1
0004364	1
0004368	1
0004370	3
0004371	2
0004372	1
0004373	1
0004375	1
0004376	1
0004385	1
0004386	11
0004397	1
0004399	2
0004400	2
0004401	1
0004412	1
0004413	1
0004414	1
0004417	1
0004418	1
0004424	1
0004425	1
0004450	1
0004452	1
0004467	1
0004474	1
0004476	2
0004478	1
0004479	1
0004488	1
0004489	2
0004497	12
0004512	1
0004514	2
0004516	1
0004518	7
0004519	11
0004520	1
0004521	2
0004523	2
0004525	1
0004526	1
0004527	1
0004534	2
0004536	1
0004540	3
0004550	1
0004553	21
0004559	1
0004560	1
0004565	3
0004585	1
0004588	1
0004590	1
0004591	1
0004592	1
0004594	1
0004595	1
0004601	6
0004602	1
0004605	1
0004611	1
0004614	1
0004616	1
0004618	1
0004619	1
0004632	1
0004633	1
0004634	1
0004635	1
0004636	1
0004637	1
0004638	2
0004639	1
0004640	1
0004641	1
0004642	2
0004643	1
0004644	1
0004645	1
0004648	1
0004654	1
0004655	1
0004659	3
0004664	1
0004665	1
0004668	1
0004672	4
0004673	23
0004674	2
0004713	1
0004721	1
0004722	16
0004725	2
0004729	1
0004731	1
0004733	3
0004735	1
0004738	1
0004739	1
0004743	1
0004748	2
0004749	2
0004750	1
0004756	1
0004764	2
0004765	1
0004766	1
0004784	1
0004789	1
0004791	1
0004793	2
0004794	1
0004795	1
0004797	1
0004798	1
0004799	1
0004801	1
0004802	1
0004803	11
0004805	1
0004807	2
0004812	2
0004813	1
0004814	1
0004817	1
0004818	1
0004820	1
0004821	1
0004822	1
0004823	1
0004824	1
0004825	1
0004826	2
0004827	1
0004828	1
0004829	1
0004830	1
0004831	1
0004832	1
0004833	1
0004834	2
0004844	1
0004845	1
0004846	1
0004847	1
0004851	1
0004852	2
0004853	1
0004856	1
0004867	1
0004888	1
0005047	1
0005048	1
0005198	5
0005215	11
0005254	1
0005315	2
0005381	1
0005488	5
0005506	4
0005507	4
0005509	1
0005515	35
0005524	325
0005525	65
0005576	2
0005694	1
0005737	46
0005739	1
0005743	1
0005777	1
0005802	1
0005829	4
0005839	1
0005840	37
0005854	1
0005886	104
0005960	1
0005971	1
0005975	47
0005978	2
0005980	4
0005991	2
0005992	4
0005996	1
0005997	1
0006002	1
0006006	4
0006007	1
0006011	1
0006012	5
0006015	1
0006021	1
0006048	1
0006064	1
0006071	5
0006072	4
0006082	1
0006086	2
0006094	6
0006096	11
0006097	1
0006098	7
0006099	7
0006102	1
0006106	1
0006109	1
0006116	1
0006139	1
0006144	4
0006163	1
0006164	4
0006166	1
0006177	1
0006188	1
0006189	8
0006203	1
0006206	1
0006207	3
0006221	3
0006226	1
0006229	1
0006231	1
0006233	1
0006241	1
0006259	1
0006260	15
0006261	2
0006265	5
0006269	1
0006275	1
0006281	34
0006282	1
0006284	10
0006289	3
0006298	1
0006303	1
0006308	2
0006310	15
0006351	5
0006352	33
0006353	3
0006355	218
0006364	7
0006396	11
0006400	7
0006402	2
0006412	65
0006413	3
0006414	4
0006415	4
0006418	2
0006419	1
0006420	1
0006423	1
0006424	3
0006426	1
0006427	1
0006428	1
0006429	1
0006430	1
0006431	1
0006432	2
0006433	1
0006434	1
0006435	1
0006436	1
0006437	1
0006438	1
0006450	1
0006457	5
0006465	5
0006468	4
0006470	15
0006482	1
0006486	23
0006506	1
0006508	45
0006520	3
0006522	1
0006525	2
0006526	4
0006534	2
0006535	1
0006537	1
0006541	1
0006542	3
0006548	2
0006555	2
0006556	1
0006561	3
0006564	2
0006567	2
0006568	1
0006569	1
0006571	1
0006592	2
0006605	1
0006614	1
0006629	3
0006631	2
0006633	8
0006635	2
0006730	3
0006741	2
0006760	1
0006777	6
0006779	3
0006780	1
0006783	2
0006790	2
0006793	2
0006799	1
0006801	1
0006808	1
0006810	10
0006811	1
0006812	7
0006813	4
0006814	4
0006817	5
0006826	2
0006855	1
0006865	16
0006885	4
0006886	3
0006935	26
0006950	3
0006979	7
0007007	1
0007059	3
0007155	2
0007165	39
0008033	6
0008080	37
0008081	3
0008094	1
0008108	1
0008113	1
0008121	1
0008134	1
0008135	1
0008137	1
0008152	17
0008168	26
0008171	1
0008172	1
0008173	5
0008176	1
0008177	1
0008186	1
0008195	1
0008198	1
0008199	2
0008233	18
0008234	3
0008236	8
0008237	4
0008253	4
0008270	53
0008276	1
0008295	1
0008299	7
0008324	8
0008360	5
0008375	1
0008381	3
0008408	5
0008409	1
0008410	2
0008422	1
0008428	1
0008441	1
0008443	1
0008444	1
0008446	1
0008448	2
0008452	1
0008478	1
0008483	3
0008490	1
0008495	1
0008519	1
0008534	4
0008556	4
0008615	6
0008616	3
0008641	1
0008643	57
0008649	1
0008652	4
0008654	15
0008658	3
0008661	2
0008662	1
0008666	1
0008685	1
0008686	1
0008697	1
0008703	1
0008706	1
0008716	1
0008725	1
0008728	1
0008734	1
0008740	1
0008745	1
0008753	2
0008754	1
0008755	1
0008757	13
0008761	1
0008762	1
0008763	1
0008764	1
0008767	1
0008773	1
0008783	1
0008784	1
0008800	2
0008808	1
0008821	1
0008829	1
0008830	1
0008832	1
0008835	1
0008836	1
0008837	1
0008839	1
0008840	1
0008841	1
0008854	3
0008855	2
0008864	1
0008878	1
0008880	1
0008881	1
0008882	1
0008883	1
0008887	1
0008893	1
0008897	1
0008902	1
0008909	1
0008914	1
0008924	1
0008927	2
0008932	1
0008935	1
0008939	1
0008942	1
0008955	4
0008961	1
0008963	1
0008964	1
0008966	1
0008972	1
0008976	3
0008977	1
0008982	2
0008984	2
0008993	1
0008999	1
0009001	1
0009002	3
0009009	1
0009014	1
0009022	1
0009030	1
0009039	2
0009055	15
0009058	15
0009060	1
0009073	6
0009081	1
0009082	4
0009086	2
0009088	2
0009089	5
0009094	1
0009098	4
0009103	2
0009107	2
0009113	2
0009116	8
0009117	1
0009132	8
0009146	1
0009152	2
0009156	1
0009165	1
0009166	3
0009168	2
0009220	1
0009228	6
0009231	1
0009234	3
0009236	1
0009240	2
0009243	1
0009249	3
0009250	1
0009252	19
0009253	1
0009263	2
0009264	2
0009267	1
0009269	1
0009273	1
0009279	2
0009288	3
0009294	1
0009297	3
0009306	13
0009313	1
0009316	2
0009317	1
0009318	1
0009320	1
0009330	1
0009331	2
0009338	3
0009341	2
0009349	1
0009358	1
0009360	4
0009378	2
0009379	1
0009380	2
0009381	1
0009396	2
0009401	2
0009408	3
0009423	3
0009424	1
0009425	5
0009431	2
0009432	4
0009435	6
0009443	1
0009446	1
0009448	1
0009451	3
0009691	1
0009898	1
0009966	8
0009972	1
0009975	8
0009982	4
0010125	4
0010126	1
0010127	2
0010133	1
0010181	36
0010468	1
0010498	5
0015031	2
0015035	5
0015036	3
0015074	3
0015075	1
0015078	4
0015079	1
0015103	2
0015109	1
0015112	1
0015136	1
0015171	11
0015205	2
0015267	2
0015288	3
0015293	4
0015297	7
0015385	4
0015412	1
0015415	4
0015416	1
0015419	1
0015424	4
0015450	4
0015562	3
0015627	1
0015628	4
0015645	1
0015648	2
0015658	1
0015662	3
0015689	2
0015700	1
0015703	1
0015739	1
0015740	1
0015803	3
0015833	5
0015851	2
0015891	3
0015930	1
0015934	8
0015935	6
0015937	4
0015940	2
0015941	1
0015949	2
0015970	1
0015977	1
0015986	8
0015990	1
0015995	1
0016020	261
0016024	1
0016042	1
0016052	2
0016114	1
0016116	2
0016117	3
0016149	1
0016151	1
0016153	1
0016158	1
0016166	1
0016208	2
0016209	2
0016226	8
0016298	1
0016301	15
0016310	20
0016311	2
0016403	1
0016407	2
0016410	2
0016413	1
0016421	2
0016433	1
0016434	1
0016462	1
0016491	195
0016597	1
0016600	1
0016614	2
0016616	15
0016620	3
0016627	3
0016628	1
0016646	1
0016651	8
0016655	2
0016661	1
0016682	1
0016705	6
0016709	2
0016712	1
0016717	2
0016722	2
0016740	11
0016746	42
0016747	20
0016757	43
0016758	6
0016765	7
0016772	1
0016773	1
0016774	1
0016779	4
0016780	6
0016782	2
0016783	4
0016787	123
0016788	1
0016790	4
0016791	21
0016793	1
0016798	5
0016799	1
0016810	5
0016811	1
0016812	2
0016813	2
0016817	8
0016818	2
0016823	1
0016829	9
0016831	2
0016836	1
0016846	2
0016853	15
0016854	1
0016857	3
0016861	1
0016868	2
0016874	3
0016879	2
0016881	2
0016884	2
0016887	118
0016901	1
0016987	35
0016989	1
0016992	1
0017000	7
0017004	7
0017038	1
0017057	1
0017076	1
0017148	1
0017150	1
0017168	1
0017172	1
0018277	1
0018339	1
0018364	2
0018467	1
0019028	1
0019104	5
0019134	1
0019200	4
0019205	1
0019239	9
0019264	1
0019288	5
0019299	1
0019301	1
0019305	1
0019310	3
0019343	1
0019346	5
0019350	1
0019354	1
0019427	2
0019430	1
0019441	1
0019464	3
0019538	1
0019556	1
0019627	3
0019628	2
0019629	1
0019646	1
0019673	1
0019674	2
0019684	1
0019773	1
0019829	3
0019835	1
0019843	3
0019941	4
0020037	9
0022625	5
0022627	2
0022857	108
0022904	1
0030001	8
0030091	2
0030145	2
0030151	4
0030170	31
0030234	1
0030245	1
0030246	10
0030261	5
0030272	1
0030288	2
0030366	1
0030388	1
0030429	1
0030435	1
0030488	1
0030494	1
0030527	5
0030552	1
0030554	5
0030604	2
0030638	2
0030639	1
0030643	1
0030655	2
0030694	2
0030955	1
0030956	2
0030973	1
0030976	5
0030979	1
0031004	2
0031071	2
0031167	2
0031176	2
0031222	3
0031317	2
0031386	1
0031522	2
0032049	1
0032259	22
0032508	3
0032784	2
0032977	1
0032991	1
0032993	1
0033014	4
0033194	1
0033212	1
0033228	1
0033230	1
0033232	2
0033573	1
0033617	2
0033743	1
0033744	1
0033818	1
0033819	1
0033862	1
0033942	1
0033971	1
0034067	1
0034204	1
0034220	5
0034755	1
0035435	3
0035438	2
0035446	1
0035447	1
0035595	1
0035870	1
0036001	1
0036211	5
0036222	1
0036424	1
0042026	3
0042128	1
0042132	2
0042158	2
0042173	1
0042245	2
0042254	2
0042274	1
0042286	1
0042301	2
0042398	2
0042450	2
0042578	10
0042586	2
0042597	5
0042626	149
0042773	1
0042781	1
0042802	7
0042803	4
0042823	3
0042834	3
0042853	1
0042910	1
0042918	1
0042919	1
0042925	1
0042952	1
0043022	4
0043039	1
0043093	2
0043101	3
0043107	4
0043138	2
0043169	1
0043190	20
0043295	1
0043419	1
0043462	1
0043546	1
0043565	15
0043683	5
0043687	1
0043743	2
0043773	1
0043814	1
0043856	6
0043937	1
0043952	4
0043953	1
0044183	1
0044780	5
0044781	1
0045027	1
0045182	1
0045227	2
0045239	1
0045240	1
0045254	2
0045259	7
0045273	1
0045454	4
0045490	1
0045493	2
0045550	1
0045892	7
0045893	1
0045900	1
0045936	1
0046081	1
0046118	1
0046167	1
0046177	2
0046292	1
0046316	2
0046349	2
0046421	1
0046428	1
0046429	1
0046500	1
0046556	3
0046654	6
0046677	4
0046685	1
0046688	3
0046690	1
0046835	1
0046872	215
0046873	3
0046912	1
0046914	1
0046933	6
0046983	4
0047330	1
0047343	1
0047355	1
0047420	1
0047429	1
0047470	1
0047471	2
0047480	1
0047570	1
0047590	1
0047661	3
0047834	1
0047952	1
0048034	1
0048038	2
0048473	2
0048501	1
0050136	2
0050380	1
0050440	1
0050446	1
0050456	1
0050480	1
0050511	1
0050515	1
0050518	1
0050567	2
0050568	1
0050570	1
0050607	1
0050660	19
0050661	14
0050896	2
0050897	1
0051082	3
0051083	1
0051087	1
0051117	2
0051118	1
0051119	1
0051139	1
0051156	2
0051213	2
0051252	1
0051287	21
0051301	13
0051536	14
0051537	8
0051539	20
0051540	1
0051603	1
0051604	1
0051731	1
0051745	1
0051775	1
0051920	1
0051989	1
0052381	1
0052621	42
0052689	2
0052851	8
0052906	1
0052913	1
0055051	1
0055052	40
0055085	186
0061599	1
0061603	1
0061710	2
0061799	1
0065003	1
0070006	6
0070007	3
0070063	1
0070069	1
0070204	1
0070273	2
0070401	8
0070402	3
0070403	43
0070475	1
0070490	2
0070573	1
0070628	1
0070726	2
0070733	1
0070905	1
0070967	25
0070968	1
0071111	38
0071555	9
0071586	3
0071704	1
0071705	1
0071897	1
0071949	14
0071951	1
0071973	8
0071978	3
0072488	1
0072570	1
0090529	1
0090729	1
0097367	4
0098662	1
0099001	1
0106130	1
0106219	2
0110001	4
0120225	3
0140078	4
0140098	1
0140110	1
0140297	1
0140359	157
0140662	2
1901137	1
1901893	1
1902444	1
1902495	2
1902600	6
1904047	30
1905887	3
1990204	1
1990397	1
1990586	1
1990610	1
