0000015	1
0000028	1
0000049	1
0000103	1
0000105	8
0000107	2
0000150	2
0000155	3
0000156	3
0000160	5
0000162	3
0000166	18
0000179	1
0000271	3
0000272	1
0000276	1
0000286	1
0000287	8
0000309	1
0000311	1
0000314	2
0000315	3
0000413	2
0000451	1
0000774	1
0000902	1
0000906	1
0000910	1
0000917	1
0001072	1
0001510	1
0001522	6
0002098	1
0002949	3
0003676	14
0003677	79
0003678	4
0003684	3
0003688	1
0003697	2
0003700	21
0003723	24
0003725	3
0003729	1
0003735	53
0003743	3
0003746	4
0003755	11
0003824	22
0003842	1
0003844	1
0003848	1
0003852	2
0003855	1
0003856	1
0003861	2
0003862	1
0003879	1
0003882	1
0003883	1
0003887	7
0003896	1
0003899	3
0003904	1
0003908	1
0003911	1
0003916	1
0003917	1
0003918	4
0003919	1
0003922	1
0003924	12
0003934	1
0003935	1
0003937	1
0003938	1
0003942	1
0003949	1
0003964	1
0003978	1
0003984	1
0003985	1
0003986	1
0003987	1
0003989	3
0003991	1
0003994	1
0003995	1
0004013	1
0004015	1
0004018	1
0004019	1
0004035	1
0004040	1
0004045	2
0004047	1
0004048	1
0004055	1
0004056	1
0004070	1
0004072	2
0004073	1
0004075	1
0004076	1
0004077	1
0004084	1
0004088	1
0004089	1
0004096	1
0004107	1
0004109	2
0004124	1
0004127	1
0004129	4
0004140	1
0004141	1
0004146	1
0004148	2
0004149	1
0004150	1
0004151	1
0004152	1
0004156	1
0004160	1
0004177	3
0004180	2
0004181	3
0004185	1
0004190	1
0004222	3
0004252	6
0004314	1
0004315	2
0004316	1
0004318	1
0004325	1
0004326	1
0004332	1
0004333	1
0004342	1
0004347	1
0004349	1
0004350	1
0004356	2
0004360	1
0004370	1
0004372	1
0004375	1
0004385	1
0004386	9
0004399	1
0004400	1
0004401	1
0004412	1
0004413	1
0004414	1
0004418	1
0004424	1
0004425	1
0004427	1
0004450	1
0004455	1
0004470	1
0004471	1
0004478	1
0004479	1
0004489	1
0004497	1
0004514	1
0004515	1
0004518	3
0004519	1
0004523	1
0004525	1
0004526	1
0004527	2
0004540	2
0004553	7
0004560	1
0004587	1
0004588	1
0004590	1
0004591	1
0004594	1
0004595	1
0004601	2
0004602	1
0004604	1
0004609	1
0004634	1
0004635	1
0004636	1
0004637	1
0004638	2
0004639	1
0004642	2
0004643	1
0004644	1
0004648	1
0004650	1
0004654	1
0004655	1
0004659	2
0004664	1
0004665	1
0004673	3
0004733	1
0004735	1
0004736	1
0004739	2
0004743	1
0004747	1
0004748	1
0004749	1
0004750	1
0004751	1
0004756	1
0004781	1
0004784	2
0004788	1
0004791	1
0004794	1
0004795	1
0004797	1
0004799	1
0004807	1
0004812	2
0004813	1
0004814	1
0004816	1
0004817	1
0004818	1
0004819	1
0004820	1
0004821	1
0004822	1
0004823	1
0004824	1
0004825	1
0004826	2
0004827	1
0004828	1
0004829	1
0004830	1
0004831	1
0004832	1
0004834	2
0004844	1
0004849	1
0004851	1
0004853	1
0004856	1
0005047	1
0005048	1
0005247	1
0005337	1
0005342	1
0005506	1
0005507	3
0005509	1
0005515	12
0005524	116
0005525	17
0005576	1
0005694	1
0005737	40
0005743	1
0005777	1
0005829	5
0005840	31
0005886	13
0005948	1
0005960	1
0005971	1
0005975	25
0005978	1
0005998	1
0006002	1
0006006	1
0006012	1
0006014	1
0006015	1
0006020	1
0006044	2
0006064	3
0006072	2
0006086	2
0006090	1
0006094	2
0006096	8
0006098	1
0006099	4
0006102	1
0006106	1
0006139	1
0006163	1
0006164	4
0006177	1
0006188	1
0006189	6
0006207	2
0006221	4
0006222	1
0006231	1
0006241	1
0006259	2
0006260	12
0006261	2
0006265	5
0006269	1
0006270	1
0006275	1
0006281	20
0006284	2
0006289	4
0006298	2
0006310	15
0006351	3
0006352	8
0006353	3
0006355	26
0006364	6
0006396	3
0006400	9
0006402	2
0006412	59
0006413	3
0006414	4
0006415	4
0006418	1
0006419	1
0006420	1
0006421	1
0006423	1
0006424	3
0006425	1
0006426	1
0006427	1
0006428	1
0006429	1
0006430	1
0006431	1
0006432	2
0006433	1
0006434	1
0006435	1
0006436	1
0006437	1
0006438	1
0006450	1
0006457	7
0006465	2
0006479	1
0006486	1
0006508	25
0006520	2
0006522	1
0006526	1
0006534	1
0006535	2
0006537	1
0006541	1
0006542	1
0006556	1
0006561	3
0006564	1
0006566	1
0006568	1
0006571	1
0006592	2
0006605	1
0006614	1
0006629	5
0006631	4
0006633	11
0006654	1
0006730	3
0006744	3
0006750	2
0006751	2
0006760	1
0006772	1
0006777	3
0006779	5
0006783	1
0006790	1
0006799	1
0006808	1
0006810	1
0006814	1
0006817	2
0006821	1
0006826	1
0006855	2
0006886	1
0006950	1
0006979	3
0007049	1
0007165	3
0008033	7
0008080	4
0008081	1
0008094	1
0008097	1
0008113	1
0008134	1
0008135	1
0008137	1
0008152	5
0008168	8
0008170	3
0008172	1
0008173	3
0008176	1
0008186	1
0008233	7
0008234	1
0008236	5
0008237	2
0008252	1
0008253	1
0008270	14
0008276	1
0008299	3
0008324	1
0008360	4
0008374	1
0008379	3
0008381	1
0008408	5
0008409	1
0008410	1
0008413	1
0008425	3
0008441	1
0008446	2
0008448	1
0008460	1
0008479	1
0008483	1
0008495	1
0008519	2
0008535	2
0008610	3
0008615	4
0008616	1
0008641	1
0008643	1
0008649	2
0008652	3
0008654	4
0008658	2
0008661	1
0008676	1
0008685	1
0008686	1
0008690	1
0008697	1
0008703	1
0008705	1
0008712	2
0008714	1
0008734	1
0008754	1
0008757	4
0008759	1
0008760	1
0008761	1
0008762	1
0008763	1
0008764	1
0008780	1
0008784	1
0008795	1
0008800	2
0008801	1
0008817	1
0008821	1
0008830	1
0008835	1
0008836	1
0008837	1
0008839	1
0008840	1
0008841	1
0008879	1
0008880	1
0008881	1
0008883	1
0008914	1
0008915	1
0008927	2
0008932	1
0008934	1
0008935	1
0008961	1
0008963	1
0008966	1
0008968	1
0008976	1
0008977	1
0008987	1
0009001	1
0009009	1
0009029	1
0009030	1
0009045	1
0009052	1
0009055	3
0009058	9
0009060	1
0009067	1
0009073	2
0009081	1
0009082	4
0009086	4
0009088	1
0009089	4
0009094	1
0009098	5
0009102	3
0009103	2
0009107	1
0009113	1
0009116	3
0009117	1
0009132	1
0009152	2
0009156	1
0009165	1
0009220	1
0009225	1
0009228	2
0009234	3
0009236	1
0009240	1
0009244	3
0009245	4
0009249	2
0009252	11
0009254	1
0009265	1
0009274	1
0009279	16
0009294	1
0009306	6
0009316	2
0009317	4
0009320	1
0009349	1
0009358	1
0009360	3
0009374	1
0009378	2
0009379	1
0009380	3
0009381	1
0009396	2
0009408	2
0009423	2
0009432	1
0009435	5
0009451	4
0009678	1
0009691	2
0009982	6
0010133	1
0010181	3
0010945	1
0015031	3
0015035	2
0015074	2
0015078	2
0015093	1
0015095	1
0015103	2
0015109	1
0015128	1
0015136	1
0015144	1
0015150	1
0015221	2
0015267	1
0015288	2
0015291	1
0015293	4
0015297	1
0015450	2
0015506	1
0015535	1
0015562	8
0015628	1
0015663	1
0015693	1
0015703	1
0015739	1
0015756	1
0015849	1
0015858	1
0015890	1
0015914	1
0015920	2
0015930	1
0015934	8
0015935	6
0015937	2
0015938	1
0015949	2
0015970	1
0015976	1
0015986	7
0016020	95
0016114	1
0016117	1
0016149	3
0016151	1
0016208	1
0016209	1
0016226	4
0016260	1
0016301	3
0016310	2
0016311	2
0016407	1
0016410	1
0016430	1
0016433	1
0016434	1
0016462	1
0016491	48
0016597	2
0016614	3
0016616	6
0016620	3
0016624	1
0016627	1
0016646	1
0016651	19
0016655	1
0016717	1
0016740	8
0016746	9
0016747	3
0016757	13
0016763	1
0016765	2
0016773	2
0016779	3
0016780	1
0016782	2
0016783	1
0016787	35
0016788	3
0016790	2
0016799	1
0016810	4
0016811	1
0016812	2
0016829	1
0016831	1
0016832	1
0016835	1
0016836	3
0016853	12
0016857	2
0016866	1
0016868	1
0016874	4
0016879	1
0016884	1
0016887	28
0016987	8
0016992	1
0017000	1
0017003	1
0017004	4
0017148	1
0017150	1
0017168	1
0018339	1
0018364	1
0019062	1
0019104	1
0019200	1
0019203	1
0019205	1
0019213	1
0019264	1
0019277	1
0019288	2
0019299	1
0019305	3
0019354	1
0019379	1
0019427	1
0019430	1
0019464	3
0019516	1
0019673	2
0019752	1
0019843	3
0019867	2
0020037	7
0022625	5
0022627	2
0022857	45
0030001	1
0030091	2
0030145	2
0030170	11
0030234	1
0030246	3
0030261	1
0030272	1
0030488	1
0030551	1
0030552	2
0030604	1
0030655	1
0030955	1
0030956	2
0030976	3
0030983	2
0031071	1
0031167	1
0031240	6
0031419	1
0032259	4
0032508	1
0032784	2
0032977	1
0033014	3
0033743	1
0033744	1
0033745	1
0033818	1
0033819	1
0033856	1
0033862	1
0033922	1
0034219	1
0035429	1
0035539	1
0035632	1
0035870	1
0036211	2
0036222	1
0036374	2
0042026	2
0042254	3
0042274	1
0042286	1
0042372	1
0042450	3
0042578	1
0042586	1
0042597	2
0042626	16
0042732	2
0042773	4
0042802	8
0042803	1
0042853	1
0042910	1
0043022	5
0043093	1
0043169	1
0043190	1
0043295	1
0043565	10
0043811	1
0043857	1
0043952	2
0044209	1
0044668	1
0045148	1
0045226	1
0045239	1
0045252	1
0045254	1
0045261	4
0045262	4
0045263	3
0045264	1
0045278	1
0045312	1
0045490	1
0045892	1
0045900	1
0046118	1
0046348	1
0046417	1
0046428	1
0046429	1
0046537	1
0046654	1
0046718	1
0046855	1
0046872	49
0046873	1
0046912	1
0046933	5
0046952	1
0046983	2
0047429	1
0047480	1
0047617	1
0047804	1
0047952	1
0048038	3
0048040	1
0048501	1
0050136	1
0050380	1
0050511	1
0050515	1
0050567	2
0050570	1
0050660	11
0050661	7
0051082	1
0051087	1
0051119	1
0051287	10
0051301	5
0051536	14
0051537	3
0051539	13
0051540	1
0051920	2
0051989	1
0052381	1
0052624	1
0052693	1
0052717	1
0052906	1
0055052	6
0055070	1
0055085	45
0061542	3
0061710	3
0061712	1
0061799	1
0062192	1
0070006	3
0070007	1
0070063	1
0070204	1
0070401	1
0070402	1
0070403	8
0070475	1
0070905	1
0071555	1
0071586	1
0071709	1
0071793	2
0071949	4
0071951	1
0072488	2
0098024	1
0102208	3
0120225	1
0140078	1
0140327	1
0140359	15
0140662	1
0140663	1
1901135	1
1901137	1
1901642	1
1902600	1
1904047	15
1905887	1
1990397	1
1990610	1
