0000015	1
0000028	1
0000041	1
0000049	2
0000098	1
0000105	9
0000107	2
0000155	7
0000156	11
0000160	19
0000162	1
0000166	21
0000179	1
0000271	5
0000287	19
0000311	1
0000314	3
0000315	3
0000451	2
0000774	1
0000902	2
0000906	1
0000910	2
0000917	1
0000921	1
0000976	1
0000987	1
0001510	2
0001522	6
0001530	1
0001539	3
0001727	1
0002098	2
0002161	2
0002189	1
0002949	3
0003676	14
0003677	96
0003678	7
0003684	3
0003688	1
0003697	4
0003700	22
0003723	30
0003725	1
0003729	1
0003735	50
0003743	3
0003746	5
0003747	1
0003755	2
0003774	3
0003824	23
0003844	1
0003848	1
0003849	1
0003852	1
0003855	1
0003856	1
0003861	2
0003862	1
0003864	1
0003866	1
0003872	1
0003879	1
0003882	1
0003883	2
0003886	2
0003887	5
0003899	6
0003905	1
0003906	1
0003908	1
0003911	1
0003916	2
0003917	1
0003918	2
0003919	1
0003922	1
0003924	12
0003933	1
0003935	1
0003937	1
0003938	1
0003942	1
0003949	1
0003977	1
0003978	1
0003983	1
0003984	1
0003985	1
0003989	2
0003991	1
0003994	1
0003998	1
0004013	1
0004015	1
0004016	1
0004018	1
0004019	1
0004044	1
0004045	2
0004055	1
0004056	1
0004068	1
0004070	1
0004072	1
0004073	1
0004076	1
0004077	2
0004084	1
0004088	1
0004089	1
0004096	1
0004107	1
0004112	1
0004124	1
0004127	1
0004129	1
0004130	1
0004132	1
0004140	1
0004141	1
0004151	1
0004152	1
0004156	1
0004160	1
0004170	1
0004176	1
0004177	2
0004180	1
0004190	2
0004222	6
0004252	8
0004298	1
0004314	1
0004315	1
0004316	1
0004318	1
0004325	2
0004326	1
0004332	1
0004349	1
0004350	1
0004356	1
0004358	1
0004360	1
0004368	2
0004370	1
0004372	1
0004373	1
0004385	1
0004386	3
0004399	1
0004400	1
0004412	1
0004418	1
0004424	1
0004450	1
0004478	1
0004479	1
0004488	1
0004489	1
0004514	1
0004516	1
0004518	4
0004519	5
0004520	2
0004521	2
0004523	1
0004525	1
0004526	1
0004534	1
0004536	1
0004540	3
0004550	1
0004553	1
0004576	1
0004585	1
0004588	1
0004590	1
0004592	1
0004595	1
0004605	1
0004609	1
0004612	1
0004617	1
0004618	1
0004619	1
0004632	1
0004633	1
0004634	1
0004635	1
0004636	1
0004637	1
0004638	1
0004639	1
0004641	1
0004642	1
0004643	1
0004644	1
0004645	1
0004654	1
0004655	1
0004659	2
0004664	1
0004672	1
0004673	6
0004719	1
0004721	1
0004722	2
0004729	1
0004735	1
0004743	1
0004749	1
0004750	1
0004751	1
0004764	1
0004765	1
0004789	2
0004791	1
0004794	1
0004795	1
0004798	1
0004803	30
0004807	1
0004812	3
0004813	1
0004814	1
0004817	1
0004818	1
0004820	2
0004821	1
0004822	1
0004823	1
0004824	1
0004825	1
0004826	2
0004827	1
0004828	1
0004829	1
0004830	1
0004831	1
0004832	1
0004834	1
0004844	1
0004851	1
0004852	1
0004853	1
0004866	1
0004888	6
0005047	1
0005048	1
0005198	10
0005215	4
0005283	2
0005298	1
0005436	1
0005488	1
0005506	3
0005507	1
0005515	31
0005524	150
0005525	20
0005694	2
0005737	43
0005829	1
0005840	29
0005854	1
0005886	34
0005975	11
0005978	1
0006002	2
0006006	1
0006011	1
0006012	1
0006015	1
0006048	1
0006071	1
0006072	2
0006085	1
0006086	1
0006094	1
0006096	7
0006098	1
0006099	3
0006109	1
0006139	1
0006163	1
0006164	4
0006166	1
0006171	1
0006177	1
0006189	5
0006207	3
0006220	1
0006221	5
0006226	1
0006231	1
0006233	1
0006241	2
0006259	2
0006260	12
0006265	4
0006269	1
0006270	1
0006275	1
0006281	19
0006282	1
0006284	2
0006289	3
0006298	3
0006302	1
0006304	5
0006308	2
0006310	17
0006313	3
0006351	6
0006352	8
0006353	3
0006355	37
0006364	6
0006396	4
0006397	2
0006400	6
0006402	3
0006412	55
0006413	3
0006414	5
0006415	2
0006418	2
0006419	1
0006420	1
0006423	1
0006424	3
0006426	2
0006427	1
0006428	1
0006429	1
0006430	1
0006431	1
0006432	2
0006433	1
0006434	1
0006435	1
0006436	1
0006437	1
0006438	1
0006450	1
0006457	7
0006465	3
0006468	1
0006470	2
0006482	1
0006486	4
0006508	21
0006520	4
0006522	1
0006523	1
0006526	4
0006535	2
0006537	1
0006541	1
0006556	1
0006561	3
0006564	1
0006567	1
0006592	2
0006605	2
0006614	1
0006629	1
0006633	7
0006637	1
0006644	1
0006654	1
0006730	3
0006741	1
0006744	1
0006747	1
0006777	5
0006779	4
0006780	1
0006782	1
0006799	1
0006810	2
0006811	2
0006812	6
0006813	3
0006814	5
0006824	2
0006826	1
0006855	3
0006865	6
0006886	3
0006935	20
0006950	1
0006979	1
0007059	4
0007155	1
0007165	16
0008033	10
0008047	1
0008080	4
0008081	2
0008094	1
0008108	1
0008134	1
0008135	1
0008152	8
0008168	12
0008170	6
0008171	1
0008172	1
0008173	1
0008175	1
0008176	1
0008177	1
0008186	1
0008219	1
0008233	6
0008236	1
0008237	10
0008253	1
0008254	1
0008270	22
0008299	4
0008324	3
0008360	7
0008374	3
0008379	2
0008381	1
0008408	3
0008409	1
0008410	2
0008412	1
0008444	1
0008460	1
0008479	1
0008483	5
0008535	1
0008610	3
0008615	3
0008616	3
0008643	1
0008649	1
0008652	2
0008654	5
0008658	3
0008661	1
0008664	1
0008676	1
0008677	1
0008685	1
0008686	2
0008690	1
0008703	1
0008712	1
0008716	1
0008728	1
0008745	2
0008754	1
0008755	1
0008757	8
0008760	1
0008762	1
0008763	1
0008764	1
0008776	1
0008780	1
0008784	1
0008795	1
0008797	1
0008818	1
0008821	1
0008830	1
0008831	1
0008835	1
0008836	1
0008837	1
0008839	1
0008840	1
0008841	1
0008855	2
0008863	2
0008879	1
0008881	1
0008883	1
0008893	1
0008897	1
0008901	1
0008902	1
0008907	1
0008915	1
0008920	1
0008929	1
0008932	1
0008939	1
0008955	3
0008959	1
0008961	1
0008963	1
0008965	1
0008966	1
0008968	1
0008972	1
0008976	1
0008982	2
0008984	1
0008999	1
0009001	1
0009002	2
0009007	6
0009009	3
0009029	1
0009030	1
0009035	2
0009036	1
0009037	2
0009052	1
0009055	11
0009058	7
0009060	1
0009073	4
0009081	1
0009082	3
0009086	1
0009088	1
0009089	6
0009094	1
0009097	1
0009098	4
0009102	3
0009103	2
0009113	2
0009116	2
0009117	1
0009132	1
0009146	1
0009152	2
0009156	1
0009165	1
0009225	1
0009228	7
0009229	1
0009234	2
0009236	11
0009240	1
0009243	1
0009244	2
0009245	4
0009249	1
0009252	19
0009253	2
0009268	1
0009274	1
0009279	2
0009288	3
0009291	1
0009294	1
0009306	8
0009307	10
0009316	2
0009317	2
0009318	2
0009320	1
0009326	1
0009331	3
0009349	1
0009358	1
0009360	2
0009368	1
0009376	2
0009378	2
0009379	1
0009380	2
0009381	1
0009396	2
0009398	1
0009399	1
0009401	5
0009403	1
0009408	4
0009423	3
0009424	1
0009425	3
0009426	1
0009427	1
0009428	2
0009431	2
0009432	2
0009435	3
0009451	5
0009691	1
0009897	1
0009927	2
0009972	1
0009982	6
0010045	1
0010136	1
0010181	7
0015031	7
0015035	3
0015036	1
0015074	29
0015078	2
0015079	2
0015087	1
0015093	1
0015095	1
0015098	2
0015099	1
0015103	1
0015136	1
0015169	1
0015171	1
0015205	1
0015221	1
0015232	1
0015252	1
0015288	2
0015293	4
0015297	7
0015385	2
0015412	1
0015413	1
0015424	2
0015450	4
0015556	1
0015562	9
0015627	3
0015628	5
0015643	1
0015662	1
0015666	2
0015675	1
0015689	4
0015693	1
0015739	1
0015740	1
0015794	1
0015803	2
0015819	1
0015822	1
0015824	1
0015846	2
0015851	1
0015914	2
0015920	3
0015930	1
0015934	7
0015935	6
0015937	3
0015940	3
0015941	1
0015942	2
0015949	2
0015970	1
0015986	7
0016020	139
0016024	1
0016114	1
0016149	1
0016151	4
0016226	2
0016301	2
0016310	4
0016311	2
0016410	2
0016430	1
0016433	1
0016434	1
0016462	3
0016491	23
0016530	2
0016531	1
0016597	1
0016616	2
0016620	3
0016627	1
0016639	1
0016655	1
0016684	1
0016692	1
0016740	8
0016742	1
0016743	1
0016746	4
0016747	3
0016757	20
0016765	5
0016772	1
0016773	2
0016776	1
0016779	3
0016780	1
0016782	2
0016783	3
0016787	29
0016788	3
0016790	3
0016791	3
0016805	1
0016817	1
0016829	3
0016831	2
0016836	4
0016840	1
0016853	5
0016866	1
0016874	6
0016879	1
0016884	1
0016887	51
0016903	2
0016987	6
0016994	1
0017004	4
0017013	1
0017038	1
0017136	1
0017148	1
0017150	1
0018104	2
0018277	1
0018339	1
0018364	1
0018580	1
0019134	1
0019171	1
0019205	1
0019239	1
0019242	1
0019264	1
0019277	1
0019288	4
0019305	4
0019346	1
0019350	1
0019354	2
0019430	1
0019509	1
0019538	1
0019632	1
0019674	1
0019752	2
0019808	1
0019829	3
0019835	1
0019843	3
0019856	1
0019867	1
0020037	8
0022625	5
0022627	3
0022857	24
0022900	4
0030001	2
0030091	1
0030145	1
0030151	1
0030170	10
0030246	1
0030255	1
0030259	1
0030261	1
0030272	1
0030288	4
0030420	1
0030488	2
0030497	1
0030527	1
0030604	1
0030694	3
0030788	1
0030789	1
0030955	1
0030956	2
0030973	1
0030976	2
0030983	4
0031167	2
0031402	1
0031419	2
0031522	2
0031992	1
0032259	8
0032775	2
0032778	1
0032784	2
0033014	4
0033103	11
0033104	3
0033194	1
0033232	2
0033499	1
0033743	1
0033840	1
0033856	1
0033862	1
0034204	1
0035438	1
0035598	1
0035870	1
0036211	10
0036222	1
0042026	2
0042158	1
0042242	1
0042254	4
0042274	1
0042279	1
0042286	1
0042372	1
0042450	2
0042578	10
0042586	2
0042597	3
0042626	46
0042802	7
0042803	5
0042834	2
0042908	4
0042910	3
0043022	4
0043039	1
0043093	3
0043115	1
0043190	11
0043424	2
0043546	4
0043565	4
0043571	3
0043714	1
0043752	1
0043811	1
0043856	2
0043952	4
0044010	1
0044205	1
0044341	1
0044780	9
0044781	1
0045182	1
0045259	8
0045892	2
0045910	1
0046026	1
0046081	1
0046118	1
0046167	1
0046174	1
0046429	1
0046500	1
0046523	1
0046872	76
0046873	1
0046912	1
0046930	1
0046933	6
0046983	1
0047111	1
0047355	1
0047429	1
0047480	1
0047617	2
0047661	1
0047850	1
0047952	1
0048472	1
0048473	2
0048501	1
0050380	1
0050511	1
0050515	1
0050518	1
0050567	2
0050568	1
0050570	1
0050660	7
0050661	4
0050797	1
0050992	1
0051073	1
0051082	4
0051083	1
0051087	1
0051205	1
0051262	1
0051287	8
0051301	12
0051536	5
0051539	20
0051540	1
0051603	1
0051604	1
0051607	1
0051745	1
0051920	4
0051989	1
0051991	1
0052381	1
0052621	1
0052624	1
0052689	1
0052693	1
0052906	1
0055052	7
0055085	49
0061077	7
0061603	1
0061710	1
0061799	1
0070006	4
0070063	1
0070395	2
0070401	1
0070403	1
0070475	1
0070567	1
0070677	1
0070905	1
0071522	1
0071555	7
0071709	1
0071949	2
0071951	1
0071972	2
0071973	14
0071978	2
0072592	1
0097367	3
0098561	2
0103117	1
0106141	1
0110001	1
0140078	1
0140098	1
0140327	1
0140358	3
0140359	47
0140662	1
0141098	1
1901135	1
1901137	1
1902495	2
1902600	3
1903826	1
1904047	25
1905887	1
1990107	1
1990610	1
