0000015	1
0000028	1
0000049	3
0000105	9
0000107	2
0000155	1
0000156	5
0000160	21
0000162	3
0000166	18
0000179	1
0000271	1
0000287	9
0000311	1
0000314	3
0000315	3
0000334	1
0000413	5
0000451	1
0000774	2
0000902	2
0000906	1
0000910	2
0001072	1
0001510	1
0001514	2
0001522	5
0001887	1
0002098	1
0002100	1
0002189	1
0002949	3
0003676	16
0003677	71
0003678	4
0003684	3
0003688	1
0003697	3
0003700	18
0003723	26
0003725	1
0003735	52
0003743	3
0003746	7
0003755	9
0003774	1
0003824	40
0003848	1
0003856	1
0003857	1
0003864	1
0003866	1
0003868	1
0003872	1
0003879	2
0003883	1
0003887	5
0003896	1
0003899	5
0003904	1
0003906	1
0003911	1
0003916	1
0003917	1
0003918	2
0003922	1
0003924	15
0003934	1
0003935	1
0003937	1
0003938	1
0003942	1
0003949	1
0003952	1
0003977	1
0003978	1
0003983	1
0003987	1
0003989	3
0003991	1
0003994	1
0003999	1
0004013	1
0004015	1
0004016	1
0004018	1
0004019	1
0004022	1
0004044	1
0004045	2
0004047	1
0004048	1
0004053	1
0004055	1
0004056	1
0004068	1
0004070	1
0004072	2
0004073	1
0004075	1
0004076	1
0004077	1
0004084	2
0004088	1
0004107	1
0004109	2
0004115	1
0004124	1
0004125	1
0004126	1
0004127	1
0004129	2
0004134	1
0004139	1
0004140	1
0004141	1
0004148	1
0004151	1
0004152	1
0004156	1
0004175	1
0004176	2
0004177	4
0004181	3
0004185	1
0004190	3
0004222	7
0004252	11
0004298	1
0004311	1
0004314	1
0004315	3
0004316	1
0004325	1
0004326	1
0004329	1
0004332	1
0004334	1
0004335	1
0004340	2
0004345	1
0004349	1
0004350	1
0004356	1
0004357	1
0004359	2
0004360	1
0004370	1
0004372	1
0004373	1
0004375	2
0004385	1
0004386	7
0004397	1
0004399	1
0004400	1
0004413	1
0004418	1
0004424	1
0004449	1
0004459	1
0004470	1
0004471	1
0004478	1
0004479	1
0004497	2
0004514	1
0004516	1
0004519	5
0004520	1
0004521	2
0004523	2
0004525	1
0004526	1
0004527	2
0004540	5
0004550	1
0004553	1
0004576	1
0004581	1
0004588	1
0004590	1
0004592	2
0004595	1
0004601	1
0004602	1
0004612	1
0004616	1
0004617	1
0004632	1
0004633	1
0004634	1
0004635	1
0004636	1
0004637	1
0004638	2
0004639	1
0004641	1
0004642	2
0004643	1
0004644	1
0004648	1
0004654	1
0004655	1
0004659	3
0004664	1
0004672	22
0004673	1
0004674	5
0004722	9
0004725	1
0004731	1
0004735	1
0004738	1
0004743	1
0004748	2
0004749	1
0004750	1
0004751	1
0004756	1
0004764	1
0004784	2
0004789	1
0004791	1
0004795	1
0004797	1
0004798	1
0004802	1
0004803	14
0004807	1
0004812	2
0004813	1
0004814	1
0004816	1
0004817	1
0004818	1
0004820	1
0004821	1
0004822	1
0004823	1
0004824	1
0004825	1
0004826	2
0004827	1
0004828	1
0004829	1
0004830	1
0004831	1
0004832	1
0004833	1
0004834	2
0004853	1
0004866	1
0005047	1
0005048	1
0005198	1
0005215	1
0005216	1
0005506	5
0005515	31
0005524	187
0005525	23
0005694	2
0005737	48
0005829	3
0005840	31
0005854	1
0005886	29
0005960	1
0005971	2
0005975	14
0005978	2
0005980	1
0006002	1
0006006	2
0006011	1
0006012	3
0006020	1
0006048	1
0006071	1
0006072	1
0006086	2
0006090	1
0006094	2
0006096	4
0006098	4
0006099	3
0006102	1
0006139	1
0006163	1
0006164	4
0006166	1
0006168	1
0006171	1
0006177	1
0006189	7
0006206	1
0006207	3
0006221	3
0006229	1
0006231	1
0006233	1
0006241	1
0006259	2
0006260	11
0006261	1
0006265	3
0006269	1
0006270	1
0006275	1
0006281	19
0006284	2
0006289	4
0006298	2
0006302	1
0006304	3
0006308	2
0006310	10
0006351	4
0006352	15
0006353	3
0006355	38
0006364	7
0006396	3
0006400	5
0006402	1
0006412	57
0006413	3
0006414	6
0006415	3
0006418	1
0006419	1
0006420	1
0006421	1
0006423	1
0006424	3
0006426	1
0006427	1
0006428	1
0006429	1
0006430	1
0006431	1
0006432	2
0006433	1
0006434	1
0006435	1
0006436	1
0006437	1
0006438	1
0006450	1
0006457	7
0006465	3
0006468	27
0006470	10
0006486	3
0006508	32
0006520	1
0006522	1
0006523	1
0006526	2
0006527	1
0006534	1
0006535	2
0006537	1
0006541	2
0006542	1
0006546	2
0006548	2
0006556	1
0006559	2
0006561	3
0006564	2
0006569	1
0006572	2
0006592	2
0006605	1
0006614	1
0006629	2
0006631	2
0006633	10
0006635	1
0006654	1
0006729	1
0006730	2
0006744	6
0006750	2
0006751	2
0006754	1
0006777	4
0006779	5
0006783	1
0006784	1
0006808	2
0006810	4
0006812	3
0006814	2
0006817	5
0006820	1
0006824	1
0006826	1
0006855	1
0006857	1
0006885	1
0006886	3
0006950	1
0006979	2
0007059	5
0007165	2
0008033	10
0008081	1
0008094	1
0008097	1
0008108	1
0008113	1
0008124	1
0008134	2
0008135	1
0008137	3
0008152	5
0008168	11
0008170	6
0008171	1
0008172	1
0008173	2
0008186	1
0008233	8
0008234	1
0008235	1
0008236	6
0008237	6
0008251	1
0008252	1
0008270	22
0008299	4
0008311	1
0008324	2
0008360	6
0008374	1
0008379	4
0008381	2
0008408	3
0008409	1
0008410	1
0008412	1
0008425	4
0008441	2
0008444	1
0008446	1
0008460	1
0008479	1
0008483	1
0008490	1
0008495	1
0008509	1
0008519	1
0008534	1
0008610	2
0008612	2
0008616	5
0008641	2
0008643	1
0008649	1
0008652	2
0008654	3
0008658	3
0008664	1
0008676	1
0008685	1
0008686	1
0008690	1
0008703	1
0008705	1
0008710	1
0008716	1
0008745	1
0008752	1
0008757	5
0008760	1
0008761	1
0008762	1
0008763	1
0008764	1
0008780	1
0008784	1
0008792	1
0008800	1
0008808	1
0008817	2
0008818	1
0008829	1
0008830	2
0008831	1
0008835	1
0008836	1
0008837	1
0008841	1
0008855	2
0008878	1
0008881	1
0008883	2
0008902	1
0008914	1
0008915	1
0008920	2
0008932	1
0008934	1
0008939	1
0008959	1
0008961	2
0008963	1
0008965	1
0008966	1
0008972	1
0008983	1
0009001	1
0009002	1
0009007	2
0009009	1
0009011	1
0009022	1
0009029	1
0009030	1
0009035	1
0009036	2
0009037	1
0009052	1
0009055	10
0009058	8
0009060	1
0009073	5
0009081	2
0009086	1
0009088	2
0009089	3
0009094	1
0009102	4
0009103	1
0009107	1
0009113	2
0009116	3
0009117	1
0009152	2
0009190	1
0009225	1
0009228	5
0009234	4
0009236	10
0009243	2
0009244	2
0009245	5
0009249	1
0009252	16
0009253	1
0009263	1
0009264	1
0009265	1
0009279	1
0009288	1
0009294	1
0009297	3
0009306	10
0009307	6
0009317	4
0009318	2
0009320	1
0009349	1
0009360	3
0009368	2
0009376	2
0009378	2
0009379	1
0009380	4
0009381	1
0009396	2
0009401	2
0009403	1
0009408	2
0009423	1
0009432	2
0009435	5
0009451	5
0009691	2
0009898	1
0009927	1
0009966	3
0009972	1
0009975	3
0009982	5
0010007	2
0010038	1
0010181	5
0010945	1
0010951	1
0015031	6
0015035	1
0015036	1
0015087	1
0015093	1
0015095	2
0015103	2
0015109	1
0015136	1
0015159	1
0015221	2
0015267	1
0015288	1
0015291	2
0015297	2
0015385	1
0015415	3
0015446	1
0015450	4
0015562	6
0015628	1
0015658	1
0015666	1
0015693	2
0015700	1
0015703	1
0015739	1
0015774	1
0015819	1
0015822	1
0015891	1
0015914	2
0015920	2
0015930	1
0015934	7
0015935	6
0015937	3
0015940	3
0015941	1
0015949	2
0015970	1
0015979	5
0015986	4
0015995	8
0016020	107
0016070	1
0016114	1
0016117	1
0016149	3
0016153	1
0016208	1
0016209	4
0016226	6
0016279	1
0016301	4
0016310	5
0016311	1
0016410	3
0016433	1
0016434	1
0016462	1
0016491	60
0016597	2
0016614	1
0016616	2
0016620	3
0016624	1
0016627	3
0016628	2
0016646	1
0016647	1
0016651	7
0016655	2
0016667	1
0016717	1
0016722	2
0016730	1
0016740	10
0016746	3
0016747	5
0016757	33
0016765	4
0016767	1
0016772	1
0016773	3
0016779	12
0016780	3
0016782	2
0016783	2
0016787	33
0016788	1
0016790	1
0016791	8
0016798	1
0016799	3
0016805	1
0016810	2
0016812	2
0016829	1
0016831	1
0016832	1
0016851	2
0016853	2
0016866	2
0016874	5
0016879	1
0016881	1
0016884	2
0016887	53
0016987	15
0016992	1
0017004	2
0017038	1
0017057	1
0017061	1
0017148	1
0017150	1
0017168	1
0018142	1
0018339	1
0018364	1
0019104	2
0019134	1
0019205	1
0019213	1
0019264	1
0019277	1
0019288	2
0019305	3
0019346	2
0019427	1
0019430	1
0019441	1
0019464	2
0019509	2
0019547	1
0019556	2
0019557	2
0019632	1
0019646	1
0019673	1
0019685	2
0019746	1
0019843	2
0019856	1
0019867	2
0020037	7
0022625	5
0022627	3
0022857	34
0030091	3
0030145	4
0030163	1
0030170	11
0030234	3
0030254	5
0030257	4
0030261	3
0030288	1
0030409	1
0030412	1
0030416	1
0030420	1
0030429	1
0030435	1
0030436	1
0030488	1
0030494	3
0030552	1
0030554	1
0030604	1
0030612	1
0030643	1
0030655	1
0030955	1
0030956	2
0030983	3
0031071	1
0031167	2
0031419	1
0031522	2
0031992	2
0032049	1
0032259	6
0032363	1
0032508	2
0032784	2
0033014	3
0033739	1
0033743	1
0033744	1
0033818	1
0033819	1
0033840	1
0033862	1
0033922	1
0034204	1
0034220	2
0035438	2
0035556	1
0035673	1
0035870	1
0036211	3
0036222	1
0036374	2
0042026	2
0042132	1
0042158	3
0042173	1
0042242	1
0042254	3
0042274	1
0042286	1
0042372	1
0042398	1
0042450	2
0042559	1
0042578	3
0042586	1
0042626	37
0042732	1
0042773	4
0042802	6
0042803	2
0042823	2
0042834	5
0042910	1
0043022	4
0043093	1
0043107	6
0043139	1
0043165	1
0043190	5
0043295	1
0043335	1
0043546	1
0043565	1
0043571	23
0043752	1
0043811	1
0043856	4
0043857	1
0043952	4
0044205	1
0044237	1
0044780	1
0045182	1
0045242	1
0045254	1
0045261	4
0045263	1
0045550	1
0045910	1
0045936	1
0046177	1
0046316	1
0046406	1
0046417	1
0046429	1
0046523	1
0046654	1
0046677	1
0046685	1
0046835	1
0046855	1
0046857	1
0046872	66
0046933	4
0046961	1
0046983	1
0047330	1
0047343	1
0047429	1
0047480	1
0047617	3
0048038	4
0048040	1
0048472	1
0048501	1
0048529	1
0050129	1
0050136	2
0050242	1
0050380	1
0050416	1
0050480	1
0050511	1
0050515	1
0050518	1
0050567	2
0050660	12
0050661	8
0050797	1
0051007	1
0051073	1
0051082	2
0051083	1
0051087	2
0051116	1
0051205	1
0051287	6
0051301	6
0051536	11
0051537	1
0051539	18
0051603	1
0051607	3
0051920	3
0051989	1
0052381	1
0052624	1
0052693	1
0052699	2
0052706	1
0052873	1
0052906	1
0052913	1
0055052	9
0055085	42
0061542	5
0061599	1
0061710	1
0061799	1
0070006	5
0070007	2
0070043	1
0070064	1
0070069	1
0070401	1
0070402	1
0070403	8
0070475	1
0070497	1
0070905	1
0071555	3
0071586	1
0071709	1
0071793	3
0071949	3
0071951	1
0071973	1
0072488	1
0098869	1
0101006	1
0102208	4
0103117	1
0110001	2
0120225	2
0140078	1
0140110	1
0140359	41
0140658	1
0140662	1
1901137	1
1901893	1
1902495	1
1902600	3
1903424	1
1903425	1
1903826	1
1904047	16
1905887	1
1990107	1
1990586	1
