0000015	1
0000036	1
0000049	2
0000103	1
0000105	9
0000107	3
0000150	8
0000155	11
0000156	14
0000160	31
0000162	3
0000166	19
0000179	1
0000271	3
0000287	9
0000309	1
0000311	1
0000314	2
0000315	3
0000451	1
0000701	1
0000774	1
0000902	1
0000906	1
0000910	2
0000917	1
0001072	2
0001510	2
0001522	5
0002098	1
0002949	3
0003676	24
0003677	160
0003678	7
0003684	6
0003688	1
0003697	2
0003700	69
0003723	28
0003725	2
0003729	1
0003735	54
0003743	3
0003746	4
0003747	1
0003755	4
0003796	2
0003824	29
0003842	1
0003844	1
0003848	1
0003852	1
0003856	1
0003861	2
0003862	1
0003864	1
0003868	1
0003871	1
0003879	1
0003883	1
0003886	1
0003887	11
0003896	1
0003899	3
0003904	1
0003906	1
0003910	1
0003911	1
0003913	1
0003916	4
0003917	1
0003918	4
0003919	1
0003920	1
0003922	1
0003924	13
0003934	1
0003935	2
0003937	1
0003938	1
0003941	1
0003942	1
0003949	1
0003950	1
0003964	1
0003972	1
0003978	1
0003984	1
0003985	1
0003986	1
0003987	1
0003989	3
0003991	1
0003993	1
0003994	2
0003999	1
0004013	1
0004015	1
0004018	1
0004019	2
0004022	2
0004035	1
0004040	1
0004044	1
0004045	2
0004047	1
0004048	1
0004055	1
0004056	1
0004066	2
0004068	1
0004070	1
0004072	2
0004073	1
0004075	1
0004076	1
0004077	1
0004084	1
0004088	1
0004089	1
0004096	2
0004107	1
0004109	1
0004126	1
0004127	1
0004129	2
0004134	1
0004139	1
0004140	1
0004141	1
0004146	1
0004148	2
0004149	1
0004150	1
0004152	1
0004156	1
0004160	1
0004175	2
0004177	5
0004181	1
0004190	1
0004197	1
0004222	7
0004252	6
0004314	1
0004315	3
0004316	1
0004325	1
0004326	1
0004332	1
0004333	2
0004334	1
0004340	1
0004345	1
0004347	1
0004356	1
0004357	1
0004360	1
0004370	1
0004372	1
0004373	1
0004375	1
0004385	1
0004386	9
0004397	2
0004399	1
0004400	1
0004401	1
0004412	1
0004413	1
0004418	1
0004420	1
0004424	1
0004425	1
0004427	1
0004450	1
0004452	1
0004455	1
0004470	1
0004471	1
0004478	1
0004479	1
0004489	1
0004494	1
0004497	8
0004514	1
0004515	1
0004516	1
0004518	6
0004519	4
0004520	2
0004521	2
0004523	2
0004525	1
0004526	1
0004527	4
0004540	2
0004553	12
0004555	1
0004587	1
0004590	1
0004591	1
0004592	1
0004594	1
0004595	1
0004601	4
0004602	1
0004604	1
0004609	1
0004612	1
0004616	1
0004632	1
0004633	1
0004634	1
0004635	1
0004636	1
0004637	1
0004638	2
0004639	1
0004641	1
0004642	1
0004643	1
0004644	1
0004645	1
0004648	1
0004654	1
0004655	1
0004659	2
0004664	1
0004665	1
0004673	9
0004719	1
0004731	2
0004733	1
0004739	2
0004743	1
0004748	2
0004749	1
0004750	1
0004751	1
0004781	1
0004784	2
0004788	1
0004791	1
0004794	1
0004795	1
0004797	1
0004799	1
0004802	1
0004803	65
0004807	1
0004808	1
0004812	2
0004813	1
0004814	1
0004816	1
0004817	1
0004818	1
0004819	1
0004820	1
0004821	1
0004822	1
0004823	1
0004824	1
0004825	1
0004826	2
0004827	1
0004828	1
0004829	1
0004830	1
0004831	2
0004832	1
0004834	2
0004844	1
0004845	1
0004849	1
0004853	1
0004856	1
0004866	1
0004867	3
0004888	1
0005047	1
0005048	1
0005247	3
0005267	1
0005506	2
0005507	5
0005515	18
0005524	160
0005525	19
0005536	1
0005576	22
0005694	1
0005737	39
0005777	1
0005829	8
0005840	31
0005886	23
0005960	1
0005971	1
0005975	26
0005978	3
0005991	1
0005998	1
0006002	1
0006006	2
0006012	1
0006015	1
0006064	1
0006072	1
0006086	2
0006094	3
0006096	9
0006098	4
0006099	9
0006106	1
0006139	2
0006163	1
0006164	5
0006166	1
0006177	1
0006189	6
0006203	1
0006207	1
0006221	2
0006222	1
0006231	1
0006241	1
0006259	3
0006260	16
0006261	4
0006265	8
0006269	1
0006270	1
0006275	1
0006281	27
0006284	3
0006285	1
0006289	4
0006298	2
0006302	2
0006303	2
0006304	3
0006310	25
0006313	3
0006351	3
0006352	14
0006353	3
0006355	94
0006364	6
0006396	6
0006400	8
0006402	2
0006412	58
0006413	3
0006414	4
0006415	4
0006418	1
0006419	1
0006420	1
0006421	1
0006423	1
0006424	1
0006425	1
0006426	1
0006427	1
0006428	1
0006429	1
0006430	1
0006431	1
0006432	2
0006433	1
0006434	1
0006435	1
0006436	1
0006437	2
0006438	1
0006457	6
0006465	3
0006479	1
0006486	1
0006508	31
0006520	4
0006522	1
0006523	1
0006526	1
0006529	2
0006535	1
0006541	1
0006548	2
0006556	1
0006559	2
0006564	1
0006566	1
0006567	1
0006568	1
0006571	1
0006572	2
0006592	2
0006605	2
0006614	1
0006629	6
0006631	3
0006633	12
0006730	3
0006744	5
0006750	1
0006751	1
0006760	1
0006772	1
0006777	3
0006779	4
0006790	2
0006799	1
0006810	5
0006811	2
0006812	4
0006813	3
0006814	5
0006821	2
0006826	1
0006833	1
0006835	1
0006855	2
0006865	1
0006885	4
0006886	2
0006950	2
0006972	1
0006979	5
0007049	1
0007059	1
0007165	9
0008033	7
0008080	18
0008081	1
0008094	1
0008097	1
0008113	1
0008134	1
0008135	1
0008137	1
0008152	4
0008168	10
0008170	3
0008172	1
0008173	4
0008176	1
0008186	1
0008198	1
0008199	1
0008233	12
0008234	1
0008235	1
0008236	13
0008237	12
0008252	1
0008253	2
0008270	27
0008276	1
0008295	1
0008299	3
0008311	2
0008324	3
0008360	4
0008379	4
0008381	3
0008408	8
0008409	1
0008410	1
0008413	1
0008425	4
0008441	1
0008452	2
0008460	1
0008465	1
0008479	1
0008483	1
0008484	3
0008519	1
0008535	3
0008556	4
0008610	2
0008612	1
0008615	3
0008616	1
0008641	1
0008649	2
0008652	4
0008654	3
0008657	3
0008658	2
0008676	1
0008686	2
0008690	1
0008697	1
0008703	1
0008705	1
0008716	1
0008734	1
0008745	1
0008752	2
0008753	3
0008757	6
0008760	1
0008761	1
0008762	1
0008763	1
0008764	1
0008767	1
0008770	1
0008780	1
0008783	1
0008784	1
0008795	1
0008797	1
0008800	1
0008810	1
0008817	1
0008821	1
0008830	1
0008831	1
0008832	1
0008835	1
0008836	1
0008837	1
0008839	1
0008840	1
0008841	1
0008854	1
0008855	3
0008878	1
0008879	1
0008880	1
0008881	1
0008883	1
0008890	1
0008914	1
0008915	1
0008924	1
0008932	1
0008935	1
0008939	1
0008941	1
0008961	2
0008963	1
0008964	1
0008966	1
0008976	1
0008977	1
0008983	2
0008987	1
0008988	1
0009001	1
0009002	2
0009009	1
0009011	1
0009029	1
0009030	1
0009045	1
0009052	1
0009055	4
0009058	11
0009059	2
0009067	1
0009073	2
0009081	1
0009082	4
0009086	3
0009088	1
0009089	4
0009094	1
0009098	4
0009102	3
0009107	1
0009113	2
0009116	3
0009117	2
0009132	1
0009152	2
0009156	1
0009165	1
0009166	1
0009225	1
0009228	4
0009234	4
0009236	3
0009243	1
0009244	1
0009245	5
0009249	2
0009252	13
0009253	2
0009263	1
0009264	1
0009273	1
0009274	1
0009279	41
0009294	2
0009295	1
0009306	7
0009307	1
0009316	2
0009317	4
0009320	1
0009338	1
0009349	1
0009358	1
0009360	2
0009378	2
0009379	1
0009380	3
0009381	1
0009396	2
0009408	1
0009423	1
0009432	2
0009435	6
0009451	3
0009678	1
0009691	2
0009972	1
0009982	6
0010124	4
0010133	1
0010181	11
0010945	1
0010951	1
0015031	4
0015035	1
0015036	3
0015074	8
0015078	1
0015079	1
0015093	1
0015095	1
0015103	2
0015136	1
0015150	1
0015159	2
0015171	1
0015221	2
0015250	1
0015267	2
0015288	13
0015293	2
0015297	3
0015385	4
0015450	3
0015535	1
0015562	14
0015628	1
0015663	1
0015666	1
0015693	1
0015739	1
0015756	1
0015833	1
0015890	1
0015891	1
0015914	1
0015920	2
0015934	8
0015935	6
0015936	1
0015937	3
0015938	1
0015940	2
0015941	1
0015949	2
0015970	1
0015977	1
0015986	6
0016020	139
0016149	2
0016151	1
0016153	1
0016158	1
0016208	1
0016209	2
0016226	5
0016301	2
0016310	2
0016311	1
0016407	1
0016410	2
0016430	1
0016433	1
0016434	1
0016462	1
0016491	58
0016597	2
0016614	1
0016616	4
0016620	2
0016624	1
0016627	3
0016639	1
0016646	1
0016651	5
0016684	2
0016705	4
0016740	13
0016742	1
0016746	18
0016747	10
0016757	20
0016763	1
0016765	4
0016773	1
0016779	2
0016780	1
0016782	2
0016783	2
0016787	51
0016788	6
0016790	4
0016810	2
0016812	2
0016818	2
0016829	1
0016832	1
0016836	2
0016853	3
0016866	2
0016868	1
0016872	1
0016874	8
0016879	1
0016887	46
0016891	1
0016901	2
0016987	14
0016989	1
0016992	1
0016998	2
0017000	1
0017004	2
0017057	1
0017148	1
0017150	1
0018104	1
0018339	1
0018364	1
0019069	1
0019104	1
0019172	3
0019200	3
0019203	1
0019205	1
0019213	2
0019241	1
0019264	1
0019277	1
0019290	1
0019305	4
0019346	2
0019379	1
0019427	1
0019430	1
0019464	3
0019556	2
0019619	1
0019752	1
0019825	1
0019843	3
0019867	5
0020037	5
0022625	5
0022627	3
0022857	75
0030091	3
0030145	1
0030170	17
0030245	1
0030246	9
0030261	2
0030272	1
0030416	2
0030435	1
0030488	1
0030541	3
0030552	28
0030554	3
0030570	1
0030599	2
0030955	1
0030976	4
0030983	3
0031004	3
0031012	1
0031167	1
0031177	1
0031179	4
0031240	32
0031419	4
0031522	1
0032196	2
0032259	9
0032508	2
0032784	2
0032977	1
0032991	2
0033014	3
0033103	2
0033104	4
0033194	1
0033232	1
0033743	2
0033744	1
0033745	1
0033819	1
0033840	1
0033856	1
0033862	1
0033925	1
0033958	1
0034220	1
0034480	1
0034707	1
0035539	1
0035870	1
0036211	3
0036222	1
0036374	1
0042026	2
0042132	1
0042158	2
0042173	1
0042254	3
0042274	1
0042286	1
0042372	1
0042398	1
0042450	3
0042545	2
0042546	6
0042578	2
0042586	1
0042597	9
0042626	26
0042732	1
0042773	2
0042780	1
0042802	9
0042803	4
0042834	3
0042910	2
0043022	5
0043093	1
0043165	1
0043169	1
0043170	2
0043190	2
0043295	1
0043462	1
0043546	2
0043565	53
0043571	3
0043687	1
0043755	1
0043857	1
0043952	3
0044205	1
0045027	1
0045148	1
0045239	1
0045252	1
0045254	1
0045261	4
0045263	1
0045277	2
0045484	1
0045490	2
0045892	2
0045910	1
0046118	1
0046417	1
0046428	1
0046537	1
0046654	1
0046872	55
0046912	1
0046933	5
0046983	2
0047429	1
0047480	1
0047617	4
0048038	1
0048473	1
0048501	1
0050136	2
0050415	2
0050480	1
0050511	1
0050570	1
0050660	11
0050661	7
0051073	1
0051082	2
0051087	1
0051119	1
0051139	1
0051156	1
0051235	2
0051262	1
0051287	9
0051290	3
0051301	5
0051409	1
0051536	10
0051537	2
0051539	25
0051540	1
0051607	1
0051920	3
0051983	1
0051989	1
0052381	1
0052624	1
0052693	1
0052699	2
0052706	1
0052717	1
0052873	2
0052906	1
0055052	12
0055070	4
0055085	72
0061077	1
0061542	4
0061599	1
0061710	2
0061712	1
0070006	3
0070007	3
0070063	1
0070064	2
0070204	1
0070401	1
0070403	9
0070475	2
0070905	1
0070968	2
0071268	1
0071555	2
0071586	1
0071709	1
0071793	3
0071949	8
0071951	1
0071972	1
0072488	1
0072570	1
0097266	1
0098869	1
0102208	4
0103117	1
0120153	1
0120225	4
0140078	1
0140359	27
0140662	1
1901137	1
1901893	1
1902600	8
1904047	18
1904680	1
1905887	2
1990107	1
1990586	1
1990610	1
2001070	1
