0000015	1
0000030	1
0000036	3
0000049	3
0000103	3
0000105	14
0000107	2
0000150	3
0000155	23
0000156	19
0000160	52
0000162	6
0000166	26
0000179	1
0000210	1
0000255	1
0000256	1
0000271	4
0000272	1
0000286	1
0000287	16
0000311	1
0000314	3
0000315	3
0000373	4
0000413	2
0000451	1
0000724	1
0000774	1
0000902	1
0000906	1
0000910	2
0000917	1
0000918	1
0001072	2
0001216	1
0001228	1
0001510	2
0001522	7
0001539	4
0001680	1
0001887	1
0002098	1
0002100	1
0002161	2
0002189	1
0002949	3
0003333	1
0003676	22
0003677	276
0003678	6
0003684	3
0003688	1
0003690	4
0003697	4
0003700	185
0003723	36
0003725	2
0003729	1
0003735	57
0003743	4
0003746	4
0003747	1
0003755	4
0003774	4
0003810	1
0003824	45
0003844	1
0003848	1
0003849	1
0003852	2
0003855	1
0003856	1
0003857	1
0003861	2
0003862	1
0003864	1
0003866	1
0003871	1
0003879	2
0003882	1
0003883	1
0003887	7
0003896	1
0003899	6
0003908	1
0003911	1
0003916	4
0003917	1
0003918	4
0003919	1
0003922	1
0003924	20
0003934	1
0003935	2
0003937	2
0003938	2
0003941	2
0003942	1
0003949	1
0003951	2
0003952	1
0003964	4
0003968	1
0003977	1
0003978	2
0003983	2
0003984	3
0003989	3
0003991	1
0003994	1
0003998	1
0003999	1
0004013	1
0004016	1
0004018	1
0004019	1
0004020	1
0004022	3
0004044	1
0004045	2
0004047	1
0004048	1
0004049	1
0004055	1
0004056	1
0004062	1
0004066	3
0004067	1
0004068	1
0004070	1
0004072	2
0004073	1
0004075	1
0004077	1
0004084	1
0004088	1
0004106	1
0004107	1
0004124	4
0004126	1
0004127	1
0004129	3
0004139	1
0004140	1
0004146	1
0004148	3
0004149	1
0004150	1
0004151	1
0004152	2
0004156	1
0004157	1
0004160	3
0004170	1
0004175	1
0004176	3
0004177	1
0004180	2
0004181	3
0004190	3
0004197	1
0004222	5
0004252	12
0004298	1
0004314	4
0004315	3
0004316	1
0004318	1
0004325	1
0004326	1
0004329	1
0004332	1
0004333	1
0004335	1
0004340	1
0004342	1
0004345	1
0004347	1
0004349	1
0004350	1
0004356	2
0004358	1
0004359	2
0004360	1
0004370	1
0004372	1
0004373	1
0004375	2
0004385	1
0004386	13
0004397	2
0004399	1
0004400	4
0004401	1
0004412	1
0004413	1
0004417	1
0004418	1
0004424	1
0004425	1
0004427	1
0004450	1
0004452	1
0004459	2
0004476	1
0004478	3
0004479	1
0004488	1
0004497	3
0004514	2
0004516	1
0004518	6
0004519	6
0004521	1
0004523	2
0004525	1
0004526	1
0004527	5
0004540	4
0004550	1
0004553	17
0004560	1
0004585	1
0004588	1
0004590	2
0004591	1
0004592	1
0004594	1
0004595	1
0004601	1
0004602	1
0004604	1
0004605	1
0004609	1
0004616	1
0004617	1
0004619	1
0004632	1
0004633	1
0004634	1
0004635	1
0004636	1
0004637	1
0004638	1
0004639	1
0004641	2
0004642	2
0004643	2
0004644	2
0004645	2
0004648	1
0004654	1
0004655	1
0004659	3
0004664	1
0004672	2
0004673	14
0004674	2
0004713	4
0004715	2
0004722	5
0004725	2
0004729	1
0004731	2
0004733	1
0004735	3
0004739	1
0004743	1
0004748	2
0004749	2
0004750	1
0004751	3
0004756	1
0004764	2
0004765	1
0004781	1
0004783	2
0004784	2
0004788	1
0004789	1
0004791	2
0004794	1
0004795	1
0004797	1
0004798	1
0004799	1
0004802	1
0004803	67
0004807	1
0004812	4
0004813	1
0004814	2
0004816	1
0004817	1
0004818	1
0004819	2
0004820	2
0004821	1
0004822	1
0004823	1
0004824	1
0004825	1
0004826	2
0004827	2
0004828	2
0004829	2
0004830	2
0004831	1
0004832	1
0004834	4
0004844	1
0004845	1
0004849	1
0004851	2
0004852	1
0004853	2
0005047	1
0005048	1
0005198	10
0005215	4
0005267	1
0005388	1
0005436	1
0005506	5
0005507	4
0005509	1
0005515	14
0005518	1
0005524	303
0005525	30
0005694	2
0005737	63
0005743	1
0005829	6
0005840	34
0005854	1
0005886	60
0005960	1
0005975	35
0005978	4
0005991	1
0006002	1
0006006	2
0006007	1
0006011	2
0006012	3
0006020	1
0006044	2
0006047	1
0006048	1
0006066	1
0006071	1
0006072	1
0006086	1
0006090	1
0006091	1
0006094	3
0006096	14
0006098	5
0006099	9
0006106	1
0006109	2
0006139	2
0006144	1
0006163	1
0006164	5
0006166	1
0006168	1
0006171	1
0006177	1
0006189	8
0006207	4
0006210	1
0006212	1
0006213	1
0006221	5
0006222	1
0006226	1
0006231	1
0006233	1
0006241	1
0006259	4
0006260	16
0006261	1
0006265	11
0006268	1
0006269	1
0006270	1
0006275	1
0006281	23
0006284	2
0006285	1
0006289	3
0006298	2
0006302	1
0006303	1
0006304	3
0006308	2
0006310	18
0006313	18
0006351	6
0006352	34
0006353	4
0006355	202
0006364	8
0006396	4
0006400	10
0006402	3
0006412	62
0006413	4
0006414	4
0006415	4
0006418	3
0006419	1
0006420	2
0006421	1
0006423	1
0006424	3
0006425	2
0006426	2
0006427	1
0006428	1
0006429	1
0006430	1
0006431	1
0006432	2
0006433	2
0006434	2
0006435	2
0006436	2
0006437	1
0006438	1
0006450	1
0006457	7
0006465	2
0006468	4
0006470	7
0006486	1
0006493	1
0006508	38
0006520	4
0006522	1
0006523	1
0006525	1
0006526	5
0006528	1
0006529	3
0006534	1
0006535	6
0006537	1
0006541	1
0006542	2
0006546	2
0006548	3
0006556	3
0006561	5
0006564	2
0006565	2
0006568	1
0006592	2
0006605	2
0006614	1
0006629	3
0006631	1
0006633	16
0006635	1
0006654	1
0006729	1
0006730	2
0006741	1
0006744	4
0006750	1
0006751	1
0006760	1
0006772	1
0006777	8
0006779	5
0006780	1
0006785	1
0006790	3
0006797	1
0006799	1
0006801	1
0006808	1
0006810	2
0006812	4
0006813	9
0006814	1
0006816	2
0006817	9
0006824	2
0006826	5
0006855	8
0006865	7
0006885	1
0006886	3
0006935	10
0006950	2
0006979	1
0007059	3
0007155	1
0007165	19
0008033	10
0008047	2
0008080	35
0008094	1
0008097	1
0008124	1
0008135	1
0008137	1
0008138	1
0008152	16
0008168	30
0008170	3
0008172	1
0008173	2
0008175	1
0008176	1
0008186	1
0008199	2
0008233	15
0008236	14
0008237	1
0008251	1
0008253	2
0008263	1
0008270	29
0008299	8
0008324	5
0008360	5
0008374	1
0008379	2
0008381	1
0008408	6
0008409	1
0008412	2
0008422	1
0008425	2
0008441	1
0008444	1
0008446	1
0008448	1
0008452	1
0008460	1
0008465	2
0008479	1
0008483	2
0008484	3
0008495	1
0008519	1
0008534	1
0008540	1
0008556	6
0008610	3
0008615	2
0008616	4
0008641	4
0008643	49
0008649	3
0008652	2
0008654	5
0008658	6
0008661	1
0008662	1
0008663	1
0008664	1
0008685	1
0008686	1
0008703	1
0008705	1
0008716	2
0008734	1
0008745	7
0008752	3
0008753	6
0008754	3
0008757	7
0008760	3
0008761	3
0008762	1
0008763	1
0008764	1
0008773	1
0008782	3
0008784	1
0008788	1
0008795	1
0008801	1
0008808	3
0008817	2
0008818	1
0008821	1
0008830	2
0008831	1
0008833	1
0008835	1
0008836	1
0008837	1
0008839	1
0008840	1
0008841	1
0008851	1
0008855	2
0008861	1
0008863	1
0008864	1
0008878	3
0008879	2
0008881	1
0008883	1
0008888	3
0008897	1
0008899	1
0008902	2
0008924	1
0008926	2
0008929	1
0008930	3
0008932	1
0008934	1
0008939	1
0008942	4
0008961	2
0008962	3
0008963	1
0008964	1
0008965	2
0008966	1
0008972	2
0008973	1
0008976	1
0008982	8
0008983	2
0008984	1
0008987	1
0008990	1
0008998	1
0008999	1
0009001	2
0009007	1
0009009	1
0009022	1
0009035	2
0009052	2
0009055	17
0009058	15
0009061	3
0009073	6
0009081	1
0009082	6
0009086	4
0009088	2
0009089	7
0009094	1
0009097	1
0009098	5
0009103	2
0009107	1
0009113	2
0009116	9
0009117	2
0009143	1
0009152	3
0009156	1
0009164	3
0009166	1
0009220	1
0009225	1
0009228	9
0009231	1
0009234	5
0009236	13
0009240	1
0009243	3
0009247	1
0009249	3
0009252	17
0009253	5
0009254	2
0009255	1
0009263	1
0009264	1
0009288	4
0009294	1
0009295	1
0009297	2
0009306	8
0009307	1
0009316	2
0009317	4
0009318	2
0009320	1
0009326	2
0009331	1
0009337	2
0009349	1
0009358	1
0009360	3
0009368	4
0009376	2
0009378	2
0009379	1
0009380	2
0009381	1
0009396	2
0009399	17
0009401	19
0009408	2
0009423	3
0009424	2
0009425	2
0009431	2
0009432	4
0009435	7
0009442	1
0009446	1
0009451	2
0009486	1
0009650	1
0009758	2
0009847	17
0009898	3
0009966	6
0009972	1
0009975	6
0009977	1
0009982	9
0010181	28
0010468	2
0015031	3
0015035	2
0015036	2
0015074	16
0015078	5
0015079	3
0015087	2
0015093	1
0015095	2
0015103	1
0015105	1
0015128	1
0015136	1
0015171	2
0015205	2
0015293	3
0015297	5
0015369	1
0015385	1
0015412	3
0015415	6
0015419	4
0015446	1
0015450	4
0015486	1
0015499	3
0015562	4
0015574	1
0015628	2
0015658	1
0015662	3
0015663	1
0015689	3
0015693	2
0015724	3
0015739	1
0015771	1
0015890	1
0015930	1
0015934	8
0015935	6
0015937	3
0015940	2
0015941	1
0015942	2
0015949	2
0015969	2
0015970	1
0015976	1
0015977	1
0015986	8
0015990	5
0016020	213
0016024	1
0016032	2
0016051	1
0016052	1
0016114	1
0016149	2
0016151	4
0016153	2
0016154	1
0016163	9
0016209	2
0016226	4
0016301	9
0016310	9
0016311	4
0016407	2
0016430	1
0016433	2
0016434	1
0016462	1
0016491	112
0016530	2
0016597	1
0016610	5
0016612	2
0016613	1
0016614	1
0016616	6
0016620	3
0016627	1
0016641	1
0016646	2
0016651	11
0016655	1
0016657	4
0016661	1
0016682	4
0016684	1
0016695	1
0016705	2
0016740	10
0016743	1
0016746	26
0016747	13
0016757	34
0016758	4
0016763	2
0016765	5
0016776	4
0016779	6
0016780	5
0016782	2
0016783	4
0016787	67
0016788	4
0016791	6
0016799	1
0016810	7
0016812	2
0016818	1
0016829	5
0016831	4
0016832	1
0016835	1
0016853	12
0016861	1
0016866	1
0016868	1
0016874	3
0016879	1
0016884	2
0016887	119
0016891	1
0016903	1
0016987	35
0016989	1
0016992	1
0016994	1
0017004	5
0017013	1
0017038	1
0017113	1
0017118	1
0017148	1
0017150	1
0017168	1
0018104	2
0018142	1
0018209	1
0018339	1
0018364	1
0018478	1
0019104	2
0019134	1
0019152	1
0019172	2
0019200	3
0019205	1
0019213	1
0019239	1
0019242	1
0019264	1
0019277	3
0019281	1
0019288	3
0019305	5
0019344	1
0019346	2
0019354	2
0019379	1
0019430	2
0019464	2
0019509	3
0019521	1
0019556	1
0019594	2
0019632	2
0019645	2
0019647	1
0019673	1
0019746	1
0019752	2
0019825	1
0019829	3
0019843	3
0019867	1
0020037	6
0022625	5
0022627	3
0022857	105
0022877	1
0030001	2
0030091	2
0030115	5
0030170	30
0030234	1
0030245	1
0030246	9
0030261	3
0030272	1
0030288	2
0030388	1
0030420	1
0030435	5
0030436	38
0030488	2
0030551	1
0030552	5
0030554	7
0030604	1
0030612	1
0030639	1
0030643	1
0030694	2
0030788	1
0030789	1
0030955	1
0030956	2
0030973	2
0030976	5
0030983	4
0031004	6
0031071	1
0031072	1
0031167	3
0031177	1
0031419	2
0031522	2
0032049	3
0032259	6
0032300	1
0032466	1
0032508	1
0032784	3
0032955	1
0032977	1
0033014	4
0033228	2
0033230	2
0033232	8
0033281	1
0033739	1
0033743	1
0033745	1
0033818	1
0033819	1
0033862	1
0033971	1
0034077	1
0034081	1
0034219	1
0034220	2
0034301	1
0034618	1
0034979	1
0035429	1
0035438	1
0035632	1
0036211	8
0036297	1
0036374	1
0036402	1
0042026	2
0042128	2
0042132	1
0042158	1
0042173	1
0042174	1
0042242	1
0042254	6
0042274	1
0042286	2
0042450	2
0042545	1
0042546	1
0042578	2
0042586	2
0042626	162
0042773	2
0042780	1
0042802	1
0042803	1
0042823	2
0042834	1
0042853	1
0042910	7
0043022	6
0043039	1
0043093	1
0043094	1
0043101	2
0043169	1
0043190	9
0043295	1
0043365	2
0043462	1
0043546	3
0043565	16
0043571	6
0043687	1
0043714	1
0043752	1
0043800	2
0043801	1
0043811	1
0043822	1
0043856	1
0043885	1
0043937	3
0043952	4
0043953	2
0044205	1
0044341	1
0044780	8
0044781	2
0045027	1
0045148	1
0045150	1
0045151	1
0045152	1
0045182	1
0045239	1
0045252	1
0045254	1
0045261	4
0045263	2
0045312	1
0045454	3
0045717	1
0045892	5
0045910	2
0045936	1
0045982	1
0046026	1
0046081	1
0046110	2
0046118	1
0046168	1
0046306	1
0046314	1
0046316	1
0046348	1
0046417	1
0046429	1
0046500	1
0046537	1
0046654	1
0046685	3
0046798	2
0046835	1
0046855	1
0046857	1
0046872	78
0046912	2
0046919	1
0046933	6
0046983	6
0047151	1
0047343	1
0047429	2
0047480	1
0047605	1
0047617	1
0047652	1
0047733	1
0047804	2
0047834	1
0047952	1
0048034	1
0048472	1
0048473	8
0048501	1
0050053	2
0050126	1
0050136	2
0050151	1
0050242	1
0050311	1
0050377	1
0050380	3
0050446	1
0050456	2
0050480	1
0050511	1
0050515	1
0050518	1
0050567	2
0050660	17
0050661	13
0050992	1
0051007	1
0051027	2
0051060	2
0051073	1
0051082	5
0051083	1
0051087	1
0051119	1
0051139	2
0051156	1
0051212	1
0051213	2
0051287	13
0051301	8
0051302	1
0051536	11
0051537	6
0051539	39
0051540	2
0051603	1
0051604	1
0051606	1
0051607	2
0051745	1
0051920	3
0051989	1
0052381	1
0052693	1
0052873	2
0052906	1
0052913	1
0052916	1
0055051	2
0055052	63
0055056	1
0055085	146
0061077	2
0061542	2
0061599	1
0061710	2
0061712	1
0061799	1
0065002	1
0065003	4
0070006	2
0070007	4
0070063	2
0070401	1
0070402	1
0070403	17
0070475	2
0070726	3
0070905	1
0071555	2
0071722	1
0071793	3
0071949	6
0071951	1
0071972	2
0071973	11
0072488	1
0072570	2
0097367	1
0098561	9
0098662	2
0102208	2
0110001	1
0120225	1
0140078	1
0140110	2
0140359	173
0140658	2
0140662	2
0140737	2
0140741	1
1901135	3
1901137	1
1901576	1
1902358	4
1902495	4
1902600	3
1904047	41
1904659	1
1905887	4
1990107	1
1990586	1
1990610	1
