0000015	1
0000034	1
0000035	1
0000036	2
0000041	1
0000049	2
0000062	1
0000103	4
0000104	2
0000105	12
0000107	2
0000155	13
0000156	14
0000160	60
0000162	6
0000166	27
0000175	1
0000179	1
0000255	1
0000256	3
0000257	1
0000271	11
0000286	1
0000287	24
0000302	1
0000311	1
0000314	3
0000315	3
0000413	1
0000451	1
0000700	1
0000774	1
0000902	2
0000906	1
0000910	2
0000918	2
0000976	1
0001072	6
0001216	53
0001510	2
0001514	2
0001522	10
0001530	1
0001539	5
0001680	1
0002098	2
0002100	1
0002161	2
0002943	1
0002949	3
0003333	2
0003676	18
0003677	350
0003678	4
0003680	1
0003684	4
0003688	1
0003690	1
0003697	4
0003700	305
0003723	47
0003724	2
0003725	2
0003729	1
0003735	56
0003743	5
0003746	7
0003747	2
0003755	7
0003774	6
0003824	65
0003825	3
0003842	1
0003844	1
0003848	1
0003849	2
0003852	3
0003855	3
0003856	1
0003861	2
0003862	1
0003864	2
0003866	1
0003868	1
0003870	1
0003871	1
0003879	1
0003882	1
0003883	1
0003885	1
0003887	7
0003896	1
0003899	5
0003904	1
0003905	1
0003906	1
0003908	2
0003911	1
0003916	3
0003918	4
0003922	1
0003924	16
0003933	2
0003934	1
0003935	3
0003937	1
0003938	1
0003941	2
0003942	2
0003949	1
0003950	1
0003951	1
0003952	2
0003953	1
0003955	2
0003960	1
0003964	2
0003973	1
0003977	1
0003978	2
0003983	3
0003984	1
0003985	2
0003986	1
0003987	2
0003989	5
0003991	1
0003994	2
0003995	5
0003999	1
0004000	1
0004013	1
0004014	1
0004015	1
0004017	1
0004018	1
0004019	2
0004020	2
0004022	3
0004037	3
0004039	1
0004040	1
0004042	1
0004044	1
0004045	2
0004047	1
0004048	1
0004049	2
0004055	1
0004056	1
0004057	1
0004061	3
0004062	1
0004066	2
0004068	1
0004070	1
0004072	1
0004073	1
0004075	1
0004076	1
0004084	1
0004088	1
0004089	2
0004096	1
0004107	1
0004108	1
0004109	2
0004124	1
0004125	1
0004126	1
0004127	1
0004129	4
0004133	1
0004134	1
0004139	1
0004140	1
0004141	1
0004143	1
0004146	1
0004148	3
0004149	1
0004151	1
0004152	1
0004156	1
0004157	1
0004160	3
0004170	1
0004174	2
0004175	1
0004176	3
0004177	4
0004185	1
0004190	2
0004222	13
0004252	6
0004298	1
0004309	1
0004314	1
0004315	3
0004316	1
0004318	2
0004322	1
0004324	1
0004325	1
0004326	1
0004332	2
0004333	1
0004334	1
0004345	2
0004347	1
0004349	1
0004350	1
0004356	4
0004357	5
0004358	1
0004359	2
0004360	4
0004362	1
0004363	1
0004368	1
0004370	1
0004372	1
0004375	1
0004385	1
0004386	8
0004397	2
0004399	1
0004400	3
0004411	1
0004412	3
0004413	1
0004416	1
0004418	1
0004424	1
0004425	1
0004427	1
0004450	2
0004451	2
0004456	1
0004462	1
0004470	1
0004471	1
0004474	2
0004478	1
0004479	1
0004488	1
0004489	1
0004494	1
0004497	19
0004505	1
0004514	2
0004516	1
0004518	3
0004521	3
0004523	2
0004525	1
0004526	1
0004527	1
0004540	7
0004550	1
0004553	9
0004555	1
0004585	1
0004588	1
0004590	1
0004591	1
0004592	1
0004595	1
0004601	8
0004602	1
0004604	1
0004605	1
0004611	1
0004616	1
0004618	1
0004619	1
0004632	1
0004633	1
0004634	1
0004635	1
0004636	1
0004637	1
0004638	2
0004639	1
0004640	1
0004641	1
0004642	1
0004643	1
0004644	2
0004648	1
0004654	1
0004655	1
0004657	1
0004659	2
0004664	2
0004671	1
0004672	3
0004673	8
0004674	2
0004719	1
0004725	4
0004733	1
0004735	1
0004738	2
0004742	1
0004743	1
0004747	3
0004748	1
0004749	1
0004750	1
0004751	1
0004756	1
0004764	3
0004765	1
0004781	2
0004789	1
0004791	1
0004794	1
0004795	1
0004798	1
0004799	1
0004801	1
0004802	1
0004803	20
0004805	1
0004806	2
0004807	1
0004808	1
0004810	1
0004812	4
0004813	1
0004814	1
0004817	2
0004818	1
0004819	1
0004820	2
0004821	1
0004822	1
0004823	1
0004824	1
0004825	1
0004826	2
0004827	1
0004828	1
0004829	1
0004830	2
0004831	1
0004832	1
0004833	1
0004834	2
0004843	1
0004844	1
0004845	1
0004847	1
0004851	3
0004852	1
0004853	1
0004854	2
0004856	3
0004857	1
0004866	2
0004867	1
0005047	1
0005048	1
0005198	9
0005215	10
0005247	3
0005283	1
0005319	1
0005337	1
0005342	1
0005375	1
0005381	2
0005488	3
0005506	10
0005507	5
0005509	1
0005515	42
0005524	279
0005525	27
0005576	1
0005615	1
0005694	3
0005737	66
0005777	1
0005829	20
0005840	33
0005854	1
0005886	114
0005960	1
0005975	39
0005978	1
0005980	2
0005991	2
0005992	6
0005997	2
0005998	1
0006006	4
0006011	4
0006012	2
0006014	3
0006015	1
0006020	1
0006044	1
0006048	1
0006064	1
0006072	2
0006081	2
0006086	3
0006089	2
0006090	2
0006094	4
0006096	9
0006097	2
0006098	6
0006099	13
0006106	1
0006108	1
0006109	1
0006120	1
0006139	1
0006144	1
0006146	1
0006147	1
0006163	1
0006164	5
0006168	1
0006177	1
0006188	1
0006189	7
0006207	2
0006210	1
0006212	1
0006213	1
0006221	3
0006222	1
0006226	1
0006229	1
0006231	1
0006233	1
0006241	1
0006259	1
0006260	8
0006261	1
0006265	6
0006269	1
0006270	1
0006275	1
0006281	25
0006284	4
0006285	3
0006289	4
0006298	2
0006306	1
0006308	2
0006310	15
0006313	5
0006351	7
0006352	18
0006353	3
0006355	313
0006364	9
0006396	8
0006400	9
0006401	1
0006402	1
0006412	61
0006413	5
0006414	6
0006415	5
0006418	2
0006419	1
0006420	1
0006423	2
0006424	3
0006425	1
0006426	2
0006427	1
0006428	1
0006429	1
0006430	1
0006431	1
0006432	2
0006433	1
0006434	1
0006435	1
0006436	2
0006437	1
0006438	1
0006450	1
0006457	12
0006465	1
0006468	4
0006470	5
0006481	1
0006482	1
0006486	1
0006508	31
0006520	6
0006522	2
0006523	1
0006526	7
0006527	4
0006529	2
0006535	6
0006537	1
0006541	4
0006542	4
0006547	4
0006548	3
0006556	1
0006559	6
0006561	4
0006564	2
0006567	1
0006568	1
0006569	1
0006571	1
0006572	5
0006574	2
0006592	3
0006605	2
0006614	1
0006629	10
0006631	12
0006633	17
0006654	2
0006662	1
0006730	2
0006744	10
0006749	19
0006750	8
0006751	3
0006777	11
0006779	5
0006783	1
0006790	5
0006793	1
0006796	2
0006798	1
0006799	1
0006808	3
0006810	44
0006811	6
0006812	8
0006813	9
0006814	4
0006817	6
0006821	3
0006824	1
0006825	3
0006826	3
0006833	1
0006835	2
0006847	3
0006848	1
0006855	15
0006865	36
0006869	1
0006879	1
0006880	1
0006885	2
0006886	3
0006935	6
0006950	1
0006974	2
0006979	9
0007049	1
0007059	4
0007155	16
0007165	28
0008028	1
0008033	11
0008080	33
0008081	1
0008094	1
0008097	1
0008113	2
0008115	2
0008121	1
0008134	8
0008135	1
0008137	6
0008146	2
0008152	12
0008168	24
0008171	1
0008172	1
0008173	3
0008175	1
0008176	1
0008177	1
0008186	1
0008198	2
0008199	2
0008219	2
0008233	4
0008235	1
0008236	7
0008237	4
0008251	1
0008252	2
0008270	29
0008276	1
0008295	5
0008299	4
0008311	1
0008320	1
0008324	3
0008360	7
0008374	1
0008375	1
0008379	4
0008381	7
0008408	2
0008409	1
0008410	4
0008412	1
0008413	1
0008425	5
0008430	1
0008442	2
0008444	1
0008446	1
0008448	1
0008452	3
0008460	1
0008465	1
0008478	1
0008479	1
0008483	6
0008484	3
0008490	1
0008493	1
0008495	1
0008519	2
0008534	1
0008556	6
0008610	3
0008615	3
0008616	5
0008641	2
0008643	20
0008649	2
0008652	2
0008653	1
0008654	5
0008657	3
0008658	3
0008660	1
0008661	1
0008663	1
0008664	1
0008666	1
0008674	1
0008675	1
0008676	2
0008677	3
0008679	1
0008684	3
0008685	1
0008686	3
0008687	1
0008690	2
0008700	1
0008701	4
0008703	1
0008705	1
0008710	1
0008712	1
0008714	1
0008716	1
0008718	2
0008720	1
0008721	1
0008726	1
0008734	1
0008743	1
0008745	3
0008750	1
0008752	3
0008753	2
0008754	2
0008757	12
0008760	2
0008761	2
0008762	1
0008763	1
0008764	1
0008772	1
0008773	1
0008774	4
0008777	2
0008780	1
0008782	1
0008783	4
0008784	2
0008785	1
0008791	1
0008794	2
0008795	1
0008800	5
0008802	1
0008803	1
0008808	2
0008812	1
0008817	2
0008821	1
0008824	1
0008828	1
0008829	1
0008830	1
0008831	1
0008835	1
0008836	1
0008837	2
0008838	1
0008839	1
0008840	2
0008851	1
0008854	2
0008855	2
0008860	1
0008863	5
0008864	2
0008867	1
0008869	1
0008872	1
0008879	1
0008881	1
0008882	1
0008883	1
0008890	1
0008892	1
0008897	1
0008902	1
0008914	1
0008915	1
0008920	3
0008924	1
0008927	1
0008929	1
0008930	1
0008932	1
0008934	1
0008939	1
0008940	3
0008941	1
0008942	2
0008959	1
0008961	2
0008963	1
0008964	1
0008965	2
0008966	1
0008967	2
0008972	1
0008976	2
0008977	1
0008982	2
0008984	1
0008986	1
0008987	1
0008988	1
0008999	1
0009001	5
0009002	2
0009009	1
0009013	1
0009014	1
0009015	1
0009016	1
0009017	1
0009022	1
0009027	2
0009028	1
0009029	1
0009030	1
0009032	1
0009039	2
0009045	1
0009052	1
0009055	36
0009056	15
0009058	15
0009060	1
0009061	3
0009063	1
0009073	9
0009081	1
0009082	5
0009086	7
0009088	3
0009089	11
0009094	2
0009097	2
0009098	5
0009102	4
0009103	1
0009107	2
0009113	2
0009115	4
0009116	7
0009117	1
0009132	1
0009152	3
0009156	1
0009164	1
0009165	1
0009166	1
0009225	1
0009228	6
0009236	19
0009240	1
0009243	1
0009244	5
0009245	5
0009246	1
0009247	1
0009249	2
0009252	26
0009253	3
0009255	2
0009263	1
0009264	1
0009267	1
0009274	3
0009276	1
0009279	91
0009288	7
0009289	13
0009290	1
0009294	1
0009297	11
0009306	13
0009308	1
0009310	1
0009316	2
0009317	6
0009318	2
0009320	1
0009325	3
0009326	5
0009331	2
0009338	2
0009339	1
0009340	1
0009349	1
0009358	1
0009360	1
0009368	2
0009376	2
0009378	2
0009379	1
0009380	3
0009381	1
0009396	3
0009399	1
0009401	7
0009403	1
0009408	2
0009423	5
0009424	2
0009425	1
0009426	1
0009427	1
0009428	2
0009431	2
0009432	3
0009435	8
0009436	1
0009439	1
0009443	1
0009446	1
0009448	1
0009450	1
0009451	9
0009486	4
0009636	2
0009691	2
0009712	1
0009758	1
0009897	2
0009898	5
0009966	5
0009972	1
0009975	5
0009982	11
0010038	1
0010124	11
0010136	1
0010181	42
0010945	2
0010951	1
0010974	1
0015031	17
0015035	6
0015036	1
0015074	4
0015078	4
0015087	1
0015095	1
0015103	4
0015109	3
0015112	1
0015113	1
0015136	1
0015150	1
0015159	5
0015171	9
0015185	1
0015204	1
0015205	6
0015209	1
0015221	4
0015250	1
0015267	4
0015288	88
0015291	2
0015293	9
0015297	5
0015343	6
0015385	2
0015411	1
0015412	2
0015415	1
0015419	2
0015424	1
0015444	1
0015450	3
0015451	1
0015473	6
0015535	1
0015562	14
0015572	1
0015599	1
0015612	2
0015614	2
0015627	15
0015628	17
0015658	17
0015663	1
0015689	2
0015693	2
0015700	1
0015703	3
0015706	1
0015707	1
0015718	1
0015734	1
0015739	1
0015753	2
0015756	1
0015774	5
0015794	1
0015802	1
0015803	12
0015812	1
0015833	4
0015840	5
0015846	5
0015849	1
0015871	1
0015890	1
0015891	9
0015904	1
0015914	2
0015920	3
0015930	1
0015934	8
0015935	6
0015937	3
0015938	1
0015940	6
0015941	1
0015942	4
0015944	1
0015949	2
0015970	2
0015976	1
0015977	1
0015986	8
0015990	5
0016020	388
0016024	1
0016032	2
0016034	2
0016042	2
0016051	1
0016052	1
0016070	2
0016114	1
0016117	2
0016149	3
0016151	3
0016153	1
0016159	1
0016208	2
0016226	8
0016260	1
0016279	1
0016301	8
0016310	17
0016311	3
0016407	1
0016410	2
0016433	1
0016434	1
0016462	2
0016491	202
0016530	1
0016531	2
0016579	1
0016597	1
0016598	1
0016614	2
0016615	1
0016616	6
0016620	5
0016627	15
0016628	4
0016638	2
0016646	8
0016651	6
0016655	1
0016657	1
0016667	1
0016682	6
0016684	1
0016705	5
0016709	1
0016717	2
0016722	1
0016740	13
0016742	2
0016746	31
0016747	27
0016757	33
0016758	1
0016760	1
0016763	1
0016765	1
0016767	2
0016772	7
0016773	2
0016776	1
0016779	8
0016780	6
0016782	2
0016783	4
0016787	98
0016788	12
0016790	4
0016791	5
0016793	1
0016798	1
0016799	1
0016805	2
0016810	22
0016812	2
0016818	1
0016823	1
0016829	8
0016831	4
0016832	3
0016836	3
0016840	1
0016853	9
0016857	1
0016861	1
0016862	1
0016866	3
0016868	1
0016874	6
0016879	1
0016881	1
0016884	1
0016887	117
0016896	1
0016987	20
0016992	2
0016993	1
0016994	1
0017004	3
0017038	2
0017057	1
0017076	1
0017113	1
0017148	1
0017150	2
0017168	1
0018149	1
0018189	5
0018193	1
0018277	1
0018339	1
0018364	2
0018454	1
0018467	1
0018478	4
0018480	1
0018506	2
0018576	2
0018577	1
0018578	2
0018618	2
0018659	1
0018738	1
0018817	1
0018822	2
0018849	2
0018850	2
0019058	1
0019068	1
0019104	2
0019120	3
0019134	1
0019172	3
0019177	1
0019200	4
0019213	1
0019239	1
0019241	1
0019242	1
0019243	1
0019250	1
0019264	1
0019277	2
0019285	2
0019288	4
0019305	4
0019310	4
0019346	4
0019354	3
0019361	1
0019379	1
0019394	1
0019427	2
0019430	1
0019441	4
0019464	3
0019491	1
0019509	1
0019529	1
0019538	1
0019556	1
0019557	1
0019580	1
0019615	2
0019619	4
0019627	5
0019629	3
0019632	3
0019634	1
0019636	2
0019645	1
0019646	2
0019673	1
0019674	1
0019679	2
0019684	2
0019700	3
0019746	2
0019752	2
0019808	5
0019825	1
0019843	3
0019856	1
0019867	14
0019898	1
0019899	1
0020037	24
0022625	5
0022627	3
0022857	276
0022900	3
0022904	7
0030001	2
0030058	1
0030091	5
0030145	5
0030151	4
0030163	1
0030170	46
0030234	2
0030244	3
0030246	4
0030253	2
0030261	3
0030272	1
0030288	21
0030416	2
0030429	1
0030488	1
0030527	10
0030541	3
0030552	7
0030554	5
0030604	1
0030639	1
0030643	1
0030655	2
0030674	2
0030694	3
0030788	1
0030789	1
0030798	1
0030894	1
0030955	1
0030956	2
0030973	1
0030976	8
0030977	1
0030983	2
0031004	6
0031071	2
0031167	2
0031317	1
0031419	2
0031522	2
0031992	6
0032049	2
0032259	11
0032297	1
0032300	1
0032363	1
0032508	1
0032784	4
0032923	1
0032934	1
0032977	1
0033014	5
0033103	47
0033104	19
0033212	1
0033214	1
0033219	1
0033221	5
0033222	1
0033223	6
0033225	6
0033226	2
0033232	4
0033265	1
0033573	2
0033730	1
0033739	1
0033743	2
0033744	2
0033745	1
0033818	1
0033819	1
0033856	1
0033862	1
0033942	1
0033958	2
0033971	1
0033980	1
0034081	1
0034194	1
0034204	1
0034220	1
0034480	5
0034634	1
0034755	2
0034775	1
0035435	2
0035438	3
0035539	1
0035550	1
0035870	1
0036211	6
0036222	1
0036374	3
0036424	1
0036524	1
0042026	3
0042126	2
0042128	1
0042132	1
0042158	2
0042242	1
0042254	4
0042273	1
0042274	1
0042286	1
0042301	1
0042314	2
0042398	1
0042450	2
0042537	1
0042546	2
0042578	4
0042586	2
0042597	10
0042619	1
0042625	2
0042626	121
0042710	1
0042732	2
0042742	1
0042773	3
0042802	10
0042803	4
0042823	1
0042834	6
0042853	1
0042875	1
0042882	2
0042908	3
0042910	4
0042918	2
0042952	2
0042953	4
0043022	7
0043039	2
0043093	1
0043101	1
0043161	1
0043165	1
0043169	1
0043190	20
0043213	1
0043295	2
0043335	1
0043419	2
0043462	2
0043546	5
0043565	38
0043633	1
0043639	1
0043683	1
0043752	1
0043755	1
0043811	1
0043824	1
0043828	1
0043867	1
0043952	3
0043953	1
0044209	1
0044423	3
0044571	2
0044668	1
0044780	10
0044781	2
0044874	1
0045182	1
0045239	1
0045252	1
0045254	3
0045261	3
0045263	1
0045271	1
0045273	2
0045275	1
0045454	2
0045861	1
0045892	9
0045893	6
0045900	1
0045927	1
0045936	1
0046025	1
0046026	1
0046081	1
0046118	1
0046140	1
0046167	1
0046177	1
0046278	2
0046292	1
0046294	1
0046316	1
0046392	1
0046395	2
0046416	1
0046417	1
0046421	1
0046429	1
0046500	1
0046653	2
0046654	1
0046656	1
0046677	2
0046685	4
0046688	3
0046797	1
0046820	1
0046855	1
0046872	103
0046873	1
0046912	1
0046914	2
0046917	1
0046930	5
0046933	5
0046983	1
0047111	1
0047125	1
0047134	1
0047304	3
0047400	2
0047429	1
0047437	1
0047448	1
0047456	1
0047470	1
0047471	1
0047472	1
0047475	2
0047480	1
0047547	1
0047570	1
0047575	1
0047590	1
0047617	4
0047804	3
0047813	1
0047834	3
0047922	1
0047952	1
0048038	5
0048040	1
0048472	1
0048473	4
0048501	1
0050053	1
0050114	1
0050126	1
0050129	1
0050136	2
0050188	1
0050241	1
0050269	2
0050311	2
0050346	1
0050380	1
0050440	1
0050480	1
0050487	1
0050511	1
0050515	1
0050518	1
0050567	2
0050568	1
0050570	1
0050656	1
0050660	51
0050661	19
0050898	2
0050920	1
0050992	2
0051007	2
0051073	1
0051082	5
0051083	1
0051087	2
0051116	1
0051131	1
0051161	1
0051213	1
0051259	1
0051287	22
0051290	3
0051301	10
0051409	1
0051536	34
0051537	23
0051539	26
0051540	1
0051596	1
0051603	1
0051745	2
0051782	1
0051903	1
0051920	10
0051983	1
0051989	1
0052381	1
0052547	1
0052693	1
0052699	4
0052706	2
0052717	1
0052737	1
0052873	3
0052906	1
0052913	1
0055052	72
0055070	1
0055085	285
0055130	2
0061024	1
0061077	7
0061542	6
0061599	3
0061710	2
0061799	1
0065003	2
0070006	5
0070063	2
0070069	1
0070402	2
0070403	33
0070404	1
0070475	2
0070573	1
0070905	1
0071268	1
0071522	1
0071555	4
0071709	1
0071918	1
0071949	15
0071951	1
0071973	11
0072488	2
0089714	1
0090529	1
0090540	1
0097266	1
0097351	1
0097367	2
0097428	1
0097657	1
0098003	1
0098561	2
0098567	2
0098797	1
0098869	1
0101006	1
0102039	1
0102208	5
0103116	1
0103117	1
0106361	1
0110001	2
0140078	1
0140110	3
0140327	1
0140359	143
0140662	5
0140737	3
1901023	1
1901135	1
1901137	4
1901515	1
1901642	1
1901891	1
1902208	2
1902358	2
1902495	6
1902600	8
1903803	1
1904047	24
1904680	2
1905887	3
1990107	1
1990195	1
1990229	1
1990397	1
1990586	3
1990610	1
1990817	1
1990961	2
