0000015	1
0000034	1
0000036	2
0000049	3
0000062	1
0000105	1
0000155	10
0000156	7
0000160	34
0000166	15
0000179	1
0000271	1
0000272	1
0000276	1
0000287	11
0000309	1
0000311	1
0000314	2
0000315	3
0000334	1
0000413	1
0000451	1
0000774	1
0000902	1
0000906	1
0000910	1
0000917	1
0001072	2
0001510	2
0001522	7
0002098	1
0002949	3
0003676	20
0003677	93
0003678	5
0003684	3
0003688	1
0003697	2
0003700	27
0003723	28
0003725	2
0003729	1
0003735	53
0003743	3
0003746	4
0003747	1
0003755	4
0003824	23
0003842	1
0003844	1
0003848	1
0003855	1
0003856	1
0003857	1
0003864	1
0003868	1
0003883	1
0003886	1
0003887	5
0003896	1
0003899	3
0003904	1
0003906	1
0003908	1
0003910	1
0003911	1
0003916	1
0003917	1
0003918	4
0003919	1
0003922	1
0003924	13
0003934	2
0003937	1
0003938	1
0003941	1
0003978	1
0003985	3
0003986	1
0003987	1
0003989	3
0003994	1
0003995	1
0004013	1
0004015	1
0004018	1
0004019	1
0004035	1
0004040	1
0004045	2
0004047	1
0004053	1
0004066	3
0004068	1
0004070	1
0004072	2
0004073	1
0004075	1
0004076	1
0004077	1
0004084	2
0004088	1
0004089	1
0004096	1
0004107	1
0004109	1
0004126	1
0004127	1
0004129	3
0004139	1
0004140	1
0004141	1
0004146	1
0004148	2
0004149	1
0004150	1
0004152	1
0004156	1
0004157	1
0004163	1
0004170	1
0004177	6
0004181	1
0004190	2
0004197	1
0004222	5
0004252	7
0004314	1
0004315	2
0004316	1
0004318	1
0004325	1
0004326	1
0004332	1
0004333	1
0004334	1
0004335	1
0004347	1
0004356	1
0004357	1
0004360	1
0004372	1
0004373	1
0004375	1
0004385	1
0004386	7
0004397	1
0004400	1
0004412	1
0004413	1
0004418	1
0004420	1
0004427	1
0004450	1
0004452	1
0004470	1
0004471	1
0004476	1
0004478	1
0004479	2
0004489	1
0004494	1
0004497	3
0004514	1
0004515	1
0004518	7
0004519	3
0004523	2
0004525	1
0004526	1
0004527	4
0004540	3
0004553	11
0004565	1
0004587	1
0004588	1
0004590	1
0004591	1
0004592	1
0004595	1
0004601	3
0004602	1
0004609	1
0004612	1
0004632	1
0004633	1
0004634	1
0004637	1
0004638	2
0004639	1
0004642	1
0004643	1
0004644	2
0004648	1
0004654	1
0004655	1
0004659	2
0004673	4
0004719	1
0004725	1
0004731	1
0004733	1
0004735	1
0004739	2
0004742	1
0004743	1
0004748	1
0004749	1
0004750	1
0004751	1
0004784	2
0004788	1
0004791	1
0004795	1
0004797	1
0004799	1
0004803	1
0004807	1
0004808	1
0004812	2
0004813	1
0004814	1
0004816	1
0004817	1
0004818	1
0004819	1
0004820	1
0004821	1
0004822	1
0004823	1
0004824	1
0004825	1
0004826	2
0004827	1
0004828	1
0004829	1
0004830	1
0004831	1
0004832	1
0004833	1
0004844	1
0004845	1
0004849	1
0004852	1
0004853	1
0004866	1
0004888	1
0005047	1
0005048	1
0005215	1
0005216	1
0005247	2
0005506	2
0005507	1
0005515	16
0005524	127
0005525	19
0005576	17
0005634	1
0005694	1
0005737	39
0005777	1
0005829	8
0005840	32
0005854	1
0005886	18
0005960	1
0005971	1
0005975	22
0005978	3
0006002	1
0006006	3
0006012	3
0006015	1
0006047	1
0006072	1
0006086	2
0006090	1
0006094	3
0006096	9
0006098	1
0006099	6
0006106	1
0006139	1
0006146	1
0006163	1
0006164	4
0006166	1
0006168	1
0006177	1
0006188	1
0006189	4
0006203	1
0006207	2
0006210	1
0006212	1
0006221	3
0006222	1
0006226	1
0006231	1
0006241	1
0006259	2
0006260	10
0006261	1
0006265	5
0006269	1
0006270	1
0006275	1
0006281	22
0006284	3
0006285	1
0006289	4
0006298	2
0006303	2
0006304	3
0006310	13
0006351	3
0006352	13
0006353	3
0006355	34
0006364	7
0006396	4
0006400	8
0006402	2
0006412	57
0006413	3
0006414	4
0006415	5
0006418	1
0006419	1
0006420	1
0006421	1
0006423	1
0006424	1
0006425	1
0006426	1
0006427	1
0006428	1
0006429	1
0006430	1
0006431	1
0006432	2
0006433	1
0006434	1
0006435	1
0006436	1
0006437	1
0006438	1
0006457	3
0006465	2
0006470	1
0006479	1
0006486	1
0006508	25
0006520	3
0006522	1
0006523	1
0006529	3
0006541	1
0006548	1
0006556	1
0006559	2
0006561	1
0006564	1
0006566	1
0006567	1
0006569	1
0006572	2
0006605	2
0006614	1
0006629	2
0006631	4
0006633	14
0006635	1
0006650	1
0006730	3
0006744	4
0006750	1
0006751	1
0006760	1
0006772	1
0006779	4
0006780	1
0006782	1
0006783	1
0006790	1
0006797	1
0006799	1
0006810	2
0006811	1
0006812	3
0006814	1
0006817	1
0006821	1
0006824	1
0006826	1
0006855	2
0006865	1
0006885	1
0006886	1
0006950	1
0006972	1
0006979	5
0007049	1
0007165	4
0008033	7
0008080	18
0008094	1
0008097	1
0008108	1
0008113	1
0008135	1
0008137	1
0008152	6
0008168	13
0008170	2
0008172	1
0008173	4
0008176	1
0008186	1
0008199	1
0008218	1
0008233	2
0008234	1
0008236	9
0008237	10
0008252	1
0008253	2
0008270	24
0008276	1
0008299	3
0008311	1
0008324	1
0008360	5
0008379	1
0008381	4
0008408	4
0008409	1
0008410	2
0008413	1
0008417	1
0008422	1
0008425	4
0008441	1
0008446	1
0008460	1
0008479	1
0008483	2
0008484	4
0008495	1
0008610	1
0008612	1
0008615	3
0008616	1
0008641	1
0008649	2
0008652	3
0008654	3
0008655	1
0008657	2
0008658	2
0008661	1
0008676	1
0008686	1
0008690	1
0008703	1
0008705	1
0008716	1
0008752	1
0008754	2
0008757	5
0008759	1
0008760	1
0008761	2
0008762	1
0008763	1
0008764	1
0008770	1
0008773	1
0008780	1
0008784	1
0008794	1
0008795	1
0008800	1
0008801	1
0008817	1
0008821	1
0008830	1
0008831	1
0008832	1
0008835	1
0008836	1
0008837	1
0008839	1
0008840	1
0008841	1
0008854	1
0008878	1
0008879	1
0008881	1
0008883	1
0008890	1
0008909	1
0008914	1
0008915	1
0008932	1
0008935	1
0008961	2
0008963	1
0008964	1
0008966	1
0008976	1
0008983	1
0009009	1
0009011	1
0009029	1
0009030	1
0009035	1
0009052	1
0009055	2
0009058	5
0009059	2
0009060	1
0009067	1
0009073	2
0009081	2
0009086	2
0009088	1
0009089	4
0009102	3
0009107	1
0009113	1
0009116	4
0009132	1
0009143	1
0009152	3
0009156	1
0009165	1
0009166	1
0009220	1
0009225	1
0009228	1
0009234	4
0009236	1
0009243	1
0009244	1
0009245	6
0009246	1
0009249	2
0009252	13
0009254	1
0009263	1
0009264	1
0009265	1
0009274	2
0009279	19
0009294	1
0009306	8
0009317	4
0009320	1
0009338	1
0009349	1
0009358	1
0009360	2
0009378	2
0009379	1
0009380	2
0009381	1
0009396	2
0009403	1
0009408	1
0009423	2
0009432	2
0009435	4
0009451	5
0009678	1
0009691	1
0009972	1
0009982	7
0010124	5
0010133	1
0010181	7
0010945	1
0010951	1
0015031	4
0015035	1
0015036	1
0015074	1
0015078	2
0015087	1
0015093	1
0015095	2
0015103	1
0015136	1
0015159	2
0015221	2
0015288	7
0015293	2
0015297	2
0015385	1
0015450	2
0015506	1
0015562	7
0015628	1
0015663	1
0015693	2
0015739	1
0015858	1
0015890	1
0015914	2
0015920	2
0015934	8
0015935	6
0015936	1
0015937	3
0015938	1
0015940	2
0015941	1
0015949	2
0015970	1
0015976	1
0015977	1
0015986	7
0016020	107
0016051	1
0016114	1
0016149	3
0016153	1
0016208	1
0016209	2
0016226	5
0016301	3
0016310	1
0016311	2
0016410	3
0016430	1
0016433	1
0016434	1
0016462	1
0016491	36
0016597	1
0016616	2
0016620	4
0016624	3
0016627	2
0016639	1
0016646	2
0016651	5
0016684	1
0016740	13
0016746	18
0016747	5
0016757	25
0016758	2
0016763	1
0016765	3
0016773	1
0016776	1
0016779	2
0016780	1
0016782	2
0016783	1
0016787	25
0016788	3
0016790	3
0016799	1
0016810	2
0016812	3
0016818	2
0016832	1
0016835	1
0016836	3
0016853	2
0016857	1
0016866	2
0016868	1
0016872	1
0016874	7
0016879	1
0016887	32
0016891	1
0016987	14
0016989	1
0016992	1
0017004	2
0017013	1
0017113	1
0017148	1
0017150	1
0018339	1
0018364	1
0018478	1
0019104	2
0019180	1
0019203	1
0019205	1
0019213	2
0019239	1
0019241	1
0019264	1
0019277	1
0019287	1
0019305	4
0019346	1
0019427	1
0019430	1
0019441	1
0019464	3
0019556	1
0019619	1
0019673	1
0019843	3
0019867	2
0020037	5
0022625	5
0022627	2
0022857	34
0030091	4
0030145	1
0030170	10
0030245	1
0030246	6
0030261	2
0030272	1
0030416	1
0030420	1
0030429	1
0030435	1
0030488	1
0030541	2
0030552	7
0030612	1
0030655	1
0030955	1
0030976	2
0030983	2
0031167	1
0031240	45
0031419	3
0032259	7
0032508	1
0032784	2
0033014	3
0033194	1
0033201	1
0033743	3
0033744	1
0033745	1
0033818	1
0033819	1
0033856	1
0033862	1
0033922	1
0033958	1
0034220	2
0034707	1
0035539	1
0036211	4
0036374	1
0042026	2
0042132	1
0042158	1
0042173	1
0042254	3
0042274	1
0042286	1
0042372	1
0042398	1
0042578	2
0042586	1
0042597	5
0042625	1
0042626	22
0042732	1
0042773	3
0042780	1
0042802	6
0042803	3
0042834	3
0042910	2
0043022	5
0043093	1
0043169	1
0043170	1
0043190	2
0043295	1
0043565	9
0043683	1
0043687	1
0043952	2
0043953	1
0045027	1
0045148	1
0045182	1
0045226	1
0045239	1
0045252	1
0045254	2
0045261	4
0045262	4
0045263	3
0045264	1
0045892	4
0045900	1
0046081	1
0046118	1
0046348	1
0046417	1
0046428	1
0046537	1
0046654	2
0046685	1
0046835	1
0046872	49
0046912	1
0046933	5
0046983	2
0047294	1
0047429	1
0047480	1
0047617	2
0047952	1
0048038	1
0048040	1
0048501	1
0050136	1
0050380	1
0050415	2
0050480	1
0050511	1
0050570	1
0050660	11
0050661	6
0051082	2
0051083	1
0051087	1
0051205	1
0051235	2
0051287	9
0051290	2
0051301	5
0051536	6
0051539	14
0051540	1
0051920	2
0051983	2
0051989	1
0052381	1
0052624	1
0052693	1
0052717	1
0052873	1
0052906	1
0055052	6
0055085	40
0061077	2
0061542	4
0061710	2
0061712	1
0070005	1
0070006	2
0070007	1
0070063	1
0070064	1
0070204	1
0070403	8
0070475	2
0070905	1
0071555	2
0071586	1
0071793	3
0071805	1
0071949	3
0071951	2
0097266	1
0102208	4
0140078	2
0140359	22
0140658	1
0140662	1
1901137	1
1901893	1
1902600	4
1903424	1
1903425	1
1904047	21
1905887	2
