0000015	1
0000030	1
0000034	1
0000035	1
0000036	1
0000049	2
0000103	3
0000104	2
0000105	11
0000107	2
0000155	12
0000156	16
0000160	54
0000162	5
0000166	26
0000175	2
0000179	1
0000210	1
0000255	1
0000256	2
0000270	1
0000271	8
0000272	2
0000287	18
0000302	1
0000311	1
0000314	3
0000315	3
0000413	2
0000451	1
0000902	1
0000906	2
0000910	4
0000917	1
0000918	2
0001072	3
0001216	16
0001510	2
0001522	10
0001530	1
0001539	4
0001680	1
0001727	1
0002098	4
0002100	1
0002143	1
0002161	2
0002943	1
0002949	3
0003333	1
0003676	22
0003677	199
0003678	8
0003684	5
0003688	1
0003690	1
0003697	5
0003700	131
0003723	41
0003724	3
0003725	2
0003729	1
0003735	55
0003743	4
0003746	4
0003747	2
0003755	11
0003774	6
0003824	43
0003842	1
0003844	1
0003848	2
0003849	1
0003852	1
0003855	1
0003856	1
0003857	1
0003861	2
0003862	1
0003864	1
0003868	1
0003875	1
0003879	1
0003882	1
0003883	1
0003886	3
0003887	9
0003896	1
0003899	4
0003905	1
0003906	1
0003908	1
0003910	1
0003911	2
0003913	1
0003916	1
0003917	1
0003918	4
0003919	1
0003922	1
0003924	18
0003934	2
0003935	2
0003937	1
0003938	1
0003941	2
0003942	1
0003949	1
0003951	1
0003952	1
0003953	1
0003955	1
0003957	1
0003960	1
0003973	1
0003977	1
0003983	1
0003984	1
0003985	1
0003987	2
0003988	1
0003989	5
0003991	1
0003994	2
0003995	1
0003999	1
0004013	1
0004015	1
0004016	1
0004017	1
0004018	1
0004019	1
0004020	1
0004022	5
0004037	1
0004039	1
0004042	1
0004044	1
0004045	2
0004047	2
0004048	1
0004049	1
0004055	1
0004056	2
0004057	1
0004070	1
0004072	1
0004073	1
0004075	1
0004076	1
0004077	1
0004084	1
0004088	1
0004089	2
0004096	2
0004107	1
0004108	1
0004109	2
0004115	1
0004124	3
0004127	1
0004129	4
0004133	2
0004134	1
0004139	2
0004140	1
0004141	1
0004143	1
0004146	1
0004148	1
0004149	1
0004150	2
0004151	2
0004152	1
0004156	1
0004157	1
0004160	1
0004165	1
0004170	1
0004174	1
0004175	1
0004176	3
0004177	4
0004190	2
0004222	8
0004252	8
0004298	1
0004300	1
0004309	1
0004314	2
0004315	4
0004316	1
0004322	2
0004324	1
0004325	1
0004326	1
0004332	1
0004334	1
0004340	1
0004345	2
0004347	1
0004349	1
0004350	1
0004351	1
0004356	5
0004357	1
0004358	1
0004359	1
0004360	1
0004362	1
0004363	1
0004364	1
0004366	1
0004368	1
0004370	1
0004372	2
0004373	1
0004375	3
0004385	1
0004386	10
0004397	2
0004399	1
0004400	2
0004411	1
0004412	1
0004413	1
0004416	1
0004418	1
0004424	1
0004425	1
0004427	1
0004450	1
0004451	1
0004456	1
0004457	1
0004462	2
0004470	1
0004471	1
0004474	2
0004478	1
0004479	1
0004488	1
0004489	1
0004497	6
0004505	1
0004514	1
0004516	1
0004518	5
0004519	6
0004523	2
0004525	1
0004526	1
0004527	1
0004540	6
0004550	1
0004553	10
0004585	1
0004588	1
0004590	1
0004591	1
0004592	1
0004594	1
0004595	1
0004601	3
0004602	3
0004604	1
0004609	1
0004611	1
0004614	1
0004618	1
0004632	1
0004633	1
0004634	1
0004635	1
0004636	1
0004637	1
0004638	2
0004639	1
0004640	1
0004641	1
0004642	1
0004643	1
0004644	2
0004648	1
0004654	1
0004655	1
0004657	1
0004659	1
0004664	1
0004672	3
0004673	12
0004674	2
0004719	1
0004725	1
0004733	1
0004735	1
0004738	1
0004742	1
0004743	1
0004747	2
0004748	1
0004749	1
0004750	1
0004751	1
0004756	1
0004764	2
0004781	1
0004784	3
0004789	1
0004791	1
0004792	1
0004794	2
0004795	1
0004798	1
0004799	1
0004801	1
0004802	2
0004803	27
0004807	1
0004808	1
0004810	1
0004812	5
0004813	1
0004814	1
0004817	1
0004818	1
0004819	1
0004820	2
0004821	1
0004822	1
0004823	1
0004824	1
0004825	1
0004826	2
0004827	1
0004828	1
0004829	1
0004830	1
0004831	1
0004832	1
0004834	2
0004842	2
0004844	1
0004845	1
0004847	1
0004851	2
0004852	1
0004853	1
0004854	2
0004856	2
0004857	1
0004866	1
0005047	1
0005048	1
0005198	12
0005215	12
0005216	1
0005267	1
0005283	1
0005298	1
0005319	1
0005342	1
0005375	1
0005381	2
0005436	1
0005506	6
0005507	5
0005515	33
0005524	254
0005525	23
0005536	1
0005694	3
0005737	62
0005829	18
0005840	32
0005854	1
0005886	85
0005960	2
0005975	26
0005978	1
0005980	3
0005991	2
0005992	1
0005997	2
0006006	4
0006011	1
0006014	2
0006015	2
0006040	1
0006048	1
0006072	3
0006081	1
0006086	1
0006089	1
0006090	2
0006094	4
0006096	9
0006097	2
0006098	6
0006099	13
0006109	3
0006120	1
0006139	2
0006144	1
0006146	1
0006147	1
0006163	1
0006164	4
0006168	1
0006171	1
0006177	1
0006188	1
0006189	7
0006203	1
0006207	3
0006221	3
0006222	1
0006226	1
0006229	1
0006231	1
0006233	1
0006241	1
0006259	1
0006260	16
0006261	2
0006265	5
0006268	2
0006269	1
0006270	2
0006275	1
0006281	32
0006284	4
0006289	3
0006298	2
0006302	1
0006303	2
0006304	5
0006308	2
0006310	24
0006313	2
0006351	5
0006352	13
0006353	3
0006355	140
0006364	14
0006396	8
0006400	12
0006402	4
0006412	59
0006413	4
0006414	3
0006415	5
0006417	1
0006418	3
0006419	1
0006420	1
0006423	1
0006424	3
0006425	1
0006426	2
0006427	1
0006428	1
0006429	1
0006430	1
0006431	1
0006432	2
0006433	1
0006434	1
0006435	1
0006436	1
0006437	1
0006438	1
0006450	1
0006457	12
0006465	1
0006468	4
0006470	2
0006482	2
0006493	1
0006508	38
0006520	5
0006522	1
0006526	6
0006527	5
0006535	5
0006537	1
0006540	1
0006541	2
0006542	5
0006546	3
0006547	1
0006548	3
0006556	1
0006559	4
0006561	4
0006564	2
0006568	1
0006571	1
0006572	3
0006574	1
0006592	3
0006596	1
0006605	2
0006614	1
0006629	3
0006631	4
0006633	16
0006637	1
0006654	2
0006662	2
0006729	1
0006730	2
0006741	1
0006744	9
0006749	12
0006750	4
0006751	2
0006760	2
0006777	7
0006779	5
0006780	1
0006790	6
0006793	1
0006796	2
0006797	1
0006798	1
0006799	1
0006808	2
0006810	21
0006811	10
0006812	4
0006813	6
0006814	9
0006817	13
0006825	5
0006826	4
0006829	2
0006835	2
0006847	1
0006855	2
0006865	16
0006869	1
0006879	2
0006880	2
0006884	1
0006885	4
0006886	3
0006888	1
0006935	17
0006950	1
0006972	1
0006974	1
0006979	8
0007059	6
0007155	4
0007165	27
0008028	1
0008033	10
0008080	19
0008081	1
0008094	1
0008097	1
0008113	2
0008115	1
0008119	1
0008121	1
0008124	1
0008134	3
0008135	1
0008137	6
0008146	1
0008152	11
0008153	1
0008168	20
0008172	1
0008173	3
0008175	1
0008176	1
0008177	1
0008186	1
0008199	4
0008233	12
0008236	4
0008237	5
0008251	1
0008252	1
0008270	34
0008276	1
0008289	1
0008295	2
0008299	4
0008310	1
0008311	1
0008320	1
0008324	3
0008360	6
0008374	1
0008379	2
0008381	6
0008408	4
0008409	1
0008410	2
0008412	1
0008413	1
0008425	3
0008428	1
0008441	1
0008442	1
0008444	2
0008446	1
0008460	2
0008465	2
0008479	1
0008483	6
0008484	5
0008495	1
0008519	1
0008534	1
0008535	2
0008556	3
0008610	3
0008615	7
0008616	4
0008641	1
0008643	13
0008649	2
0008652	1
0008654	6
0008657	1
0008658	5
0008661	1
0008662	1
0008666	1
0008674	1
0008676	1
0008677	2
0008679	1
0008681	1
0008685	1
0008686	1
0008690	1
0008692	1
0008696	1
0008703	1
0008705	1
0008710	1
0008714	1
0008716	1
0008720	1
0008725	1
0008726	1
0008728	1
0008734	1
0008745	4
0008752	2
0008753	1
0008754	1
0008757	10
0008758	1
0008760	1
0008762	1
0008763	1
0008764	1
0008770	1
0008773	1
0008777	1
0008780	1
0008783	1
0008784	1
0008785	1
0008791	1
0008792	1
0008794	1
0008795	1
0008800	1
0008802	1
0008803	1
0008808	2
0008812	1
0008817	2
0008821	1
0008829	1
0008830	2
0008831	1
0008832	1
0008835	1
0008836	1
0008837	2
0008839	1
0008840	1
0008851	1
0008854	3
0008855	2
0008864	2
0008867	1
0008869	1
0008872	1
0008879	2
0008881	1
0008882	1
0008883	1
0008892	1
0008893	1
0008902	1
0008914	2
0008915	1
0008920	2
0008924	2
0008932	1
0008933	1
0008939	1
0008941	1
0008942	2
0008948	1
0008955	2
0008961	1
0008963	1
0008964	1
0008965	1
0008966	1
0008967	1
0008968	1
0008972	1
0008976	2
0008977	1
0008982	1
0008983	2
0008984	2
0008986	1
0008987	1
0008988	2
0008990	1
0008995	1
0008999	1
0009001	2
0009002	2
0009007	2
0009009	1
0009013	1
0009014	1
0009015	1
0009016	1
0009017	1
0009022	1
0009027	1
0009028	1
0009029	1
0009030	1
0009035	2
0009036	1
0009037	2
0009039	2
0009045	1
0009052	1
0009055	17
0009058	11
0009060	1
0009061	1
0009062	1
0009063	1
0009073	5
0009081	1
0009082	3
0009086	5
0009088	3
0009089	9
0009094	1
0009097	3
0009098	4
0009102	5
0009103	2
0009107	1
0009113	2
0009115	3
0009116	5
0009117	2
0009152	3
0009156	1
0009165	1
0009220	1
0009225	2
0009228	7
0009236	19
0009240	1
0009243	1
0009244	3
0009245	7
0009249	2
0009250	1
0009252	21
0009253	5
0009254	1
0009255	1
0009263	1
0009264	2
0009267	1
0009269	1
0009274	2
0009276	1
0009279	20
0009288	6
0009289	3
0009290	1
0009294	1
0009295	1
0009297	3
0009306	12
0009307	5
0009312	1
0009316	2
0009317	6
0009318	2
0009320	1
0009326	1
0009331	2
0009338	3
0009339	1
0009340	1
0009349	2
0009358	1
0009360	3
0009368	2
0009372	1
0009376	2
0009378	2
0009379	1
0009380	2
0009381	1
0009396	5
0009401	3
0009403	1
0009408	2
0009423	3
0009424	1
0009426	1
0009427	1
0009428	2
0009431	2
0009432	8
0009435	6
0009436	1
0009446	2
0009448	2
0009450	1
0009451	7
0009486	3
0009691	1
0009712	1
0009750	1
0009898	5
0009927	1
0009966	8
0009975	8
0009982	11
0010038	1
0010181	18
0010340	1
0010945	1
0010951	1
0015031	13
0015035	4
0015074	8
0015075	1
0015078	4
0015079	2
0015081	1
0015095	1
0015098	1
0015103	3
0015105	1
0015116	1
0015128	1
0015136	1
0015150	1
0015159	2
0015169	1
0015171	3
0015185	1
0015205	3
0015220	1
0015221	4
0015232	2
0015276	1
0015288	18
0015291	1
0015293	6
0015297	1
0015343	3
0015385	4
0015412	2
0015415	7
0015416	2
0015417	1
0015419	2
0015424	1
0015440	1
0015444	1
0015450	3
0015451	1
0015473	1
0015496	1
0015499	3
0015535	1
0015562	10
0015612	1
0015614	2
0015627	14
0015628	16
0015633	1
0015658	4
0015663	1
0015689	3
0015693	2
0015716	5
0015718	1
0015724	3
0015739	1
0015753	2
0015756	1
0015774	1
0015794	1
0015802	8
0015803	2
0015812	1
0015822	1
0015824	1
0015833	3
0015837	2
0015840	5
0015846	4
0015847	1
0015849	1
0015871	3
0015886	2
0015890	1
0015891	3
0015914	2
0015920	3
0015930	1
0015934	8
0015935	6
0015937	4
0015940	4
0015941	1
0015942	1
0015949	2
0015969	2
0015976	1
0015977	1
0015986	8
0015990	3
0016018	1
0016020	240
0016032	3
0016042	1
0016052	1
0016070	1
0016114	1
0016149	2
0016151	2
0016153	1
0016208	2
0016226	9
0016260	1
0016298	1
0016301	6
0016310	9
0016311	1
0016407	1
0016410	2
0016432	2
0016433	1
0016434	1
0016436	1
0016462	2
0016491	101
0016530	1
0016531	2
0016567	2
0016597	1
0016598	1
0016614	3
0016616	9
0016620	6
0016627	4
0016628	2
0016645	1
0016646	2
0016647	1
0016651	7
0016655	1
0016667	1
0016682	1
0016684	1
0016706	1
0016709	3
0016722	1
0016740	15
0016742	2
0016746	18
0016747	18
0016757	13
0016758	3
0016763	3
0016765	2
0016772	4
0016773	1
0016776	2
0016779	6
0016780	5
0016782	3
0016783	4
0016787	59
0016788	5
0016790	2
0016791	4
0016798	1
0016799	3
0016805	1
0016810	9
0016812	1
0016817	1
0016818	3
0016823	1
0016829	4
0016830	1
0016831	4
0016832	3
0016833	1
0016836	3
0016853	11
0016857	3
0016861	1
0016866	1
0016868	1
0016872	2
0016874	5
0016879	1
0016881	2
0016884	1
0016887	84
0016896	1
0016901	1
0016987	14
0016992	1
0016993	1
0016994	1
0017000	1
0017003	1
0017004	6
0017038	2
0017057	1
0017076	1
0017136	1
0017148	2
0017150	2
0017168	1
0018142	2
0018149	1
0018189	6
0018193	2
0018277	2
0018339	1
0018364	2
0018467	1
0018478	3
0018506	1
0018576	1
0018738	1
0018835	2
0019028	1
0019068	1
0019069	3
0019104	2
0019120	3
0019134	1
0019171	2
0019172	1
0019200	3
0019213	1
0019243	1
0019250	1
0019264	2
0019277	1
0019285	2
0019288	3
0019290	1
0019299	1
0019305	7
0019310	5
0019346	2
0019354	2
0019379	1
0019394	1
0019427	2
0019430	1
0019464	4
0019509	1
0019538	1
0019556	1
0019557	1
0019580	1
0019619	1
0019627	4
0019629	2
0019632	1
0019634	4
0019673	1
0019679	1
0019700	2
0019752	1
0019808	3
0019825	1
0019835	1
0019843	3
0019856	1
0019867	20
0019899	1
0020037	13
0022625	5
0022627	3
0022857	125
0022877	1
0022900	2
0022904	5
0030001	5
0030091	4
0030151	3
0030163	1
0030170	26
0030234	1
0030246	3
0030253	2
0030254	5
0030257	3
0030261	4
0030272	1
0030288	11
0030435	1
0030488	2
0030541	1
0030551	1
0030552	3
0030554	6
0030604	1
0030612	1
0030643	1
0030694	2
0030697	1
0030788	1
0030789	1
0030798	1
0030955	1
0030956	2
0030964	1
0030973	1
0030976	5
0030979	1
0030983	2
0031004	3
0031071	1
0031167	3
0031177	1
0031267	1
0031317	1
0031402	1
0031418	1
0031419	1
0031522	2
0031992	2
0032049	3
0032259	5
0032297	1
0032300	1
0032363	1
0032508	1
0032784	5
0032934	1
0032955	1
0032977	1
0033013	1
0033014	3
0033103	38
0033104	16
0033194	1
0033212	1
0033214	1
0033219	1
0033221	5
0033222	1
0033232	4
0033265	2
0033573	2
0033711	1
0033730	1
0033739	1
0033743	1
0033744	2
0033745	1
0033819	1
0033856	1
0033862	1
0033863	1
0033890	1
0033942	1
0033971	1
0034194	1
0034204	1
0034220	4
0034755	2
0035429	1
0035435	2
0035438	6
0035550	1
0035870	1
0036125	1
0036211	8
0036222	1
0036374	2
0036424	1
0042026	2
0042121	1
0042128	1
0042132	1
0042158	1
0042173	1
0042242	1
0042254	5
0042273	1
0042274	1
0042277	1
0042286	1
0042301	3
0042450	3
0042546	3
0042578	2
0042586	2
0042597	9
0042626	94
0042732	1
0042773	3
0042780	1
0042802	5
0042803	1
0042823	2
0042834	3
0042882	1
0042908	2
0042910	3
0042918	1
0042952	1
0042953	4
0043022	8
0043039	2
0043093	1
0043101	1
0043107	1
0043115	1
0043165	2
0043169	1
0043190	16
0043213	1
0043295	3
0043335	1
0043419	2
0043462	1
0043546	6
0043565	8
0043751	1
0043752	1
0043755	1
0043811	1
0043819	1
0043824	1
0043828	1
0043856	2
0043867	1
0043952	3
0044010	1
0044205	1
0044209	1
0044341	1
0044423	2
0044571	1
0044659	1
0044668	1
0044780	9
0044781	3
0045027	1
0045182	1
0045252	1
0045254	2
0045261	3
0045263	1
0045271	1
0045273	2
0045275	1
0045277	1
0045454	3
0045861	2
0045892	4
0045893	2
0045900	1
0045936	1
0046025	1
0046026	1
0046081	1
0046110	1
0046118	1
0046140	1
0046168	1
0046177	1
0046292	1
0046294	1
0046306	1
0046316	1
0046392	1
0046395	1
0046417	1
0046421	1
0046429	1
0046523	1
0046537	1
0046653	1
0046654	2
0046656	1
0046677	5
0046685	3
0046688	3
0046820	1
0046872	84
0046873	3
0046906	1
0046917	1
0046930	13
0046933	5
0046983	4
0047134	1
0047429	2
0047448	1
0047456	1
0047471	2
0047480	1
0047570	1
0047590	1
0047617	5
0047632	1
0047804	1
0047834	3
0047952	1
0048001	1
0048034	1
0048038	5
0048472	1
0048473	4
0048501	1
0050032	1
0050112	1
0050114	1
0050126	1
0050129	1
0050136	2
0050269	1
0050311	1
0050346	1
0050380	1
0050440	1
0050446	1
0050480	1
0050511	1
0050515	1
0050518	1
0050520	1
0050567	2
0050568	2
0050570	3
0050660	18
0050661	10
0050821	1
0050897	1
0050992	1
0051073	1
0051082	7
0051083	1
0051087	1
0051116	1
0051119	1
0051139	3
0051156	1
0051213	1
0051252	1
0051259	1
0051262	1
0051266	1
0051287	22
0051290	1
0051301	8
0051409	1
0051536	22
0051537	10
0051539	21
0051540	1
0051596	2
0051603	1
0051604	1
0051607	1
0051745	1
0051782	2
0051903	1
0051920	4
0051989	1
0052381	1
0052547	3
0052621	1
0052689	4
0052693	1
0052699	1
0052717	1
0052737	1
0052873	1
0052906	1
0052913	1
0055052	44
0055085	149
0060274	1
0060567	1
0061024	1
0061077	2
0061542	4
0061599	1
0061710	2
0061799	1
0062192	1
0065003	1
0070006	5
0070063	2
0070401	1
0070402	2
0070403	15
0070404	1
0070475	2
0070567	1
0070573	1
0070733	1
0070905	2
0070968	1
0071111	1
0071268	1
0071555	4
0071704	1
0071709	1
0071824	3
0071949	8
0071951	1
0071973	13
0072344	1
0072488	1
0075713	1
0097163	1
0097367	2
0098561	31
0098567	2
0098662	2
0098797	3
0098869	1
0101006	1
0102039	1
0102208	3
0103117	1
0106361	1
0110001	1
0140078	1
0140110	1
0140359	95
0140658	1
0140662	4
0140741	1
0141014	1
1900727	1
1901135	1
1901137	1
1901891	1
1901893	1
1902358	2
1902495	1
1902600	4
1904047	12
1904680	1
1905887	4
1990107	1
1990229	1
1990586	1
1990610	1
1990961	1
