0000015	1
0000028	1
0000036	1
0000049	4
0000105	8
0000107	2
0000155	6
0000156	11
0000160	10
0000162	8
0000166	27
0000179	1
0000270	1
0000271	4
0000272	8
0000286	1
0000287	13
0000311	1
0000314	3
0000315	3
0000451	1
0000774	1
0000902	2
0000910	1
0000917	1
0000918	1
0000976	1
0001510	2
0001522	6
0001558	1
0001727	1
0001968	1
0002098	2
0002189	1
0002949	3
0003676	10
0003677	78
0003678	6
0003684	2
0003688	1
0003697	5
0003700	39
0003723	28
0003725	1
0003729	2
0003735	51
0003743	3
0003746	6
0003747	1
0003755	2
0003824	37
0003848	1
0003849	1
0003852	1
0003855	1
0003856	1
0003861	4
0003862	1
0003866	1
0003879	1
0003883	1
0003887	6
0003899	5
0003908	1
0003910	1
0003916	2
0003917	1
0003918	2
0003919	1
0003922	1
0003924	9
0003933	1
0003937	1
0003938	1
0003942	1
0003952	1
0003978	1
0003983	1
0003984	1
0003989	3
0003991	1
0003998	2
0004013	1
0004014	2
0004018	1
0004019	1
0004035	1
0004044	1
0004045	2
0004047	1
0004048	1
0004049	2
0004055	1
0004056	1
0004070	1
0004072	1
0004073	1
0004075	1
0004077	1
0004084	1
0004088	1
0004107	1
0004112	1
0004124	1
0004126	1
0004139	1
0004140	1
0004143	1
0004148	1
0004151	1
0004152	1
0004156	1
0004160	1
0004170	1
0004176	1
0004177	2
0004190	2
0004222	5
0004252	8
0004314	1
0004315	2
0004316	1
0004318	1
0004322	1
0004326	1
0004329	1
0004332	1
0004335	1
0004345	1
0004349	1
0004350	1
0004355	1
0004356	1
0004358	1
0004359	1
0004360	1
0004370	2
0004372	1
0004375	2
0004385	1
0004399	1
0004400	1
0004410	1
0004412	1
0004413	1
0004424	1
0004425	1
0004450	1
0004459	1
0004471	1
0004473	1
0004479	1
0004488	1
0004489	1
0004497	1
0004514	1
0004518	2
0004519	4
0004520	1
0004521	4
0004523	1
0004525	1
0004526	1
0004534	1
0004536	1
0004540	3
0004553	25
0004557	1
0004558	1
0004560	1
0004565	1
0004567	1
0004568	1
0004585	1
0004588	1
0004590	1
0004595	1
0004601	2
0004605	1
0004616	1
0004617	1
0004618	1
0004634	1
0004635	1
0004636	1
0004637	1
0004638	1
0004639	1
0004640	1
0004641	1
0004642	2
0004643	1
0004644	1
0004645	1
0004654	1
0004659	1
0004664	1
0004673	6
0004719	1
0004725	1
0004735	1
0004743	1
0004749	1
0004750	1
0004751	1
0004764	1
0004765	1
0004788	1
0004789	1
0004791	1
0004794	1
0004795	2
0004797	1
0004798	1
0004807	1
0004812	2
0004813	2
0004814	1
0004816	1
0004817	1
0004818	1
0004820	2
0004821	1
0004822	1
0004823	1
0004824	1
0004825	1
0004826	2
0004827	1
0004828	1
0004829	1
0004830	1
0004831	1
0004832	1
0004834	3
0004844	1
0004845	1
0004853	2
0004856	1
0005047	1
0005048	1
0005215	2
0005388	1
0005436	1
0005506	5
0005509	1
0005515	15
0005524	156
0005525	22
0005537	1
0005618	1
0005694	1
0005737	40
0005829	2
0005840	30
0005854	1
0005882	1
0005886	41
0005960	1
0005975	40
0005996	1
0005997	1
0006002	1
0006006	2
0006011	1
0006012	4
0006015	1
0006044	1
0006071	1
0006072	2
0006082	1
0006090	1
0006096	7
0006098	3
0006102	1
0006139	1
0006144	1
0006163	1
0006164	5
0006166	1
0006168	1
0006177	1
0006189	6
0006207	3
0006213	1
0006221	4
0006226	1
0006229	1
0006231	1
0006233	1
0006241	1
0006259	2
0006260	13
0006261	1
0006265	4
0006269	1
0006270	1
0006275	1
0006281	20
0006289	3
0006298	2
0006302	1
0006306	1
0006310	12
0006313	1
0006351	4
0006352	6
0006353	3
0006355	37
0006364	8
0006388	1
0006396	6
0006397	2
0006400	8
0006402	2
0006412	55
0006413	3
0006414	6
0006415	3
0006418	1
0006419	2
0006420	1
0006421	1
0006423	1
0006424	3
0006426	2
0006427	1
0006428	1
0006429	1
0006430	1
0006431	1
0006432	2
0006433	1
0006434	1
0006435	1
0006436	1
0006437	1
0006438	1
0006450	1
0006457	6
0006465	1
0006486	14
0006508	28
0006520	4
0006522	1
0006525	1
0006526	4
0006535	2
0006537	3
0006541	2
0006542	1
0006546	2
0006555	1
0006561	3
0006564	1
0006567	1
0006568	1
0006592	2
0006605	1
0006614	1
0006629	2
0006633	8
0006654	4
0006730	3
0006741	1
0006772	1
0006779	3
0006808	1
0006810	3
0006812	1
0006816	1
0006817	6
0006824	1
0006826	5
0006855	1
0006865	2
0006873	1
0006874	1
0006886	3
0006979	2
0007059	2
0007165	12
0008033	10
0008047	1
0008061	1
0008080	3
0008081	1
0008094	1
0008108	1
0008135	1
0008137	2
0008152	7
0008168	10
0008170	1
0008172	1
0008173	3
0008176	1
0008186	1
0008194	1
0008199	1
0008233	9
0008234	1
0008235	1
0008236	2
0008237	12
0008252	1
0008253	1
0008270	29
0008273	1
0008289	2
0008295	3
0008299	3
0008324	3
0008360	8
0008374	1
0008379	1
0008381	1
0008408	3
0008409	1
0008422	1
0008443	1
0008444	1
0008448	1
0008452	1
0008479	1
0008483	3
0008610	3
0008615	1
0008616	2
0008643	29
0008649	2
0008652	2
0008653	1
0008654	10
0008655	1
0008658	2
0008661	1
0008664	1
0008685	1
0008706	1
0008716	1
0008728	1
0008734	1
0008736	1
0008740	1
0008741	1
0008745	1
0008754	2
0008755	2
0008757	7
0008760	1
0008761	2
0008762	1
0008763	1
0008764	1
0008780	1
0008783	1
0008784	1
0008810	1
0008817	1
0008821	1
0008829	1
0008831	1
0008836	1
0008837	1
0008839	1
0008840	1
0008841	1
0008881	1
0008893	1
0008897	1
0008902	1
0008907	1
0008915	1
0008929	1
0008932	1
0008955	3
0008961	1
0008962	1
0008963	1
0008966	1
0008968	1
0008972	1
0008973	1
0008987	1
0008993	1
0008998	1
0008999	1
0009001	1
0009002	1
0009009	2
0009022	1
0009037	1
0009052	1
0009055	8
0009058	5
0009073	4
0009081	1
0009082	3
0009086	1
0009088	3
0009089	6
0009094	1
0009097	1
0009098	6
0009103	2
0009113	2
0009116	3
0009117	2
0009132	1
0009146	1
0009152	2
0009156	1
0009165	1
0009166	1
0009228	6
0009236	1
0009240	1
0009243	1
0009245	3
0009249	2
0009252	17
0009253	1
0009254	1
0009264	1
0009265	1
0009294	1
0009306	7
0009307	1
0009316	2
0009317	4
0009320	1
0009331	1
0009341	1
0009360	3
0009368	1
0009378	2
0009379	1
0009380	2
0009381	1
0009396	2
0009408	3
0009423	3
0009432	4
0009435	5
0009451	4
0009523	1
0009654	1
0009898	3
0009966	5
0009972	1
0009975	6
0009982	6
0010038	1
0010045	1
0010181	7
0010285	1
0015031	2
0015078	1
0015079	1
0015093	3
0015109	2
0015136	1
0015144	1
0015153	1
0015205	1
0015221	2
0015234	1
0015293	2
0015415	4
0015424	1
0015450	4
0015562	2
0015627	7
0015628	9
0015648	1
0015703	2
0015739	1
0015740	1
0015762	1
0015803	2
0015851	1
0015888	1
0015920	2
0015926	1
0015930	2
0015934	7
0015935	6
0015937	2
0015949	1
0015970	1
0015979	1
0015986	6
0015995	1
0016020	85
0016024	1
0016052	3
0016114	1
0016149	2
0016151	1
0016154	1
0016209	2
0016226	4
0016301	3
0016310	7
0016407	1
0016410	2
0016433	1
0016434	1
0016462	1
0016491	24
0016530	1
0016597	1
0016614	1
0016616	3
0016620	3
0016628	1
0016638	2
0016695	1
0016703	1
0016740	8
0016743	1
0016746	5
0016747	2
0016757	22
0016758	1
0016765	1
0016773	3
0016774	1
0016776	1
0016779	12
0016780	4
0016782	3
0016783	2
0016787	35
0016788	1
0016791	2
0016793	1
0016798	4
0016799	1
0016810	3
0016812	1
0016817	1
0016829	4
0016832	1
0016836	3
0016837	2
0016849	1
0016853	8
0016861	1
0016874	3
0016879	1
0016884	2
0016887	67
0016903	1
0016987	6
0016998	1
0017013	1
0017038	1
0017061	1
0017101	1
0017148	2
0018339	1
0018364	1
0019200	3
0019205	1
0019213	1
0019239	1
0019242	1
0019264	1
0019277	1
0019288	4
0019299	1
0019301	1
0019305	1
0019310	1
0019317	1
0019430	1
0019464	2
0019509	2
0019569	1
0019632	1
0019670	2
0019674	1
0019752	2
0019843	3
0019856	1
0019867	3
0019898	1
0020037	1
0022625	5
0022627	3
0022857	27
0022900	2
0030001	4
0030145	1
0030170	10
0030234	1
0030245	1
0030246	4
0030259	1
0030261	1
0030272	1
0030288	1
0030388	1
0030420	2
0030488	1
0030494	1
0030497	1
0030552	1
0030554	3
0030599	1
0030604	1
0030612	1
0030643	2
0030955	1
0030956	2
0030976	2
0030983	3
0031071	1
0031167	2
0031176	1
0031222	1
0031317	2
0031419	1
0031522	2
0032259	5
0032549	1
0032778	1
0032784	1
0032955	1
0033296	1
0033818	1
0033819	1
0033862	1
0034200	1
0034204	1
0034220	1
0035435	1
0035870	1
0036211	7
0036222	1
0042026	1
0042158	1
0042254	3
0042274	1
0042301	1
0042450	2
0042545	2
0042578	9
0042586	1
0042597	2
0042626	108
0042802	4
0042803	1
0042823	2
0042853	1
0042910	1
0043022	3
0043093	1
0043094	1
0043107	3
0043190	13
0043565	1
0043571	14
0043683	2
0043714	1
0043743	1
0043772	3
0043811	1
0043952	4
0044183	1
0044205	1
0044341	1
0045127	2
0045182	1
0045227	1
0045240	2
0045259	7
0045493	3
0045550	1
0045861	1
0045892	1
0045910	1
0045936	2
0046081	1
0046118	1
0046167	1
0046177	1
0046316	1
0046373	1
0046429	1
0046500	1
0046523	1
0046556	2
0046559	1
0046685	1
0046835	1
0046872	87
0046873	1
0046912	1
0046914	2
0046919	1
0046933	5
0046961	1
0046983	2
0047429	1
0047480	1
0047952	1
0048501	1
0050043	1
0050096	1
0050097	2
0050242	1
0050380	1
0050511	1
0050515	1
0050518	1
0050567	2
0050660	5
0050661	4
0050797	1
0050992	1
0051082	6
0051083	1
0051087	1
0051287	14
0051301	10
0051302	1
0051353	1
0051536	7
0051537	1
0051539	28
0051745	1
0051920	1
0051989	1
0051991	1
0052381	1
0052547	1
0052621	5
0052689	1
0052693	1
0052906	1
0052913	1
0052929	1
0055052	31
0055085	77
0061077	1
0061710	1
0061712	1
0070006	3
0070038	1
0070401	1
0070403	4
0070475	1
0070726	1
0070905	1
0071111	1
0071555	8
0071704	4
0071897	1
0071949	2
0071951	1
0072344	1
0072570	1
0072592	1
0072669	1
0097163	2
0097351	1
0097367	5
0098797	1
0098869	1
0103031	1
0103117	1
0106130	1
0106219	1
0110001	4
0120225	1
0140078	1
0140098	2
0140110	1
0140359	112
0140662	2
0140663	1
0141098	1
1901135	2
1901137	1
1901891	1
1902600	2
1904047	18
1990107	1
1990112	1
1990610	1
