0000015	1
0000030	1
0000034	1
0000035	2
0000036	2
0000049	5
0000098	1
0000105	11
0000107	3
0000155	28
0000156	35
0000160	65
0000162	7
0000166	53
0000179	1
0000271	11
0000272	2
0000286	1
0000287	13
0000311	1
0000314	2
0000315	3
0000413	3
0000451	1
0000701	1
0000774	1
0000902	1
0000906	1
0000910	1
0000976	1
0001510	2
0001522	9
0001530	1
0001727	2
0002098	1
0002161	1
0002189	1
0002949	2
0003676	21
0003677	157
0003678	8
0003682	1
0003684	5
0003688	1
0003690	1
0003697	4
0003700	62
0003714	1
0003723	40
0003725	1
0003729	5
0003735	53
0003743	3
0003746	4
0003747	1
0003755	10
0003824	69
0003844	1
0003848	1
0003852	1
0003855	1
0003856	1
0003858	1
0003861	2
0003862	1
0003864	1
0003866	1
0003868	1
0003872	1
0003879	1
0003882	1
0003883	1
0003886	1
0003887	7
0003899	4
0003905	1
0003906	1
0003908	2
0003910	2
0003911	2
0003913	1
0003916	2
0003917	1
0003918	4
0003919	1
0003922	1
0003924	14
0003933	1
0003937	1
0003938	1
0003941	1
0003942	1
0003949	1
0003952	1
0003954	1
0003960	1
0003978	1
0003984	1
0003987	1
0003989	4
0003991	1
0003994	1
0003995	3
0003998	1
0004013	1
0004018	1
0004019	1
0004042	1
0004045	2
0004047	1
0004048	1
0004049	2
0004055	1
0004056	1
0004065	2
0004066	1
0004067	1
0004070	1
0004072	1
0004073	1
0004075	1
0004077	1
0004084	1
0004088	1
0004089	1
0004096	1
0004107	1
0004108	1
0004109	2
0004124	2
0004126	1
0004127	1
0004129	10
0004130	1
0004132	1
0004134	1
0004139	1
0004140	1
0004146	2
0004148	2
0004149	1
0004150	1
0004151	1
0004152	1
0004156	1
0004157	1
0004160	1
0004176	2
0004177	1
0004180	1
0004181	4
0004190	2
0004222	11
0004252	9
0004308	4
0004314	1
0004315	7
0004316	1
0004318	2
0004322	1
0004325	1
0004326	1
0004332	2
0004333	2
0004335	1
0004340	1
0004342	2
0004345	2
0004349	1
0004350	1
0004356	1
0004358	1
0004360	1
0004370	2
0004372	1
0004373	1
0004375	1
0004385	1
0004386	11
0004399	1
0004400	2
0004401	1
0004412	1
0004413	1
0004418	1
0004424	1
0004425	1
0004450	1
0004475	1
0004476	2
0004478	1
0004479	1
0004488	1
0004497	1
0004514	1
0004518	1
0004519	8
0004520	1
0004521	2
0004523	2
0004525	1
0004526	1
0004527	1
0004536	2
0004540	3
0004550	1
0004553	18
0004555	1
0004557	1
0004559	1
0004560	3
0004563	1
0004565	2
0004567	1
0004585	1
0004588	1
0004590	1
0004591	1
0004592	2
0004595	1
0004601	4
0004605	1
0004609	1
0004611	1
0004614	1
0004616	1
0004617	1
0004618	1
0004619	1
0004620	1
0004632	1
0004633	1
0004634	1
0004635	1
0004637	1
0004638	2
0004639	1
0004640	1
0004642	1
0004643	1
0004644	1
0004650	1
0004654	1
0004655	1
0004659	2
0004664	1
0004668	1
0004672	2
0004673	23
0004674	2
0004722	3
0004729	1
0004731	1
0004733	1
0004735	1
0004736	1
0004739	1
0004742	1
0004743	1
0004747	1
0004748	1
0004749	1
0004750	1
0004751	1
0004765	1
0004781	2
0004783	1
0004784	2
0004791	1
0004793	1
0004794	2
0004795	1
0004797	1
0004798	2
0004801	1
0004802	1
0004803	13
0004807	1
0004812	4
0004813	1
0004814	1
0004816	1
0004817	1
0004818	1
0004819	1
0004820	1
0004821	1
0004822	1
0004823	1
0004824	1
0004825	1
0004826	2
0004827	1
0004828	1
0004829	1
0004830	1
0004831	1
0004832	1
0004834	2
0004844	1
0004845	1
0004851	1
0004852	1
0004853	1
0004856	1
0005047	1
0005048	1
0005198	2
0005215	5
0005216	1
0005247	3
0005267	2
0005315	1
0005337	1
0005344	1
0005436	1
0005488	2
0005506	5
0005507	4
0005515	36
0005524	214
0005525	19
0005537	1
0005576	1
0005618	1
0005694	1
0005737	47
0005739	1
0005743	2
0005829	4
0005840	32
0005854	1
0005886	63
0005960	1
0005975	43
0005978	2
0005980	2
0005991	1
0005992	2
0005996	1
0005997	1
0006002	1
0006006	3
0006012	2
0006013	1
0006014	1
0006015	1
0006044	2
0006064	2
0006071	1
0006072	2
0006086	1
0006090	3
0006094	2
0006096	7
0006098	6
0006099	7
0006106	1
0006108	1
0006109	1
0006116	1
0006146	1
0006163	1
0006164	3
0006166	1
0006168	1
0006177	2
0006189	5
0006206	2
0006207	3
0006210	1
0006212	1
0006220	1
0006221	3
0006222	1
0006231	1
0006233	2
0006241	1
0006259	2
0006260	15
0006261	2
0006265	6
0006269	1
0006270	1
0006275	1
0006281	23
0006284	5
0006289	5
0006298	3
0006303	1
0006304	4
0006306	1
0006308	2
0006310	23
0006313	4
0006351	4
0006352	24
0006353	5
0006354	2
0006355	81
0006364	8
0006396	5
0006397	3
0006400	5
0006401	1
0006402	2
0006412	58
0006413	3
0006414	4
0006415	4
0006417	1
0006418	3
0006419	1
0006420	1
0006421	1
0006423	1
0006424	3
0006425	1
0006426	1
0006427	1
0006428	1
0006429	1
0006430	1
0006431	1
0006432	2
0006433	1
0006434	1
0006435	1
0006436	1
0006437	1
0006438	1
0006450	1
0006457	8
0006465	2
0006468	2
0006470	3
0006482	1
0006486	24
0006493	1
0006508	30
0006520	4
0006522	1
0006526	4
0006527	1
0006528	1
0006529	1
0006534	2
0006535	3
0006537	1
0006541	1
0006542	1
0006556	1
0006559	1
0006561	3
0006564	1
0006567	4
0006572	1
0006592	2
0006605	1
0006614	1
0006629	7
0006631	3
0006633	20
0006636	1
0006637	1
0006644	1
0006654	1
0006729	1
0006730	2
0006741	1
0006747	1
0006750	1
0006751	1
0006760	1
0006777	6
0006779	6
0006780	1
0006782	1
0006783	2
0006790	1
0006797	1
0006799	1
0006801	2
0006808	1
0006810	14
0006811	1
0006812	6
0006814	2
0006816	1
0006817	6
0006821	3
0006824	1
0006826	4
0006855	4
0006857	1
0006865	2
0006886	1
0006935	7
0006950	1
0006972	1
0006979	6
0007049	2
0007059	4
0007154	1
0007165	31
0008033	10
0008047	2
0008080	6
0008081	3
0008094	1
0008097	1
0008113	1
0008124	1
0008134	1
0008135	1
0008137	5
0008152	11
0008168	33
0008170	2
0008171	1
0008172	1
0008173	4
0008176	1
0008186	2
0008199	1
0008218	1
0008233	8
0008234	1
0008236	5
0008237	10
0008253	2
0008254	1
0008270	33
0008276	1
0008289	3
0008299	4
0008320	1
0008324	4
0008360	11
0008374	1
0008379	1
0008381	4
0008408	3
0008409	2
0008410	2
0008422	1
0008444	1
0008446	2
0008448	1
0008460	1
0008479	1
0008483	16
0008484	8
0008495	1
0008519	2
0008534	2
0008610	5
0008612	1
0008615	4
0008616	3
0008641	3
0008643	11
0008645	1
0008649	1
0008652	3
0008654	7
0008658	2
0008661	1
0008675	1
0008676	1
0008677	1
0008685	1
0008686	1
0008690	1
0008697	1
0008700	1
0008703	1
0008705	1
0008712	1
0008714	1
0008716	1
0008725	1
0008733	1
0008734	1
0008741	1
0008743	1
0008745	3
0008750	1
0008752	1
0008753	1
0008754	4
0008755	4
0008757	14
0008760	1
0008762	1
0008763	1
0008764	1
0008773	1
0008780	2
0008784	1
0008792	1
0008808	1
0008817	1
0008821	1
0008832	1
0008835	1
0008836	1
0008837	1
0008839	1
0008840	1
0008841	1
0008855	2
0008864	1
0008869	1
0008878	1
0008879	1
0008880	1
0008883	1
0008887	1
0008890	1
0008897	1
0008909	1
0008915	1
0008927	1
0008935	1
0008955	4
0008961	1
0008963	1
0008964	1
0008965	1
0008966	1
0008968	1
0008976	2
0008982	1
0008984	2
0008987	1
0008988	2
0008993	1
0009001	1
0009002	2
0009007	2
0009009	8
0009022	1
0009029	1
0009030	1
0009035	1
0009036	1
0009045	1
0009052	1
0009055	16
0009058	9
0009060	4
0009063	1
0009073	6
0009081	1
0009082	3
0009085	1
0009086	2
0009088	2
0009089	6
0009094	1
0009097	1
0009098	4
0009103	4
0009107	1
0009113	1
0009116	5
0009117	1
0009132	3
0009143	1
0009146	1
0009152	2
0009156	1
0009165	1
0009166	1
0009225	1
0009228	2
0009234	3
0009236	1
0009240	1
0009244	2
0009245	6
0009246	1
0009249	2
0009252	18
0009253	1
0009263	1
0009264	1
0009267	1
0009279	19
0009294	1
0009298	2
0009306	11
0009307	5
0009316	2
0009317	5
0009318	2
0009320	1
0009331	1
0009336	1
0009341	1
0009349	1
0009358	1
0009360	2
0009374	1
0009378	2
0009379	1
0009380	4
0009381	2
0009396	2
0009398	1
0009399	1
0009401	2
0009408	5
0009423	2
0009432	4
0009435	5
0009446	1
0009451	5
0009691	1
0009898	2
0009927	1
0009972	2
0009982	9
0010038	1
0010181	8
0015031	10
0015035	6
0015036	3
0015074	9
0015078	4
0015079	2
0015087	1
0015093	2
0015095	2
0015103	1
0015109	1
0015136	1
0015153	1
0015159	3
0015171	1
0015221	1
0015252	5
0015267	12
0015288	2
0015291	5
0015293	5
0015297	4
0015343	2
0015369	1
0015412	2
0015415	4
0015450	4
0015562	18
0015616	1
0015627	7
0015628	11
0015648	1
0015662	1
0015663	1
0015666	1
0015689	2
0015693	2
0015703	1
0015739	1
0015774	3
0015890	1
0015891	14
0015914	1
0015920	3
0015930	1
0015934	8
0015935	6
0015937	3
0015940	4
0015941	1
0015949	3
0015976	2
0015977	1
0015986	8
0015990	4
0016020	225
0016024	1
0016052	1
0016114	1
0016116	2
0016117	2
0016149	3
0016208	1
0016209	2
0016226	10
0016301	8
0016310	12
0016410	2
0016432	1
0016433	2
0016434	1
0016462	1
0016491	79
0016597	2
0016614	2
0016615	1
0016616	7
0016620	3
0016624	1
0016639	2
0016646	1
0016651	3
0016652	1
0016655	4
0016661	1
0016667	1
0016670	1
0016705	1
0016706	1
0016717	1
0016740	11
0016742	1
0016743	1
0016746	12
0016747	6
0016757	52
0016758	1
0016765	2
0016772	1
0016773	3
0016779	6
0016780	3
0016782	1
0016783	3
0016787	71
0016788	8
0016790	4
0016791	2
0016798	4
0016799	1
0016810	2
0016811	1
0016812	1
0016817	3
0016818	1
0016829	13
0016830	1
0016831	1
0016832	2
0016836	4
0016837	1
0016840	1
0016846	4
0016853	15
0016861	1
0016866	1
0016868	1
0016874	5
0016879	1
0016884	1
0016887	66
0016920	1
0016987	25
0016989	1
0016992	1
0017004	1
0017076	1
0017113	1
0017148	2
0017150	2
0017168	2
0018177	1
0018277	1
0018339	1
0018364	2
0019104	2
0019180	1
0019200	2
0019213	2
0019239	2
0019264	1
0019277	1
0019288	5
0019301	1
0019305	2
0019333	1
0019346	6
0019354	1
0019427	1
0019430	1
0019464	3
0019556	1
0019569	1
0019629	1
0019646	1
0019673	2
0019674	1
0019679	2
0019752	1
0019825	1
0019829	1
0019835	2
0019843	3
0019856	1
0019867	2
0019899	2
0020037	15
0022625	5
0022627	2
0022841	1
0022857	70
0022900	1
0030001	2
0030091	3
0030145	1
0030151	3
0030170	25
0030234	3
0030245	1
0030246	2
0030259	1
0030261	3
0030288	4
0030366	1
0030388	1
0030420	1
0030488	2
0030497	1
0030552	1
0030554	3
0030570	1
0030599	2
0030604	1
0030639	1
0030643	1
0030955	1
0030956	2
0030973	1
0030976	4
0030983	2
0031071	2
0031167	1
0031176	1
0031222	2
0031240	5
0031418	1
0031419	1
0031469	5
0031522	1
0031564	1
0031956	1
0031992	4
0032049	1
0032259	21
0032775	1
0032784	6
0033014	3
0033194	1
0033281	1
0033739	1
0033743	1
0033744	1
0033818	1
0033819	1
0033856	1
0033862	1
0033890	1
0033942	1
0034204	1
0034220	2
0035435	2
0035596	1
0035632	2
0035673	1
0035870	1
0036211	3
0036222	1
0036297	1
0036374	1
0038023	1
0042026	2
0042158	1
0042254	3
0042262	1
0042273	1
0042286	1
0042301	1
0042351	1
0042372	1
0042450	2
0042545	2
0042546	1
0042578	6
0042586	1
0042597	1
0042626	74
0042732	2
0042773	2
0042780	1
0042802	17
0042803	2
0042834	1
0042853	1
0042908	4
0042910	1
0042953	1
0043022	5
0043024	1
0043093	2
0043107	4
0043139	1
0043165	1
0043169	1
0043190	18
0043424	1
0043546	2
0043565	23
0043571	5
0043683	1
0043714	1
0043811	1
0043856	1
0043952	4
0043953	2
0044183	1
0044205	1
0044209	1
0044341	1
0044874	1
0045027	1
0045127	1
0045182	2
0045239	1
0045252	1
0045254	2
0045259	7
0045271	1
0045490	4
0045493	2
0045892	1
0045900	2
0045936	1
0046167	1
0046314	1
0046349	1
0046421	1
0046428	1
0046429	1
0046556	2
0046654	2
0046656	1
0046677	3
0046835	1
0046857	1
0046872	158
0046912	2
0046914	3
0046930	1
0046933	6
0046983	2
0047330	1
0047355	1
0047429	2
0047470	1
0047480	1
0047487	2
0047547	1
0047617	1
0047804	1
0047834	1
0047850	1
0047952	1
0048038	5
0048039	1
0048040	1
0048476	1
0048501	1
0050136	3
0050242	1
0050304	1
0050380	1
0050421	1
0050440	1
0050480	1
0050500	1
0050511	1
0050515	1
0050518	1
0050567	2
0050568	1
0050570	1
0050660	12
0050661	10
0050797	1
0050992	1
0051082	6
0051083	1
0051087	1
0051117	1
0051139	1
0051205	1
0051213	29
0051287	13
0051301	13
0051536	10
0051537	4
0051539	15
0051540	1
0051604	2
0051745	1
0051920	5
0051989	1
0051991	1
0052381	1
0052621	1
0052624	1
0052689	2
0052693	1
0052851	1
0052873	1
0052906	1
0052929	1
0055052	20
0055085	126
0061077	1
0061503	1
0061599	1
0061603	1
0061710	1
0061799	1
0061929	1
0065003	1
0070006	3
0070007	3
0070063	2
0070204	1
0070401	4
0070402	1
0070403	18
0070475	3
0070567	1
0070569	1
0070573	1
0070733	1
0070814	1
0070905	1
0070967	1
0071555	11
0071586	3
0071704	3
0071709	2
0071805	3
0071897	1
0071949	8
0071951	1
0072488	2
0072570	1
0090729	1
0097367	4
0103117	1
0110001	9
0120225	3
0120549	1
0140078	2
0140098	2
0140110	2
0140297	1
0140327	1
0140359	79
0140658	1
0140662	2
0141098	1
1901135	2
1901137	2
1901642	1
1902495	1
1902600	5
1904047	34
1905887	3
1990610	1
