0000015	1
0000035	1
0000036	1
0000049	4
0000103	2
0000104	1
0000105	9
0000107	2
0000118	1
0000150	12
0000154	2
0000155	12
0000156	9
0000160	22
0000162	6
0000166	31
0000179	1
0000210	1
0000270	3
0000271	6
0000272	1
0000286	1
0000287	23
0000311	1
0000314	3
0000400	2
0000413	1
0000451	1
0000724	2
0000902	3
0000906	1
0000910	5
0000917	1
0000921	1
0000976	1
0000987	2
0001216	4
0001510	3
0001522	4
0001530	1
0001539	5
0001727	1
0001932	1
0002098	1
0002949	3
0003676	26
0003677	235
0003678	5
0003684	3
0003688	1
0003697	23
0003700	89
0003723	24
0003725	1
0003735	46
0003743	4
0003746	4
0003755	3
0003774	4
0003824	59
0003825	1
0003848	1
0003849	1
0003852	1
0003855	1
0003856	1
0003858	1
0003861	4
0003862	1
0003864	1
0003866	1
0003870	1
0003871	1
0003872	1
0003879	1
0003883	1
0003886	3
0003887	11
0003899	10
0003906	1
0003908	1
0003910	1
0003913	1
0003916	2
0003917	1
0003918	4
0003919	1
0003922	1
0003924	11
0003935	1
0003937	1
0003938	1
0003942	1
0003949	1
0003955	1
0003960	1
0003977	1
0003983	1
0003984	1
0003985	5
0003987	1
0003989	3
0003991	1
0003995	8
0003999	1
0004013	1
0004015	1
0004018	1
0004019	1
0004022	1
0004030	1
0004045	1
0004047	1
0004048	1
0004049	2
0004055	1
0004056	1
0004057	1
0004065	1
0004066	1
0004070	1
0004073	1
0004075	2
0004076	1
0004077	1
0004088	1
0004089	2
0004096	1
0004107	1
0004109	1
0004124	1
0004129	11
0004140	1
0004141	1
0004146	1
0004148	1
0004150	2
0004151	2
0004152	1
0004156	1
0004160	2
0004170	1
0004174	1
0004176	1
0004177	1
0004180	2
0004181	1
0004190	4
0004222	1
0004252	5
0004298	1
0004314	1
0004315	2
0004316	1
0004318	1
0004322	1
0004325	1
0004326	2
0004332	1
0004333	2
0004334	2
0004340	1
0004352	1
0004356	1
0004357	1
0004358	1
0004360	1
0004362	1
0004363	1
0004368	1
0004370	1
0004372	1
0004375	1
0004385	1
0004386	3
0004399	2
0004400	1
0004407	1
0004412	1
0004413	1
0004416	2
0004418	1
0004424	1
0004425	1
0004427	2
0004450	1
0004451	1
0004462	1
0004470	1
0004471	1
0004474	1
0004476	1
0004478	1
0004479	1
0004488	1
0004497	24
0004514	1
0004518	5
0004519	12
0004521	2
0004523	2
0004527	1
0004534	1
0004536	1
0004540	2
0004550	1
0004553	5
0004585	1
0004590	1
0004594	1
0004602	2
0004604	1
0004605	1
0004609	1
0004617	1
0004618	1
0004619	1
0004620	1
0004632	1
0004633	1
0004634	1
0004636	1
0004637	1
0004638	1
0004639	1
0004640	1
0004641	1
0004642	2
0004643	1
0004644	1
0004648	1
0004654	1
0004655	1
0004659	1
0004664	1
0004672	1
0004673	9
0004674	3
0004719	1
0004721	2
0004722	1
0004725	4
0004733	1
0004735	1
0004739	2
0004742	1
0004743	1
0004748	1
0004749	1
0004750	1
0004751	1
0004766	1
0004781	2
0004783	2
0004784	3
0004789	2
0004795	1
0004798	1
0004799	1
0004802	1
0004803	113
0004805	1
0004807	1
0004812	3
0004813	1
0004814	1
0004817	1
0004818	1
0004820	2
0004821	1
0004822	1
0004823	1
0004824	1
0004825	1
0004827	1
0004828	1
0004829	1
0004831	1
0004832	1
0004834	2
0004851	2
0004852	2
0004853	1
0005047	1
0005048	1
0005198	11
0005215	5
0005216	1
0005247	3
0005344	2
0005375	3
0005381	1
0005506	26
0005507	9
0005509	3
0005515	29
0005524	160
0005525	23
0005542	1
0005543	1
0005548	1
0005576	1
0005618	1
0005694	3
0005737	35
0005739	1
0005840	26
0005854	1
0005886	43
0005948	1
0005960	1
0005975	8
0005992	2
0006002	1
0006006	1
0006011	1
0006015	1
0006020	1
0006040	1
0006048	1
0006071	1
0006072	3
0006086	2
0006090	3
0006091	1
0006094	1
0006096	6
0006097	1
0006098	2
0006099	3
0006102	1
0006106	1
0006120	2
0006139	1
0006163	1
0006164	4
0006168	2
0006177	1
0006189	6
0006207	4
0006220	1
0006221	3
0006226	1
0006229	1
0006231	2
0006233	1
0006241	1
0006259	1
0006260	28
0006261	1
0006265	6
0006269	1
0006270	2
0006275	2
0006281	17
0006282	1
0006284	2
0006285	1
0006289	2
0006298	3
0006303	3
0006304	4
0006308	1
0006310	64
0006313	9
0006351	6
0006352	9
0006353	3
0006355	107
0006364	6
0006396	5
0006400	8
0006402	1
0006412	50
0006413	4
0006414	4
0006415	2
0006418	2
0006419	1
0006420	1
0006423	1
0006424	3
0006426	2
0006427	1
0006428	1
0006429	1
0006430	1
0006431	1
0006433	1
0006434	1
0006435	1
0006437	1
0006438	1
0006450	1
0006457	5
0006465	3
0006468	2
0006470	2
0006486	11
0006508	26
0006520	4
0006522	2
0006526	3
0006527	1
0006529	1
0006534	1
0006535	2
0006537	2
0006541	1
0006542	1
0006546	1
0006548	1
0006556	1
0006559	2
0006564	3
0006568	1
0006572	2
0006574	2
0006592	2
0006605	2
0006614	1
0006629	1
0006631	8
0006633	11
0006635	1
0006665	1
0006730	4
0006740	2
0006744	3
0006749	7
0006750	3
0006751	1
0006760	1
0006777	4
0006779	4
0006780	1
0006782	1
0006783	1
0006790	4
0006796	2
0006799	1
0006801	4
0006808	3
0006810	16
0006811	2
0006812	10
0006813	1
0006816	1
0006817	5
0006821	3
0006825	5
0006855	2
0006865	1
0006869	1
0006878	1
0006879	1
0006886	1
0006935	3
0006950	1
0006974	2
0006979	2
0007049	1
0007059	7
0007155	1
0007165	16
0008033	8
0008080	7
0008081	1
0008094	1
0008097	1
0008113	1
0008121	3
0008134	2
0008135	1
0008137	10
0008152	12
0008153	1
0008168	30
0008170	1
0008172	1
0008173	3
0008176	1
0008186	1
0008198	1
0008199	3
0008218	1
0008233	8
0008234	1
0008236	6
0008237	17
0008241	1
0008252	1
0008270	37
0008289	1
0008299	3
0008320	1
0008324	8
0008360	10
0008379	4
0008381	4
0008408	6
0008409	1
0008410	10
0008412	1
0008441	2
0008442	2
0008446	1
0008452	1
0008483	4
0008484	2
0008490	2
0008495	1
0008519	1
0008534	1
0008535	1
0008610	1
0008615	2
0008616	1
0008643	3
0008649	1
0008652	4
0008654	7
0008658	2
0008661	1
0008666	1
0008684	2
0008685	1
0008686	2
0008701	3
0008703	1
0008714	1
0008716	1
0008718	1
0008720	1
0008734	1
0008745	1
0008750	1
0008753	1
0008754	1
0008755	1
0008757	12
0008758	1
0008760	1
0008761	1
0008762	1
0008763	2
0008764	1
0008773	1
0008774	3
0008784	2
0008794	2
0008817	1
0008821	2
0008829	1
0008835	1
0008836	1
0008837	1
0008839	1
0008840	1
0008841	2
0008855	1
0008863	1
0008881	1
0008902	1
0008914	1
0008932	2
0008933	3
0008934	1
0008941	2
0008942	2
0008955	3
0008961	1
0008963	1
0008964	1
0008966	1
0008972	1
0008976	1
0008986	1
0008987	1
0008999	1
0009001	1
0009002	1
0009009	11
0009022	1
0009035	1
0009037	1
0009052	1
0009055	30
0009056	14
0009058	6
0009060	5
0009061	1
0009073	4
0009082	4
0009086	1
0009088	2
0009089	5
0009094	1
0009097	1
0009098	5
0009099	1
0009102	3
0009103	1
0009107	1
0009113	1
0009116	3
0009117	2
0009132	1
0009146	2
0009152	2
0009156	1
0009165	1
0009228	5
0009229	1
0009236	3
0009240	1
0009243	2
0009245	2
0009249	3
0009252	17
0009253	1
0009254	1
0009263	1
0009268	2
0009279	44
0009288	4
0009291	15
0009292	1
0009297	7
0009298	1
0009303	1
0009306	11
0009307	1
0009316	4
0009317	4
0009318	1
0009320	1
0009326	2
0009331	2
0009337	1
0009340	1
0009349	1
0009358	1
0009360	2
0009368	1
0009376	2
0009380	2
0009381	1
0009396	3
0009399	3
0009401	1
0009408	4
0009423	3
0009424	2
0009425	3
0009426	1
0009427	1
0009428	2
0009431	2
0009432	3
0009435	3
0009446	1
0009451	3
0009636	3
0009691	1
0009712	1
0009898	1
0009927	1
0009966	2
0009975	2
0009982	4
0010038	1
0010124	1
0010181	31
0010257	1
0010945	1
0015016	1
0015031	4
0015035	1
0015036	1
0015074	50
0015075	1
0015078	4
0015079	2
0015095	1
0015098	1
0015103	3
0015109	1
0015136	1
0015159	1
0015171	1
0015221	1
0015232	2
0015252	1
0015267	3
0015288	5
0015291	1
0015293	4
0015297	3
0015343	3
0015369	1
0015412	1
0015415	3
0015439	1
0015450	1
0015474	1
0015562	9
0015628	3
0015643	2
0015645	1
0015648	1
0015662	4
0015689	2
0015693	1
0015700	2
0015703	1
0015739	1
0015740	1
0015774	1
0015833	1
0015886	1
0015891	5
0015914	1
0015920	3
0015930	2
0015934	8
0015935	5
0015937	2
0015940	1
0015941	1
0015942	2
0015949	1
0015977	1
0015986	4
0015990	2
0016020	187
0016024	1
0016042	1
0016114	1
0016116	1
0016117	1
0016149	1
0016158	1
0016208	1
0016209	1
0016226	9
0016301	4
0016310	7
0016311	3
0016407	3
0016410	1
0016421	1
0016433	1
0016434	1
0016462	1
0016491	143
0016597	1
0016598	1
0016614	2
0016616	7
0016620	3
0016624	3
0016627	14
0016628	6
0016638	3
0016639	1
0016646	1
0016651	7
0016655	4
0016667	1
0016670	1
0016682	1
0016703	8
0016705	24
0016706	1
0016709	3
0016722	1
0016740	9
0016746	14
0016747	7
0016757	18
0016758	1
0016765	6
0016772	2
0016776	2
0016779	5
0016780	5
0016782	2
0016783	2
0016787	74
0016788	2
0016790	10
0016791	6
0016793	1
0016798	1
0016799	2
0016810	2
0016812	1
0016817	1
0016818	3
0016829	11
0016830	1
0016832	1
0016836	4
0016837	1
0016846	6
0016853	7
0016855	1
0016862	1
0016874	5
0016881	1
0016884	1
0016887	41
0016893	3
0016901	2
0016987	9
0016989	1
0016992	1
0017000	6
0017004	6
0017013	1
0017038	1
0017057	1
0017061	1
0017136	1
0017148	1
0017150	1
0018104	1
0018117	1
0018339	1
0018364	1
0018454	1
0018506	2
0018577	1
0018618	2
0018738	1
0018786	1
0018817	1
0018849	2
0018850	2
0019068	5
0019104	3
0019120	2
0019134	1
0019171	1
0019205	1
0019213	1
0019239	1
0019243	2
0019264	1
0019277	1
0019288	1
0019344	1
0019346	5
0019354	2
0019379	1
0019427	1
0019464	2
0019475	4
0019491	2
0019509	1
0019538	1
0019619	2
0019629	1
0019646	2
0019673	1
0019679	1
0019684	5
0019752	1
0019825	4
0019829	3
0019843	2
0019856	1
0019867	6
0019899	1
0020037	35
0022625	2
0022627	3
0022857	59
0022900	3
0022904	3
0030001	3
0030091	4
0030145	6
0030170	13
0030234	2
0030255	2
0030261	2
0030272	1
0030288	4
0030416	1
0030435	1
0030488	1
0030527	1
0030552	2
0030554	9
0030604	1
0030612	2
0030639	1
0030643	1
0030674	1
0030694	3
0030955	1
0030956	2
0030973	1
0030976	7
0030983	2
0031071	1
0031167	2
0031317	3
0031992	2
0032196	3
0032259	15
0032300	1
0032784	5
0032981	1
0032993	2
0033014	4
0033573	1
0033617	1
0033743	1
0033744	1
0033816	1
0033818	1
0033819	2
0033862	1
0033890	2
0033958	1
0034220	4
0034702	1
0034755	1
0035438	2
0035598	1
0035870	1
0036211	3
0036222	1
0036374	1
0036424	1
0036431	1
0036440	1
0038023	3
0042026	3
0042128	1
0042132	1
0042158	1
0042254	3
0042450	2
0042578	3
0042597	4
0042619	1
0042625	1
0042626	27
0042732	1
0042773	6
0042776	1
0042780	1
0042802	11
0042823	1
0042834	6
0042853	1
0042908	2
0042953	1
0043022	2
0043093	3
0043165	1
0043190	5
0043295	2
0043424	1
0043461	1
0043546	3
0043565	16
0043684	2
0043720	4
0043743	2
0043773	2
0043805	2
0043811	1
0043814	2
0043824	1
0043952	2
0043953	1
0044010	2
0044097	2
0044183	1
0044205	1
0044209	1
0044423	5
0044780	6
0044781	2
0045027	2
0045182	1
0045239	1
0045240	3
0045254	2
0045259	4
0045271	1
0045273	1
0045275	1
0045277	1
0045454	3
0045861	1
0045892	4
0045893	2
0045900	1
0045936	1
0046081	1
0046118	1
0046167	1
0046294	1
0046417	1
0046421	1
0046429	1
0046654	2
0046656	1
0046677	1
0046685	7
0046688	2
0046797	1
0046820	1
0046872	163
0046873	2
0046903	1
0046912	1
0046983	1
0047307	1
0047343	1
0047355	1
0047420	4
0047429	2
0047480	1
0047617	2
0047733	1
0047952	1
0048034	1
0048038	9
0048040	1
0048501	1
0050126	1
0050129	1
0050136	2
0050242	1
0050311	1
0050440	1
0050446	1
0050511	1
0050515	1
0050518	1
0050567	2
0050570	1
0050660	28
0050661	12
0050797	1
0050992	1
0051082	3
0051083	1
0051116	2
0051139	4
0051205	1
0051213	2
0051276	3
0051287	23
0051301	10
0051409	2
0051536	17
0051537	32
0051539	19
0051596	1
0051603	1
0051604	1
0051745	1
0051903	1
0051920	8
0051989	1
0052381	1
0052547	1
0052621	8
0052689	2
0052693	1
0052699	2
0052706	1
0052906	1
0052913	1
0052929	1
0055052	11
0055085	105
0055129	1
0055130	1
0061542	1
0061599	1
0061603	1
0061710	1
0061799	1
0070006	4
0070063	4
0070064	2
0070069	1
0070401	1
0070402	5
0070403	37
0070404	1
0070475	1
0070733	2
0070905	1
0070967	8
0070968	2
0071111	4
0071555	11
0071705	1
0071709	1
0071805	2
0071949	9
0071951	1
0071972	1
0071973	10
0071978	1
0072488	1
0072593	1
0090729	3
0097163	1
0097250	1
0097347	2
0097351	1
0098662	2
0098797	1
0098869	1
0110001	7
0120010	1
0120225	1
0140078	1
0140098	2
0140110	2
0140327	4
0140358	3
0140359	27
0140657	1
0140658	1
0140662	2
0140663	1
0141098	1
0160254	1
1901137	1
1902495	1
1902600	3
1903424	1
1903425	1
1904047	33
1904680	1
1905887	2
1990063	1
1990229	1
1990531	1
1990610	1
