0000015	2
0000035	1
0000036	2
0000049	2
0000105	10
0000107	2
0000150	3
0000155	7
0000156	15
0000160	15
0000162	3
0000166	16
0000179	1
0000271	2
0000287	15
0000311	1
0000314	3
0000315	3
0000413	1
0000451	1
0000724	1
0000902	2
0000910	3
0000917	1
0000918	1
0001072	2
0001228	1
0001510	2
0001522	6
0001680	1
0002098	1
0002100	1
0002161	2
0002189	1
0002949	3
0003333	2
0003676	24
0003677	146
0003678	7
0003684	3
0003688	1
0003697	8
0003700	75
0003723	32
0003725	1
0003729	1
0003735	55
0003743	3
0003746	5
0003755	3
0003796	3
0003824	9
0003844	1
0003871	1
0003879	1
0003883	1
0003887	7
0003896	2
0003899	6
0003908	1
0003911	1
0003916	1
0003917	2
0003918	4
0003919	1
0003920	1
0003922	1
0003924	14
0003937	1
0003938	1
0003941	2
0003949	1
0003951	2
0003952	1
0003964	1
0003977	1
0003978	1
0003983	1
0003984	1
0003989	2
0003999	1
0004000	1
0004016	1
0004018	1
0004019	1
0004022	1
0004044	1
0004045	2
0004048	1
0004055	1
0004056	1
0004066	1
0004070	1
0004072	2
0004073	1
0004077	1
0004084	1
0004088	1
0004124	1
0004126	1
0004127	1
0004139	2
0004140	1
0004146	1
0004148	2
0004151	1
0004152	2
0004163	1
0004176	1
0004177	2
0004180	1
0004190	1
0004222	6
0004252	9
0004298	1
0004309	1
0004314	1
0004315	2
0004325	1
0004326	1
0004329	1
0004332	2
0004333	1
0004335	1
0004340	1
0004342	1
0004345	1
0004347	1
0004349	1
0004350	1
0004356	2
0004359	1
0004360	1
0004368	1
0004370	2
0004371	1
0004372	1
0004373	1
0004385	1
0004386	6
0004399	1
0004400	2
0004412	1
0004413	1
0004420	1
0004421	1
0004424	1
0004425	1
0004427	2
0004452	1
0004459	2
0004476	1
0004478	1
0004479	1
0004489	1
0004496	1
0004497	1
0004516	2
0004518	3
0004519	6
0004520	2
0004521	1
0004523	2
0004525	1
0004526	1
0004527	4
0004540	2
0004550	1
0004553	9
0004556	1
0004559	2
0004560	1
0004564	1
0004565	2
0004588	1
0004590	1
0004594	1
0004595	1
0004602	1
0004612	1
0004616	1
0004623	1
0004631	1
0004632	1
0004633	1
0004634	2
0004635	1
0004636	1
0004637	1
0004638	2
0004639	1
0004641	1
0004642	2
0004643	1
0004644	1
0004659	3
0004672	2
0004673	4
0004674	1
0004713	4
0004715	2
0004721	1
0004722	1
0004725	1
0004731	1
0004733	4
0004735	1
0004736	1
0004739	1
0004743	1
0004747	1
0004748	3
0004749	2
0004750	1
0004751	2
0004764	2
0004784	1
0004788	1
0004789	1
0004791	1
0004794	1
0004795	1
0004797	1
0004798	1
0004799	1
0004803	25
0004807	1
0004812	3
0004813	1
0004814	1
0004816	1
0004817	1
0004818	1
0004820	2
0004821	1
0004822	1
0004823	1
0004824	1
0004825	1
0004826	2
0004827	1
0004828	1
0004829	1
0004830	1
0004831	1
0004832	1
0004834	2
0004844	1
0004845	1
0004849	1
0005047	1
0005048	1
0005198	14
0005215	4
0005247	1
0005267	1
0005375	2
0005504	2
0005506	1
0005507	1
0005515	5
0005524	214
0005525	19
0005576	1
0005694	3
0005737	50
0005829	6
0005840	33
0005854	1
0005886	31
0005971	1
0005975	30
0005978	3
0005991	1
0006002	1
0006006	2
0006011	1
0006012	2
0006013	2
0006014	1
0006044	3
0006048	1
0006066	1
0006071	2
0006072	3
0006085	2
0006086	2
0006089	1
0006090	2
0006094	4
0006096	12
0006098	5
0006099	1
0006101	1
0006106	1
0006108	1
0006109	1
0006113	3
0006139	4
0006163	2
0006164	4
0006166	1
0006168	1
0006171	1
0006177	1
0006189	7
0006207	2
0006213	1
0006221	5
0006231	1
0006233	1
0006241	1
0006259	2
0006260	18
0006261	1
0006265	6
0006268	1
0006269	3
0006270	1
0006275	1
0006278	1
0006281	23
0006282	1
0006284	2
0006289	3
0006298	2
0006302	2
0006304	1
0006308	1
0006310	22
0006313	1
0006351	9
0006352	1
0006353	2
0006355	80
0006364	7
0006396	2
0006400	7
0006402	1
0006412	60
0006413	3
0006414	5
0006415	4
0006418	2
0006419	1
0006420	1
0006421	1
0006423	1
0006424	3
0006426	2
0006427	1
0006428	1
0006429	1
0006430	1
0006431	1
0006432	2
0006433	1
0006434	1
0006435	1
0006436	1
0006437	1
0006438	1
0006450	1
0006457	5
0006465	1
0006468	3
0006470	2
0006508	24
0006520	3
0006522	1
0006526	1
0006529	1
0006531	1
0006535	1
0006537	1
0006541	1
0006542	2
0006556	1
0006561	3
0006565	2
0006567	1
0006568	1
0006605	1
0006614	1
0006629	3
0006631	1
0006633	8
0006644	1
0006654	1
0006730	2
0006741	1
0006744	3
0006747	1
0006772	2
0006779	2
0006796	1
0006797	1
0006798	1
0006799	1
0006810	1
0006811	1
0006812	2
0006814	2
0006817	5
0006821	1
0006825	4
0006826	1
0006855	1
0006865	9
0006886	1
0006950	1
0006979	4
0007059	4
0007165	6
0008033	8
0008080	21
0008081	1
0008094	2
0008113	2
0008135	1
0008152	6
0008168	5
0008170	1
0008173	2
0008175	1
0008176	1
0008233	4
0008234	3
0008236	5
0008237	1
0008239	1
0008251	1
0008253	3
0008270	17
0008299	4
0008324	3
0008360	4
0008374	1
0008379	1
0008381	3
0008408	6
0008409	1
0008425	3
0008441	2
0008444	1
0008448	2
0008460	1
0008479	1
0008483	1
0008484	3
0008519	1
0008534	1
0008553	1
0008610	2
0008615	5
0008616	1
0008643	41
0008649	3
0008652	2
0008654	4
0008658	5
0008662	2
0008677	1
0008697	1
0008716	1
0008742	1
0008745	1
0008753	2
0008757	3
0008760	1
0008761	1
0008762	1
0008763	1
0008764	1
0008771	1
0008776	2
0008782	1
0008784	1
0008788	1
0008795	1
0008800	2
0008801	1
0008808	2
0008814	1
0008815	2
0008817	1
0008836	1
0008837	1
0008839	1
0008840	2
0008841	1
0008855	1
0008861	1
0008869	1
0008878	2
0008881	1
0008897	1
0008902	2
0008926	1
0008930	1
0008932	1
0008959	1
0008961	1
0008962	2
0008963	1
0008965	1
0008966	1
0008972	2
0008973	1
0008976	1
0008982	19
0008998	1
0008999	1
0009007	1
0009009	1
0009024	1
0009035	1
0009052	2
0009055	4
0009058	3
0009063	1
0009081	1
0009086	4
0009088	2
0009089	8
0009103	2
0009113	2
0009116	4
0009117	2
0009143	1
0009152	2
0009156	1
0009164	1
0009220	1
0009225	1
0009228	5
0009236	1
0009245	1
0009249	2
0009252	13
0009253	4
0009254	2
0009255	1
0009263	1
0009264	2
0009290	1
0009294	1
0009306	6
0009307	1
0009317	3
0009318	1
0009320	1
0009331	1
0009346	2
0009358	1
0009360	3
0009368	1
0009374	1
0009376	2
0009378	2
0009379	1
0009380	2
0009381	1
0009398	1
0009401	63
0009403	1
0009408	1
0009432	3
0009435	4
0009451	2
0009691	1
0009898	2
0009972	1
0009982	8
0009986	2
0010181	16
0015031	3
0015035	1
0015074	5
0015078	3
0015093	1
0015128	1
0015136	1
0015155	1
0015171	4
0015205	3
0015234	1
0015252	1
0015267	2
0015293	1
0015415	4
0015416	3
0015444	1
0015450	2
0015562	3
0015573	1
0015658	3
0015662	2
0015663	1
0015693	1
0015716	3
0015739	1
0015759	1
0015803	2
0015826	1
0015837	2
0015888	1
0015890	1
0015930	1
0015934	8
0015935	6
0015936	1
0015937	4
0015940	1
0015941	1
0015949	2
0015969	1
0015970	1
0015976	1
0015986	8
0016020	131
0016032	7
0016114	1
0016126	2
0016149	3
0016154	1
0016226	4
0016301	28
0016310	31
0016311	1
0016407	2
0016430	1
0016434	1
0016462	1
0016491	32
0016597	1
0016614	1
0016616	3
0016620	5
0016639	1
0016646	1
0016651	4
0016655	2
0016657	1
0016682	2
0016684	1
0016740	11
0016743	1
0016746	21
0016747	6
0016757	13
0016763	1
0016765	2
0016773	8
0016776	3
0016779	2
0016780	2
0016783	1
0016787	41
0016788	1
0016791	4
0016798	4
0016805	5
0016810	1
0016818	3
0016823	1
0016829	2
0016831	1
0016832	6
0016835	2
0016836	2
0016853	4
0016857	1
0016861	2
0016862	1
0016868	1
0016872	1
0016874	1
0016879	1
0016884	1
0016887	78
0016891	1
0016920	1
0016987	2
0016998	3
0017013	3
0017038	1
0017118	1
0017148	1
0017150	1
0018364	1
0018478	1
0018580	1
0019068	9
0019104	1
0019134	1
0019172	1
0019197	1
0019205	1
0019239	1
0019264	1
0019277	1
0019287	3
0019305	1
0019310	5
0019350	2
0019361	1
0019430	1
0019509	1
0019512	2
0019521	1
0019569	1
0019594	1
0019632	2
0019647	1
0019829	2
0019843	3
0019854	1
0022625	5
0022627	3
0022857	53
0022872	2
0022877	3
0030001	5
0030091	3
0030145	1
0030153	2
0030170	11
0030246	1
0030261	2
0030272	1
0030388	1
0030552	1
0030554	1
0030612	1
0030643	1
0030655	2
0030955	1
0030956	2
0030976	3
0030983	2
0031012	1
0031167	2
0031419	1
0032049	2
0032259	3
0032300	1
0032329	1
0032466	1
0032508	2
0032549	1
0032784	3
0033228	2
0033230	2
0033232	2
0033743	1
0033744	2
0033745	1
0033818	1
0033862	1
0033920	1
0034077	1
0034219	1
0034220	2
0034979	1
0035429	1
0035460	1
0035673	1
0036211	4
0036370	1
0042026	2
0042254	6
0042274	1
0042301	2
0042450	1
0042578	3
0042586	1
0042626	84
0042780	1
0042802	1
0042834	1
0042918	1
0043022	5
0043039	1
0043093	1
0043094	1
0043101	2
0043138	1
0043139	1
0043169	1
0043190	10
0043213	1
0043214	1
0043295	1
0043365	2
0043464	1
0043565	2
0043571	4
0043682	2
0043800	1
0043801	1
0043811	1
0043822	1
0043883	1
0043937	1
0043952	2
0044205	1
0044423	11
0045148	1
0045151	1
0045182	1
0045254	1
0045261	5
0045263	1
0045454	3
0045490	1
0045892	5
0045893	1
0045927	1
0045936	1
0045982	1
0046110	1
0046118	1
0046168	1
0046316	1
0046348	2
0046685	1
0046797	2
0046798	1
0046835	1
0046872	42
0046873	3
0046917	1
0046933	5
0046983	2
0047112	2
0047200	1
0047324	2
0047429	2
0047473	1
0047480	1
0047590	1
0047605	1
0047617	1
0047688	1
0047761	1
0047804	2
0047952	1
0048473	2
0048501	1
0050112	1
0050114	1
0050151	1
0050242	1
0050334	1
0050380	1
0050456	2
0050482	1
0050511	1
0050515	1
0050519	1
0050567	2
0050570	1
0050660	7
0050661	10
0051027	1
0051082	3
0051083	1
0051156	1
0051191	1
0051205	2
0051287	7
0051301	6
0051536	2
0051539	5
0051540	1
0051603	1
0051607	1
0051775	2
0051920	1
0051989	1
0052381	1
0052689	1
0052693	1
0052717	1
0052906	1
0052913	1
0052916	1
0055051	2
0055052	28
0055070	1
0055085	65
0061077	1
0061542	3
0061710	1
0070006	1
0070063	2
0070394	1
0070395	1
0070403	3
0070726	3
0070905	1
0071555	1
0071805	5
0071949	3
0071951	1
0071972	1
0072488	1
0090563	1
0090582	1
0097351	1
0097367	1
0102039	1
0102208	3
0110001	3
0120029	1
0140078	1
0140110	1
0140359	86
0140662	1
0140741	1
0140911	3
0180001	1
1901135	2
1901137	1
1902495	24
1902560	1
1902600	1
1904047	6
1905887	3
