0000015	1
0000028	1
0000049	3
0000103	1
0000105	9
0000107	2
0000155	1
0000156	5
0000160	13
0000162	3
0000166	18
0000179	1
0000271	1
0000287	10
0000309	1
0000311	1
0000314	3
0000315	3
0000373	1
0000413	1
0000451	1
0000701	1
0000774	1
0000902	2
0000906	1
0000910	1
0001072	1
0001522	3
0001539	4
0001671	1
0002098	1
0002143	1
0002189	1
0002949	3
0003676	7
0003677	89
0003678	5
0003684	3
0003688	1
0003697	1
0003700	30
0003723	22
0003725	2
0003735	52
0003743	3
0003746	5
0003755	2
0003774	4
0003824	23
0003839	1
0003848	1
0003849	1
0003852	1
0003855	1
0003856	1
0003861	2
0003862	1
0003864	1
0003866	1
0003879	1
0003882	1
0003883	1
0003887	4
0003896	1
0003899	5
0003904	1
0003906	1
0003908	1
0003910	1
0003916	2
0003917	1
0003918	2
0003919	1
0003922	1
0003924	11
0003934	1
0003935	1
0003937	1
0003938	1
0003942	1
0003949	1
0003952	1
0003955	1
0003964	1
0003977	1
0003978	1
0003983	1
0003984	1
0003987	1
0003989	3
0003991	1
0003998	1
0003999	1
0004013	1
0004014	1
0004015	1
0004016	1
0004018	1
0004019	1
0004022	1
0004042	1
0004044	1
0004045	1
0004047	1
0004048	1
0004055	1
0004056	1
0004068	1
0004070	1
0004072	1
0004073	1
0004075	1
0004076	1
0004077	1
0004084	1
0004088	1
0004107	1
0004109	1
0004124	1
0004127	1
0004129	3
0004140	1
0004141	1
0004148	1
0004150	1
0004151	1
0004156	1
0004160	2
0004170	1
0004176	1
0004177	1
0004190	3
0004197	2
0004222	4
0004252	6
0004311	1
0004314	1
0004315	2
0004316	1
0004325	1
0004326	1
0004329	1
0004333	1
0004337	1
0004340	1
0004345	2
0004347	1
0004349	1
0004350	1
0004351	1
0004356	1
0004358	1
0004360	1
0004372	1
0004373	1
0004375	2
0004385	1
0004386	9
0004399	1
0004400	2
0004412	1
0004413	1
0004418	1
0004424	1
0004450	1
0004478	1
0004479	1
0004488	1
0004489	1
0004497	2
0004514	2
0004515	1
0004518	1
0004519	3
0004521	2
0004523	1
0004525	2
0004526	1
0004540	7
0004550	1
0004553	2
0004585	1
0004588	1
0004590	1
0004592	1
0004594	1
0004595	1
0004601	2
0004609	1
0004614	1
0004616	1
0004617	1
0004632	1
0004633	1
0004634	1
0004635	1
0004636	1
0004637	1
0004638	2
0004639	1
0004641	1
0004642	3
0004643	1
0004644	1
0004645	1
0004654	1
0004655	1
0004659	1
0004664	1
0004729	1
0004735	1
0004748	1
0004749	1
0004750	1
0004751	1
0004764	1
0004781	1
0004789	2
0004791	1
0004795	2
0004798	3
0004801	1
0004802	1
0004803	38
0004805	1
0004807	1
0004808	1
0004812	2
0004813	1
0004814	1
0004817	1
0004818	1
0004820	2
0004821	1
0004822	1
0004823	1
0004824	1
0004825	1
0004826	1
0004827	1
0004828	1
0004829	1
0004830	1
0004831	1
0004832	1
0004834	2
0004851	1
0004853	1
0005047	1
0005048	1
0005198	7
0005215	5
0005381	1
0005506	4
0005515	10
0005524	127
0005525	19
0005618	1
0005694	1
0005737	41
0005743	1
0005829	2
0005840	30
0005886	24
0005960	1
0005975	16
0005978	2
0005991	1
0005992	3
0006006	3
0006011	1
0006012	2
0006020	1
0006048	1
0006090	1
0006094	1
0006096	3
0006098	6
0006099	2
0006106	1
0006109	1
0006139	2
0006163	1
0006164	4
0006166	1
0006168	1
0006171	1
0006177	1
0006189	8
0006207	2
0006221	2
0006226	1
0006231	1
0006233	3
0006241	1
0006259	1
0006260	7
0006261	1
0006265	4
0006269	1
0006270	1
0006275	1
0006281	19
0006284	2
0006289	3
0006298	2
0006304	2
0006306	1
0006308	2
0006310	14
0006313	8
0006351	4
0006352	3
0006353	3
0006355	45
0006364	6
0006396	4
0006400	4
0006402	3
0006412	58
0006413	3
0006414	5
0006415	3
0006417	1
0006418	1
0006419	1
0006420	1
0006423	1
0006424	3
0006426	2
0006427	1
0006428	1
0006429	1
0006430	1
0006431	1
0006432	1
0006433	1
0006434	1
0006435	1
0006436	1
0006437	1
0006438	1
0006450	1
0006457	4
0006465	3
0006486	2
0006508	12
0006520	2
0006522	1
0006523	1
0006526	4
0006535	2
0006537	1
0006540	1
0006541	1
0006542	1
0006546	2
0006555	1
0006556	1
0006561	3
0006564	1
0006566	1
0006592	2
0006605	2
0006614	1
0006629	2
0006631	3
0006633	9
0006654	1
0006730	3
0006744	2
0006751	1
0006760	1
0006777	3
0006779	4
0006797	1
0006808	6
0006810	8
0006813	4
0006814	1
0006817	7
0006855	2
0006886	3
0006935	6
0006950	1
0006979	2
0007155	1
0007165	8
0008033	7
0008080	4
0008094	1
0008097	1
0008108	1
0008113	1
0008134	4
0008135	1
0008137	6
0008152	4
0008168	12
0008169	1
0008172	1
0008173	1
0008186	1
0008198	1
0008219	4
0008233	1
0008237	2
0008252	1
0008270	17
0008295	1
0008299	3
0008311	1
0008324	2
0008360	5
0008374	1
0008381	2
0008408	2
0008425	2
0008444	1
0008460	1
0008479	1
0008483	1
0008519	1
0008534	1
0008556	4
0008610	4
0008615	2
0008616	3
0008641	2
0008649	2
0008652	1
0008654	5
0008657	2
0008658	3
0008661	1
0008676	1
0008685	1
0008686	1
0008690	1
0008703	1
0008705	1
0008712	1
0008716	1
0008720	1
0008754	2
0008757	6
0008760	1
0008762	1
0008763	1
0008764	1
0008767	1
0008780	2
0008784	1
0008817	1
0008818	1
0008829	1
0008830	3
0008831	1
0008833	1
0008835	1
0008836	1
0008837	1
0008839	1
0008840	1
0008841	1
0008854	1
0008855	2
0008864	1
0008878	1
0008879	1
0008881	1
0008883	1
0008897	1
0008907	1
0008915	1
0008920	1
0008932	1
0008934	1
0008939	1
0008961	1
0008963	1
0008964	1
0008966	1
0008968	1
0008976	1
0008986	1
0008987	1
0009001	1
0009007	1
0009011	1
0009022	1
0009029	1
0009030	1
0009035	2
0009037	1
0009052	1
0009055	10
0009058	6
0009060	3
0009073	3
0009081	1
0009082	4
0009086	1
0009088	2
0009089	5
0009094	1
0009097	1
0009098	4
0009102	3
0009103	1
0009113	2
0009116	2
0009152	3
0009220	1
0009225	1
0009228	7
0009236	12
0009240	1
0009243	2
0009244	3
0009245	4
0009247	1
0009249	1
0009252	13
0009273	1
0009279	3
0009288	6
0009294	1
0009306	10
0009307	2
0009316	2
0009317	4
0009318	2
0009320	1
0009338	1
0009349	1
0009360	2
0009368	1
0009378	2
0009379	1
0009380	2
0009381	1
0009394	1
0009396	2
0009399	10
0009408	2
0009423	3
0009424	1
0009425	1
0009426	1
0009427	1
0009428	1
0009431	2
0009432	1
0009435	4
0009451	3
0009691	1
0009898	1
0009966	4
0009975	4
0009982	4
0010038	1
0010181	4
0015031	4
0015035	2
0015074	10
0015078	3
0015105	1
0015136	1
0015159	1
0015221	1
0015288	2
0015291	1
0015412	2
0015415	6
0015444	1
0015446	1
0015450	4
0015562	12
0015627	4
0015628	6
0015689	2
0015693	1
0015739	1
0015914	3
0015920	1
0015930	1
0015934	8
0015935	6
0015937	3
0015940	2
0015941	1
0015949	2
0015970	1
0015986	8
0015995	1
0016020	104
0016114	1
0016149	2
0016151	1
0016152	1
0016163	3
0016208	1
0016226	3
0016301	1
0016310	3
0016410	2
0016433	1
0016434	1
0016462	1
0016491	21
0016530	2
0016597	1
0016610	1
0016612	2
0016614	2
0016616	3
0016620	3
0016638	1
0016646	1
0016647	1
0016651	2
0016655	1
0016682	2
0016705	1
0016722	1
0016740	4
0016743	1
0016746	5
0016747	4
0016757	17
0016758	2
0016765	1
0016772	1
0016773	2
0016776	1
0016779	4
0016780	1
0016782	2
0016783	1
0016787	19
0016788	1
0016791	1
0016798	1
0016799	2
0016810	2
0016818	1
0016829	1
0016831	1
0016832	1
0016836	1
0016853	2
0016866	2
0016874	3
0016879	1
0016884	1
0016887	31
0016903	3
0016984	2
0016987	4
0016993	1
0017004	4
0017038	1
0017057	1
0017061	1
0017148	1
0018339	1
0018364	1
0019104	1
0019134	1
0019171	1
0019205	1
0019239	1
0019264	1
0019277	1
0019288	3
0019305	5
0019354	1
0019385	4
0019427	1
0019430	1
0019464	2
0019509	3
0019538	1
0019632	1
0019646	1
0019746	2
0019752	2
0019843	3
0019867	5
0020037	12
0022625	5
0022627	3
0022857	44
0022900	2
0022904	1
0030091	2
0030170	11
0030234	6
0030246	1
0030261	2
0030272	1
0030288	2
0030488	1
0030494	1
0030527	1
0030541	2
0030552	2
0030554	1
0030604	1
0030612	1
0030643	1
0030694	2
0030788	1
0030789	1
0030956	2
0030973	1
0030976	4
0030979	1
0030983	2
0031004	3
0031071	1
0031167	1
0031240	2
0031419	1
0031522	2
0031992	1
0032259	6
0032363	1
0032508	1
0032784	2
0032977	1
0033014	3
0033103	9
0033104	3
0033573	1
0033739	1
0033743	1
0033744	1
0033818	1
0033840	1
0033862	1
0033942	1
0034204	1
0034755	1
0035435	3
0035632	1
0035870	1
0036211	6
0036222	1
0042026	2
0042158	1
0042242	1
0042254	3
0042274	1
0042286	1
0042301	3
0042450	2
0042578	1
0042586	2
0042597	1
0042626	18
0042732	1
0042773	5
0042802	7
0042803	3
0042834	2
0042953	1
0043022	4
0043093	1
0043107	2
0043165	1
0043190	5
0043231	1
0043462	1
0043565	1
0043714	1
0043811	1
0043952	4
0043953	1
0044205	1
0044237	1
0044571	2
0044780	6
0045182	1
0045226	1
0045239	1
0045261	5
0045263	2
0045300	2
0045340	1
0045550	1
0045892	2
0045900	1
0045936	1
0046025	1
0046026	1
0046081	1
0046140	1
0046429	1
0046523	1
0046654	1
0046656	1
0046685	2
0046689	1
0046855	1
0046857	1
0046872	43
0046912	1
0046933	5
0046983	1
0047470	1
0047471	1
0047480	1
0047733	1
0048038	2
0048040	1
0048472	1
0048501	1
0050136	1
0050311	1
0050515	1
0050567	2
0050570	1
0050660	8
0050661	12
0050787	1
0050797	1
0050920	1
0050992	1
0051007	1
0051073	1
0051087	2
0051213	1
0051287	9
0051290	2
0051301	4
0051536	16
0051537	2
0051539	17
0051540	1
0051604	1
0051745	1
0051920	3
0052381	1
0052693	1
0052717	1
0052906	1
0052913	1
0055052	9
0055085	48
0061542	2
0061710	2
0061798	1
0061799	1
0061928	1
0065003	2
0070006	2
0070063	1
0070069	1
0070401	1
0070403	3
0070404	1
0070475	1
0070905	1
0071555	1
0071709	1
0071722	1
0071897	1
0071949	2
0071951	1
0071973	13
0072488	1
0098561	4
0102208	2
0103117	1
0110001	4
0120225	1
0140078	2
0140110	1
0140359	21
0140662	2
0140663	1
1901137	1
1904047	16
1905887	1
1990107	1
1990204	2
1990610	1
