0000015	1
0000030	1
0000035	3
0000036	4
0000041	1
0000049	2
0000098	2
0000103	2
0000105	8
0000107	2
0000150	1
0000155	21
0000156	32
0000160	49
0000162	6
0000166	31
0000179	1
0000271	9
0000286	1
0000287	18
0000311	1
0000314	3
0000315	3
0000373	4
0000413	1
0000451	1
0000902	1
0000906	1
0000910	1
0000917	2
0000918	1
0000976	3
0001216	1
0001510	1
0001522	7
0001530	1
0001558	1
0001968	1
0002098	1
0002100	1
0002189	1
0002943	1
0002949	3
0003676	100
0003677	192
0003678	7
0003684	2
0003688	1
0003697	3
0003700	23
0003723	40
0003725	2
0003729	20
0003735	52
0003743	3
0003746	5
0003747	1
0003755	7
0003824	39
0003842	1
0003844	2
0003848	2
0003849	2
0003852	1
0003855	1
0003856	1
0003861	2
0003862	1
0003864	1
0003866	1
0003868	1
0003872	1
0003879	1
0003883	1
0003886	3
0003887	4
0003899	6
0003908	1
0003911	1
0003916	1
0003917	1
0003918	3
0003919	1
0003922	1
0003924	16
0003934	2
0003935	1
0003937	1
0003938	1
0003942	1
0003949	1
0003952	2
0003954	3
0003964	4
0003973	1
0003978	2
0003984	1
0003987	1
0003989	3
0003991	1
0003994	1
0003998	2
0003999	1
0004013	1
0004014	1
0004016	1
0004018	1
0004019	1
0004020	1
0004022	1
0004030	1
0004035	1
0004042	1
0004044	1
0004045	2
0004047	1
0004048	1
0004049	2
0004055	1
0004056	1
0004068	1
0004070	1
0004073	1
0004075	1
0004076	1
0004077	1
0004084	1
0004088	1
0004089	2
0004106	1
0004107	1
0004109	2
0004113	1
0004124	1
0004129	3
0004132	1
0004133	3
0004134	1
0004139	1
0004140	1
0004141	1
0004146	1
0004148	1
0004150	1
0004156	1
0004160	1
0004169	1
0004175	2
0004176	3
0004177	1
0004180	2
0004181	2
0004185	1
0004190	3
0004197	4
0004222	13
0004252	15
0004311	1
0004314	1
0004315	2
0004316	1
0004322	1
0004324	1
0004325	2
0004326	2
0004332	1
0004333	1
0004339	1
0004340	1
0004345	1
0004349	1
0004350	2
0004356	1
0004357	1
0004358	1
0004359	2
0004360	1
0004362	1
0004363	1
0004364	1
0004370	1
0004372	1
0004375	1
0004385	1
0004386	8
0004399	2
0004400	1
0004410	1
0004412	1
0004413	1
0004416	1
0004418	1
0004425	1
0004452	1
0004462	1
0004470	1
0004471	1
0004475	1
0004478	2
0004479	1
0004488	1
0004489	1
0004497	3
0004514	2
0004518	4
0004519	123
0004520	1
0004521	18
0004523	3
0004525	3
0004526	1
0004527	3
0004534	1
0004536	7
0004540	5
0004550	1
0004553	6
0004555	1
0004585	1
0004588	1
0004590	1
0004595	1
0004601	1
0004602	1
0004604	1
0004612	1
0004616	1
0004617	1
0004618	1
0004619	1
0004632	1
0004633	1
0004634	1
0004635	1
0004636	1
0004637	1
0004638	2
0004639	1
0004640	1
0004641	1
0004642	2
0004643	1
0004644	1
0004654	1
0004655	2
0004659	1
0004664	1
0004668	2
0004672	13
0004673	20
0004674	7
0004722	4
0004725	1
0004733	1
0004735	1
0004739	1
0004743	2
0004746	1
0004748	1
0004749	1
0004750	1
0004751	1
0004765	1
0004775	1
0004776	1
0004781	1
0004784	2
0004791	1
0004795	2
0004798	1
0004802	1
0004803	72
0004807	1
0004812	2
0004813	1
0004814	1
0004816	1
0004817	1
0004818	1
0004820	2
0004821	1
0004822	1
0004823	1
0004824	1
0004825	1
0004826	2
0004827	1
0004828	1
0004829	1
0004830	1
0004831	1
0004832	1
0004834	2
0004845	1
0004851	2
0004853	1
0005047	1
0005048	1
0005198	2
0005215	6
0005216	1
0005247	2
0005254	1
0005283	1
0005344	1
0005375	1
0005381	1
0005436	1
0005488	2
0005506	10
0005507	4
0005509	5
0005515	65
0005524	235
0005525	26
0005536	1
0005694	1
0005737	55
0005739	1
0005743	3
0005829	3
0005840	30
0005854	1
0005886	52
0005948	1
0005960	1
0005971	1
0005975	22
0005978	3
0005980	4
0005991	1
0005992	2
0006002	1
0006006	2
0006012	3
0006015	1
0006020	1
0006044	1
0006051	1
0006071	1
0006072	1
0006085	1
0006086	1
0006090	1
0006094	2
0006096	8
0006098	5
0006099	3
0006106	1
0006116	3
0006139	1
0006144	1
0006163	1
0006164	2
0006171	1
0006177	1
0006189	7
0006207	3
0006220	1
0006221	2
0006233	1
0006241	1
0006259	1
0006260	13
0006261	1
0006265	4
0006269	1
0006270	1
0006275	1
0006281	21
0006284	1
0006289	3
0006298	1
0006302	1
0006304	9
0006310	61
0006313	17
0006351	4
0006352	6
0006353	2
0006355	56
0006364	7
0006396	10
0006397	4
0006400	7
0006401	1
0006402	10
0006412	56
0006413	3
0006414	5
0006415	4
0006418	1
0006419	1
0006420	1
0006421	1
0006423	1
0006424	3
0006426	2
0006427	1
0006428	1
0006429	1
0006430	1
0006431	1
0006432	2
0006433	1
0006434	1
0006435	1
0006436	1
0006437	1
0006438	1
0006450	1
0006457	11
0006465	5
0006468	14
0006470	5
0006486	36
0006493	1
0006508	43
0006520	5
0006522	1
0006523	1
0006526	3
0006527	1
0006534	2
0006535	4
0006537	2
0006541	3
0006542	1
0006543	1
0006555	1
0006556	2
0006559	1
0006561	4
0006562	1
0006564	1
0006568	1
0006572	1
0006592	3
0006605	2
0006614	1
0006629	4
0006631	4
0006633	16
0006636	1
0006644	1
0006654	1
0006720	3
0006729	2
0006730	4
0006744	1
0006749	6
0006750	3
0006751	1
0006760	1
0006777	5
0006779	5
0006783	2
0006790	2
0006797	1
0006799	1
0006801	2
0006808	3
0006810	10
0006811	4
0006812	8
0006813	3
0006814	1
0006816	1
0006817	10
0006821	2
0006824	3
0006825	1
0006826	1
0006833	1
0006865	3
0006886	2
0006935	13
0006950	4
0006979	2
0007059	2
0007154	1
0007155	2
0007165	41
0007623	1
0008033	7
0008080	23
0008094	1
0008106	1
0008108	1
0008113	1
0008124	2
0008126	1
0008135	1
0008137	1
0008146	4
0008152	7
0008168	33
0008170	2
0008172	1
0008173	3
0008175	1
0008176	1
0008194	3
0008198	2
0008199	3
0008219	1
0008233	9
0008234	3
0008236	5
0008237	20
0008251	1
0008252	1
0008270	33
0008295	1
0008299	3
0008311	1
0008324	3
0008360	8
0008374	2
0008379	4
0008381	9
0008408	2
0008409	2
0008441	2
0008444	1
0008446	2
0008448	1
0008452	1
0008460	1
0008479	1
0008483	6
0008490	1
0008495	1
0008519	1
0008556	4
0008610	2
0008615	3
0008616	4
0008643	6
0008649	2
0008652	2
0008654	6
0008658	3
0008661	1
0008664	1
0008684	1
0008685	1
0008686	1
0008703	1
0008705	1
0008710	1
0008716	1
0008720	1
0008728	1
0008734	1
0008745	1
0008750	1
0008752	1
0008753	2
0008754	2
0008755	2
0008757	16
0008760	1
0008761	1
0008762	1
0008763	1
0008764	1
0008776	1
0008780	1
0008784	1
0008792	1
0008794	1
0008800	2
0008804	1
0008817	1
0008818	1
0008821	1
0008830	2
0008831	1
0008835	1
0008836	1
0008837	1
0008839	1
0008840	1
0008841	2
0008863	1
0008864	1
0008878	1
0008879	1
0008881	1
0008883	1
0008893	1
0008897	1
0008901	1
0008909	1
0008914	1
0008915	1
0008932	2
0008934	1
0008935	1
0008955	4
0008961	1
0008962	1
0008963	1
0008964	1
0008966	1
0008968	1
0008976	1
0008984	2
0008986	1
0008987	1
0008999	1
0009001	3
0009002	3
0009007	3
0009009	3
0009030	1
0009035	2
0009036	1
0009052	1
0009055	23
0009058	12
0009059	1
0009060	1
0009073	5
0009081	1
0009082	3
0009086	1
0009088	3
0009089	4
0009094	1
0009097	2
0009098	4
0009099	1
0009102	4
0009103	2
0009107	3
0009113	2
0009116	4
0009117	1
0009132	2
0009146	1
0009152	3
0009156	1
0009165	2
0009166	1
0009220	1
0009225	1
0009226	1
0009228	4
0009234	3
0009236	11
0009240	1
0009243	3
0009244	1
0009245	6
0009249	3
0009251	1
0009252	18
0009253	1
0009254	1
0009263	1
0009264	1
0009265	1
0009279	1
0009294	2
0009297	1
0009298	1
0009306	12
0009307	10
0009316	2
0009317	4
0009320	1
0009330	2
0009339	1
0009349	1
0009358	1
0009360	2
0009361	1
0009368	3
0009378	2
0009379	1
0009380	2
0009381	1
0009396	3
0009399	9
0009408	4
0009423	4
0009432	3
0009435	6
0009446	1
0009451	6
0009496	1
0009522	4
0009523	14
0009538	12
0009539	6
0009579	1
0009651	1
0009654	1
0009691	1
0009767	4
0009772	2
0009773	1
0009898	4
0009966	4
0009972	1
0009975	4
0009982	7
0010007	3
0010181	11
0010206	1
0010207	2
0010236	1
0010242	1
0010308	1
0010309	1
0015016	1
0015031	8
0015035	7
0015036	1
0015074	21
0015078	5
0015087	2
0015093	6
0015095	3
0015103	2
0015109	2
0015112	6
0015136	1
0015159	1
0015221	2
0015250	1
0015252	2
0015288	2
0015291	2
0015293	3
0015297	6
0015343	1
0015369	1
0015379	1
0015412	2
0015415	8
0015416	2
0015419	3
0015424	1
0015446	1
0015450	4
0015562	8
0015627	1
0015628	3
0015648	1
0015662	3
0015666	2
0015689	3
0015693	3
0015700	1
0015703	2
0015706	6
0015716	4
0015739	1
0015740	1
0015774	1
0015803	2
0015833	1
0015891	2
0015914	1
0015920	3
0015930	1
0015934	7
0015935	6
0015937	3
0015940	1
0015941	1
0015942	1
0015949	1
0015970	1
0015977	2
0015979	34
0015986	7
0015990	1
0015995	12
0016020	195
0016037	1
0016042	1
0016051	1
0016075	9
0016114	1
0016116	2
0016117	7
0016149	2
0016151	3
0016158	1
0016163	3
0016166	1
0016168	4
0016208	1
0016209	1
0016226	12
0016301	9
0016310	7
0016311	3
0016405	1
0016407	2
0016410	2
0016433	1
0016434	1
0016462	1
0016491	67
0016530	2
0016597	1
0016600	2
0016610	1
0016612	2
0016614	1
0016616	5
0016620	4
0016627	2
0016630	1
0016639	1
0016647	1
0016651	1
0016655	1
0016661	2
0016667	1
0016702	5
0016705	5
0016717	2
0016719	1
0016722	2
0016730	2
0016740	15
0016743	1
0016746	23
0016747	1
0016755	1
0016757	67
0016758	4
0016772	2
0016773	1
0016779	16
0016780	3
0016782	2
0016783	5
0016787	55
0016788	3
0016790	2
0016791	7
0016799	2
0016805	1
0016810	4
0016812	2
0016817	2
0016818	4
0016829	4
0016830	1
0016831	4
0016832	1
0016835	1
0016836	1
0016846	2
0016851	3
0016853	4
0016855	1
0016866	2
0016868	1
0016874	5
0016879	1
0016884	1
0016887	94
0016891	1
0016893	1
0016896	1
0016901	1
0016903	1
0016984	1
0016987	6
0016992	2
0017004	4
0017009	2
0017057	1
0017148	5
0017150	2
0017168	1
0018104	3
0018339	1
0018364	1
0018738	1
0018835	1
0019104	2
0019156	1
0019171	1
0019172	1
0019200	2
0019239	1
0019243	1
0019262	1
0019264	1
0019277	1
0019288	4
0019305	5
0019310	1
0019354	2
0019379	1
0019427	1
0019430	1
0019464	3
0019509	3
0019634	3
0019646	1
0019673	2
0019684	10
0019685	2
0019746	1
0019752	3
0019825	1
0019829	4
0019843	2
0019867	2
0020037	14
0022625	5
0022627	3
0022857	29
0022900	2
0030001	5
0030089	12
0030091	3
0030095	1
0030096	2
0030115	2
0030145	2
0030151	3
0030170	13
0030234	2
0030261	3
0030272	1
0030288	5
0030366	1
0030416	1
0030420	2
0030488	2
0030551	1
0030552	6
0030554	2
0030604	1
0030638	1
0030639	2
0030643	1
0030655	2
0030789	1
0030955	2
0030956	2
0030964	1
0030973	1
0030976	7
0030983	2
0031004	3
0031071	3
0031167	2
0031176	1
0031240	5
0031317	3
0031404	1
0031419	3
0031469	2
0031522	2
0032196	46
0032259	16
0032775	3
0032778	1
0032784	1
0032955	1
0032993	2
0033014	4
0033212	5
0033386	1
0033573	1
0033739	1
0033743	1
0033744	1
0033818	1
0033819	1
0033856	1
0033862	1
0033942	1
0034081	2
0034200	1
0034204	1
0034220	6
0034702	1
0034755	1
0035435	2
0035632	3
0035870	1
0036211	11
0036222	1
0036374	1
0038023	1
0042026	4
0042132	2
0042158	1
0042242	1
0042254	4
0042286	1
0042301	1
0042351	1
0042372	2
0042450	2
0042545	1
0042546	1
0042578	7
0042586	2
0042597	1
0042626	74
0042651	3
0042732	1
0042752	1
0042773	2
0042780	1
0042802	10
0042803	1
0042834	1
0042853	1
0042908	4
0043022	3
0043093	3
0043107	2
0043137	1
0043138	1
0043169	1
0043170	1
0043190	17
0043295	1
0043447	2
0043448	1
0043462	1
0043546	3
0043571	5
0043683	3
0043687	2
0043714	1
0043743	1
0043751	1
0043752	1
0043772	1
0043811	1
0043856	4
0043952	5
0043953	1
0044183	3
0044205	1
0044341	1
0044423	1
0045156	5
0045158	2
0045182	1
0045239	1
0045240	1
0045254	1
0045259	7
0045454	3
0045493	1
0045550	1
0045892	2
0045910	1
0045927	3
0045936	1
0046026	1
0046118	1
0046177	1
0046294	1
0046316	1
0046348	1
0046406	1
0046408	1
0046429	1
0046523	1
0046608	1
0046654	3
0046677	1
0046685	3
0046857	1
0046872	169
0046905	1
0046912	1
0046914	2
0046919	1
0046930	7
0046933	6
0046983	1
0047151	1
0047343	1
0047429	1
0047465	1
0047470	1
0047480	1
0047733	1
0048034	1
0048040	1
0048472	1
0048476	1
0048501	1
0048511	2
0048529	2
0050114	1
0050136	1
0050311	1
0050427	1
0050511	1
0050515	1
0050518	1
0050567	2
0050656	2
0050660	16
0050661	8
0051007	1
0051073	1
0051082	7
0051083	1
0051116	1
0051139	1
0051156	1
0051213	3
0051235	1
0051287	17
0051301	9
0051536	26
0051537	12
0051539	21
0051540	1
0051596	1
0051604	2
0051607	2
0051903	1
0051920	4
0051921	1
0051989	1
0052381	1
0052621	4
0052624	1
0052693	1
0052699	2
0052706	1
0052873	1
0052906	1
0052913	1
0052923	1
0055052	33
0055085	58
0061077	2
0061599	1
0061710	2
0061799	1
0061929	1
0065003	3
0070006	4
0070007	5
0070064	3
0070085	1
0070204	1
0070205	1
0070401	5
0070403	12
0070404	1
0070475	1
0070726	2
0070733	1
0070905	1
0070968	1
0071111	3
0071555	9
0071586	3
0071949	11
0071951	1
0071972	3
0072344	1
0072488	1
0090529	1
0090729	3
0097163	1
0097351	4
0098003	1
0098024	1
0098869	1
0101006	1
0103117	1
0106130	1
0106141	1
0106219	1
0110001	37
0110102	1
0120225	1
0140078	1
0140098	1
0140110	2
0140299	1
0140358	1
0140359	75
0140662	4
1901137	3
1902358	2
1902600	6
1903424	1
1903425	1
1904047	49
1905887	3
1990112	1
1990229	1
1990586	1
1990610	1
2001070	1
