0000015	1
0000028	1
0000036	1
0000041	1
0000049	4
0000103	1
0000105	8
0000107	2
0000150	1
0000155	5
0000156	7
0000160	8
0000162	5
0000166	20
0000179	1
0000210	1
0000270	3
0000271	4
0000272	1
0000287	11
0000309	2
0000311	1
0000314	3
0000315	3
0000413	1
0000451	1
0000774	1
0000902	1
0000906	1
0000910	1
0000917	2
0001510	2
0001522	7
0001727	1
0001968	1
0002098	2
0002161	2
0002189	2
0002943	1
0002949	3
0003676	13
0003677	107
0003678	6
0003684	2
0003688	1
0003697	5
0003700	24
0003723	31
0003725	1
0003729	3
0003735	51
0003743	3
0003746	5
0003747	1
0003755	4
0003796	1
0003824	22
0003849	2
0003852	1
0003855	1
0003856	1
0003861	2
0003862	1
0003866	1
0003871	2
0003879	1
0003883	1
0003886	3
0003887	9
0003899	6
0003908	1
0003911	1
0003916	1
0003917	1
0003918	2
0003919	1
0003922	1
0003924	15
0003935	1
0003937	1
0003938	1
0003942	1
0003949	1
0003977	1
0003978	1
0003983	2
0003984	1
0003989	3
0003991	1
0003999	1
0004014	1
0004018	1
0004019	1
0004022	1
0004044	1
0004045	2
0004048	1
0004055	1
0004056	1
0004070	1
0004071	1
0004072	1
0004073	1
0004075	1
0004076	1
0004077	1
0004088	1
0004107	1
0004124	1
0004127	1
0004132	1
0004134	1
0004139	1
0004140	1
0004143	1
0004146	1
0004151	1
0004152	2
0004160	1
0004163	1
0004176	1
0004177	3
0004180	2
0004190	2
0004222	9
0004252	7
0004314	1
0004315	2
0004318	1
0004325	1
0004326	1
0004329	1
0004332	2
0004342	1
0004347	1
0004349	1
0004350	1
0004356	1
0004358	1
0004359	1
0004360	1
0004372	1
0004385	1
0004386	4
0004399	1
0004400	1
0004412	1
0004413	1
0004414	1
0004418	1
0004420	1
0004421	1
0004424	1
0004425	1
0004427	1
0004452	1
0004476	1
0004478	1
0004479	1
0004488	1
0004489	1
0004496	1
0004497	3
0004514	1
0004516	1
0004518	2
0004519	11
0004520	2
0004521	6
0004523	1
0004525	1
0004526	1
0004527	3
0004529	1
0004534	1
0004536	2
0004540	1
0004553	8
0004556	1
0004574	1
0004585	1
0004588	1
0004590	1
0004594	1
0004595	1
0004601	1
0004605	1
0004612	1
0004617	1
0004618	1
0004619	2
0004631	1
0004634	1
0004635	1
0004636	1
0004637	1
0004638	1
0004639	1
0004640	1
0004641	1
0004642	1
0004643	1
0004644	1
0004654	1
0004655	1
0004659	1
0004672	1
0004673	5
0004674	1
0004725	1
0004731	1
0004735	1
0004743	1
0004748	2
0004749	2
0004750	1
0004751	1
0004765	1
0004781	2
0004784	1
0004788	1
0004791	1
0004794	1
0004795	1
0004797	1
0004798	1
0004799	1
0004803	6
0004807	1
0004812	3
0004813	1
0004814	1
0004816	1
0004817	1
0004818	1
0004820	2
0004821	1
0004822	1
0004823	1
0004824	1
0004825	1
0004826	2
0004827	1
0004828	1
0004829	1
0004830	1
0004831	1
0004832	1
0004834	2
0004844	1
0004849	1
0004851	1
0005047	1
0005048	1
0005198	6
0005215	1
0005216	1
0005247	1
0005267	2
0005283	1
0005298	1
0005381	1
0005436	1
0005488	1
0005506	2
0005515	24
0005524	155
0005525	20
0005618	1
0005694	1
0005737	44
0005829	4
0005840	29
0005854	1
0005886	32
0005971	1
0005975	16
0005978	2
0005980	1
0005991	1
0006002	1
0006006	1
0006011	2
0006012	1
0006015	2
0006044	2
0006048	1
0006066	1
0006072	1
0006082	1
0006086	1
0006094	1
0006096	10
0006098	1
0006099	1
0006139	2
0006163	1
0006164	5
0006166	1
0006177	1
0006189	5
0006206	1
0006207	4
0006220	1
0006221	5
0006231	1
0006233	1
0006241	1
0006259	2
0006260	20
0006261	1
0006265	3
0006269	1
0006270	4
0006275	1
0006281	17
0006282	1
0006284	1
0006289	3
0006298	3
0006302	2
0006304	4
0006308	3
0006310	26
0006351	5
0006352	2
0006353	3
0006355	35
0006364	8
0006396	4
0006400	8
0006402	3
0006412	57
0006413	3
0006414	6
0006415	3
0006418	2
0006419	1
0006420	1
0006421	1
0006423	1
0006424	3
0006426	2
0006427	1
0006428	1
0006429	1
0006430	1
0006431	1
0006432	2
0006433	1
0006434	1
0006435	1
0006436	1
0006437	1
0006438	1
0006450	1
0006457	8
0006465	3
0006468	1
0006470	1
0006486	8
0006508	31
0006520	2
0006522	2
0006526	3
0006529	1
0006534	1
0006535	2
0006537	1
0006541	1
0006556	1
0006561	3
0006564	1
0006567	1
0006592	2
0006605	2
0006614	1
0006629	1
0006633	9
0006654	2
0006730	3
0006741	1
0006772	1
0006779	1
0006790	4
0006801	1
0006810	2
0006812	3
0006814	2
0006821	1
0006824	1
0006825	1
0006826	3
0006855	3
0006865	6
0006886	4
0006950	1
0006979	3
0007059	3
0007165	6
0008033	10
0008080	5
0008094	1
0008113	1
0008135	1
0008152	6
0008168	14
0008170	1
0008171	1
0008173	3
0008176	1
0008186	1
0008199	1
0008219	3
0008233	7
0008234	4
0008236	10
0008237	4
0008253	2
0008270	18
0008295	2
0008299	2
0008324	2
0008360	7
0008374	1
0008379	2
0008381	2
0008408	2
0008409	3
0008444	1
0008446	1
0008448	1
0008460	1
0008479	1
0008483	2
0008610	2
0008616	1
0008641	1
0008643	7
0008649	3
0008652	3
0008654	3
0008658	2
0008661	1
0008662	1
0008676	1
0008686	1
0008690	1
0008703	1
0008705	1
0008706	1
0008720	1
0008728	1
0008734	1
0008745	3
0008752	1
0008753	3
0008754	2
0008755	2
0008757	8
0008760	1
0008762	1
0008763	1
0008764	1
0008770	1
0008780	1
0008782	1
0008783	1
0008784	2
0008788	1
0008795	1
0008808	1
0008817	1
0008818	1
0008821	1
0008830	1
0008831	1
0008835	1
0008836	1
0008837	1
0008839	1
0008840	1
0008841	1
0008855	2
0008861	1
0008878	1
0008879	1
0008881	1
0008883	1
0008893	1
0008897	1
0008915	1
0008930	1
0008932	1
0008939	1
0008955	2
0008959	1
0008961	1
0008963	1
0008964	1
0008965	1
0008966	1
0008968	1
0008973	1
0008982	6
0008987	1
0008998	1
0009001	1
0009007	1
0009009	6
0009022	1
0009024	1
0009025	1
0009029	1
0009035	1
0009052	1
0009055	6
0009058	9
0009073	4
0009082	3
0009085	1
0009086	8
0009088	2
0009089	6
0009098	4
0009102	1
0009103	2
0009113	2
0009116	2
0009117	1
0009132	2
0009143	1
0009152	2
0009156	2
0009164	1
0009165	2
0009166	2
0009220	1
0009228	1
0009236	15
0009243	1
0009244	2
0009245	4
0009249	1
0009252	16
0009253	1
0009254	1
0009263	2
0009264	1
0009279	10
0009294	1
0009306	9
0009307	3
0009311	1
0009316	2
0009317	4
0009318	2
0009320	1
0009331	1
0009347	1
0009349	1
0009360	3
0009368	1
0009372	1
0009378	2
0009379	1
0009380	2
0009381	1
0009401	17
0009403	1
0009408	2
0009423	3
0009432	1
0009435	5
0009451	5
0009897	1
0009972	1
0009982	7
0010181	10
0015031	3
0015035	4
0015074	2
0015078	1
0015079	2
0015087	1
0015093	1
0015095	3
0015109	3
0015129	1
0015144	1
0015155	1
0015205	1
0015221	1
0015252	2
0015267	1
0015288	8
0015291	1
0015293	3
0015295	1
0015297	7
0015413	1
0015416	1
0015419	3
0015424	6
0015450	4
0015501	1
0015562	4
0015627	2
0015628	4
0015648	1
0015662	2
0015675	1
0015693	3
0015703	3
0015716	1
0015727	1
0015803	2
0015813	1
0015824	1
0015851	1
0015920	1
0015930	1
0015934	8
0015935	6
0015936	1
0015937	2
0015949	2
0015970	1
0015976	1
0015977	1
0015986	7
0016002	3
0016020	107
0016024	1
0016032	4
0016042	1
0016075	1
0016114	1
0016126	2
0016149	2
0016151	1
0016226	6
0016301	11
0016310	12
0016311	2
0016407	1
0016410	1
0016413	2
0016430	1
0016433	1
0016434	1
0016462	1
0016491	22
0016600	1
0016616	4
0016620	4
0016627	1
0016639	1
0016646	1
0016655	1
0016661	1
0016684	2
0016703	2
0016722	1
0016740	15
0016746	6
0016747	6
0016757	22
0016773	4
0016774	1
0016776	1
0016779	3
0016780	1
0016782	1
0016783	3
0016787	38
0016788	3
0016790	1
0016791	1
0016798	1
0016810	2
0016811	2
0016817	2
0016831	2
0016835	1
0016836	1
0016846	1
0016853	5
0016868	1
0016874	4
0016879	1
0016884	2
0016887	58
0016903	1
0016920	1
0016987	2
0016998	1
0017000	1
0017004	1
0017013	1
0017038	1
0017148	3
0017150	2
0018117	1
0018364	1
0019068	2
0019134	1
0019197	1
0019205	1
0019239	1
0019264	1
0019277	1
0019287	3
0019305	4
0019346	1
0019350	1
0019354	2
0019430	1
0019509	1
0019512	3
0019673	1
0019674	1
0019752	1
0019829	3
0019835	1
0019843	3
0020037	2
0022625	5
0022627	3
0022841	1
0022857	13
0022900	1
0030001	5
0030091	2
0030170	12
0030246	1
0030261	2
0030272	1
0030288	1
0030420	2
0030435	1
0030436	1
0030488	2
0030552	1
0030554	1
0030788	1
0030789	1
0030956	2
0030976	2
0030983	3
0031071	1
0031167	2
0031402	1
0031419	1
0031522	2
0032049	1
0032196	7
0032259	7
0032267	1
0032784	1
0033014	3
0033212	1
0033232	2
0033573	1
0033743	1
0033744	1
0033818	1
0033840	1
0033862	1
0033920	1
0034200	1
0034204	1
0034219	3
0034220	3
0034755	1
0034979	1
0035673	2
0036211	4
0042026	2
0042242	1
0042254	5
0042274	1
0042286	1
0042450	2
0042578	5
0042586	1
0042625	1
0042626	68
0042802	2
0042803	3
0042823	2
0042834	8
0042908	1
0042910	5
0043022	5
0043039	1
0043093	3
0043094	1
0043115	1
0043190	15
0043365	2
0043464	1
0043571	6
0043752	1
0043768	1
0043822	1
0043883	1
0043937	1
0043952	4
0044205	1
0044341	1
0044423	3
0045148	1
0045182	1
0045227	1
0045259	7
0045312	1
0045910	1
0045927	2
0046025	2
0046026	1
0046118	1
0046140	2
0046167	1
0046348	1
0046417	1
0046654	1
0046797	1
0046798	1
0046872	61
0046873	1
0046914	2
0046933	6
0046983	3
0047200	1
0047355	1
0047429	1
0047480	1
0047661	1
0047804	2
0047952	1
0048472	1
0048473	2
0048500	1
0048501	1
0050136	3
0050262	2
0050311	1
0050318	1
0050380	1
0050511	1
0050567	2
0050660	3
0050661	4
0051027	1
0051073	1
0051082	2
0051083	1
0051087	1
0051205	1
0051287	8
0051301	8
0051536	6
0051539	12
0051540	1
0051607	1
0051920	1
0051989	1
0052381	1
0052693	1
0052873	1
0052906	1
0052913	1
0055052	19
0055085	37
0061503	1
0061710	1
0070006	2
0070007	3
0070401	3
0070403	4
0070404	1
0070475	1
0070573	1
0070726	1
0070733	1
0070905	1
0071555	6
0071586	3
0071709	1
0071805	2
0071949	3
0071951	1
0072344	1
0072570	1
0090529	1
0097351	2
0097367	1
0098025	1
0098045	1
0102039	1
0103117	1
0110001	7
0140078	1
0140098	2
0140110	1
0140327	1
0140358	2
0140359	67
0140658	1
0140662	2
0140663	1
0140741	1
0141098	1
1901137	1
1902358	1
1902495	6
1904047	16
1905887	1
1990112	1
1990397	1
1990610	1
