0000015	2
0000030	2
0000034	1
0000035	3
0000036	4
0000049	3
0000098	1
0000103	2
0000105	9
0000107	2
0000118	1
0000150	1
0000155	18
0000156	32
0000160	53
0000162	6
0000166	36
0000179	1
0000271	9
0000286	1
0000287	27
0000311	1
0000314	3
0000315	3
0000373	6
0000451	1
0000902	1
0000906	1
0000910	1
0000917	3
0000918	1
0000976	3
0001216	1
0001510	2
0001522	6
0001530	1
0001558	1
0001727	1
0001887	1
0001968	1
0002098	2
0002100	1
0002943	1
0002949	3
0003676	83
0003677	193
0003678	8
0003684	2
0003688	1
0003697	4
0003700	32
0003723	37
0003725	3
0003729	19
0003735	53
0003743	4
0003746	5
0003747	1
0003755	6
0003824	41
0003842	1
0003844	2
0003848	1
0003849	1
0003852	1
0003855	1
0003856	1
0003861	2
0003862	1
0003864	1
0003866	1
0003868	1
0003871	1
0003872	1
0003879	1
0003883	1
0003886	6
0003887	6
0003899	6
0003911	1
0003916	1
0003917	2
0003918	3
0003919	1
0003922	1
0003924	26
0003934	3
0003935	1
0003937	1
0003938	1
0003942	1
0003949	1
0003952	1
0003954	7
0003964	6
0003973	1
0003978	2
0003984	1
0003987	1
0003989	3
0003991	1
0003994	1
0003998	1
0003999	1
0004013	1
0004016	1
0004018	1
0004019	1
0004020	1
0004022	1
0004030	1
0004042	1
0004044	1
0004045	2
0004047	1
0004048	1
0004049	2
0004055	1
0004056	1
0004065	3
0004066	1
0004068	1
0004070	1
0004073	1
0004075	1
0004076	1
0004077	1
0004084	1
0004088	1
0004089	2
0004106	1
0004107	1
0004109	2
0004113	1
0004124	1
0004129	9
0004132	1
0004133	1
0004134	1
0004139	1
0004140	1
0004141	1
0004148	1
0004150	1
0004156	1
0004160	1
0004170	1
0004175	1
0004176	3
0004177	1
0004180	2
0004181	3
0004185	2
0004190	4
0004197	8
0004222	11
0004252	18
0004311	1
0004314	2
0004315	2
0004316	1
0004322	2
0004324	1
0004325	2
0004326	1
0004332	2
0004333	1
0004340	1
0004345	1
0004349	1
0004350	2
0004356	1
0004357	1
0004358	1
0004359	3
0004360	1
0004362	1
0004363	1
0004364	2
0004368	1
0004370	1
0004372	1
0004375	1
0004385	1
0004386	6
0004399	2
0004400	1
0004407	1
0004410	1
0004412	1
0004413	1
0004416	1
0004418	1
0004425	1
0004452	1
0004459	1
0004462	1
0004475	1
0004478	1
0004479	1
0004488	1
0004489	1
0004497	2
0004514	2
0004518	7
0004519	81
0004520	1
0004521	16
0004523	3
0004525	1
0004526	1
0004527	4
0004534	1
0004536	6
0004540	16
0004550	1
0004553	7
0004556	1
0004574	1
0004585	1
0004588	1
0004590	1
0004595	1
0004601	2
0004604	1
0004605	1
0004612	1
0004616	1
0004617	1
0004618	1
0004619	1
0004632	1
0004633	1
0004634	2
0004635	2
0004636	1
0004637	1
0004638	2
0004639	1
0004640	1
0004641	1
0004642	2
0004643	1
0004644	1
0004654	1
0004655	3
0004659	1
0004664	1
0004668	1
0004672	15
0004673	16
0004674	7
0004722	4
0004725	1
0004733	1
0004735	1
0004739	1
0004743	4
0004746	1
0004747	1
0004748	3
0004750	1
0004751	1
0004756	1
0004765	1
0004775	1
0004776	1
0004781	1
0004784	1
0004795	2
0004798	1
0004801	1
0004802	1
0004803	66
0004807	1
0004812	2
0004813	1
0004814	1
0004816	1
0004817	2
0004818	1
0004820	2
0004821	1
0004822	1
0004823	1
0004824	1
0004825	1
0004826	2
0004827	1
0004828	1
0004829	3
0004830	1
0004831	1
0004832	1
0004834	2
0004845	1
0004851	2
0004853	1
0005047	1
0005048	1
0005198	1
0005215	3
0005247	3
0005254	1
0005283	1
0005337	1
0005381	1
0005388	1
0005488	4
0005506	8
0005507	5
0005509	7
0005515	67
0005524	250
0005525	45
0005536	1
0005694	1
0005737	59
0005739	1
0005743	2
0005829	2
0005840	30
0005854	1
0005886	62
0005960	1
0005971	2
0005975	27
0005978	4
0005980	2
0005986	1
0006002	1
0006006	2
0006012	3
0006014	1
0006020	1
0006044	1
0006051	1
0006071	1
0006072	2
0006085	2
0006086	2
0006090	1
0006094	2
0006096	13
0006098	6
0006099	3
0006106	1
0006116	7
0006139	1
0006144	1
0006146	1
0006163	1
0006164	3
0006171	1
0006177	1
0006189	8
0006207	3
0006220	1
0006221	2
0006226	1
0006233	1
0006241	1
0006259	1
0006260	19
0006261	1
0006265	5
0006269	1
0006270	1
0006275	1
0006276	1
0006281	22
0006284	1
0006289	3
0006298	1
0006302	1
0006304	7
0006308	2
0006310	44
0006313	18
0006351	4
0006352	8
0006353	2
0006355	65
0006364	6
0006396	9
0006397	6
0006400	6
0006401	2
0006402	6
0006412	57
0006413	4
0006414	5
0006415	4
0006418	1
0006419	1
0006420	1
0006421	1
0006423	2
0006424	3
0006426	2
0006427	1
0006428	1
0006429	1
0006430	1
0006431	1
0006432	2
0006433	1
0006434	1
0006435	3
0006436	1
0006437	1
0006438	1
0006450	1
0006457	13
0006465	5
0006468	16
0006470	5
0006486	34
0006493	2
0006508	50
0006520	4
0006522	1
0006523	1
0006526	3
0006529	1
0006534	2
0006535	3
0006537	2
0006541	4
0006542	1
0006543	1
0006555	1
0006556	1
0006559	1
0006561	4
0006562	1
0006564	1
0006568	1
0006572	1
0006592	3
0006605	1
0006614	2
0006629	8
0006631	6
0006633	19
0006636	4
0006644	3
0006654	1
0006720	5
0006729	2
0006730	3
0006744	1
0006749	5
0006750	4
0006751	2
0006760	1
0006777	6
0006779	5
0006783	2
0006790	2
0006797	1
0006799	2
0006801	1
0006808	4
0006810	9
0006811	7
0006812	15
0006813	5
0006814	1
0006816	2
0006817	13
0006821	3
0006824	2
0006826	4
0006865	3
0006886	2
0006935	8
0006950	4
0006970	2
0006979	5
0007059	2
0007154	2
0007155	2
0007165	33
0007623	1
0008033	8
0008080	15
0008081	4
0008094	1
0008108	1
0008113	2
0008124	2
0008126	1
0008134	1
0008135	1
0008146	10
0008152	5
0008168	37
0008170	6
0008171	1
0008172	1
0008173	4
0008176	1
0008194	2
0008199	3
0008219	7
0008233	8
0008234	1
0008236	8
0008237	17
0008251	1
0008252	1
0008253	1
0008270	39
0008299	3
0008311	1
0008324	7
0008360	8
0008374	4
0008379	4
0008381	19
0008408	2
0008409	2
0008417	1
0008441	2
0008444	1
0008446	2
0008448	1
0008452	2
0008460	1
0008479	1
0008483	6
0008484	1
0008490	1
0008495	1
0008519	1
0008553	1
0008556	4
0008610	4
0008615	3
0008616	4
0008643	9
0008649	2
0008652	3
0008654	8
0008657	1
0008658	3
0008661	1
0008664	1
0008684	1
0008685	1
0008686	1
0008703	1
0008705	1
0008710	1
0008716	2
0008720	2
0008728	1
0008734	1
0008745	1
0008750	1
0008752	1
0008753	2
0008754	1
0008755	1
0008757	17
0008760	1
0008761	1
0008762	1
0008763	1
0008764	1
0008770	1
0008776	2
0008780	1
0008784	1
0008794	1
0008800	1
0008817	1
0008818	1
0008821	3
0008830	1
0008831	1
0008835	1
0008836	1
0008837	1
0008839	1
0008840	1
0008841	1
0008855	2
0008863	1
0008864	1
0008878	2
0008879	1
0008881	1
0008883	1
0008893	1
0008897	1
0008901	1
0008902	1
0008909	1
0008914	1
0008915	2
0008932	2
0008934	1
0008935	1
0008955	4
0008959	1
0008961	1
0008962	1
0008963	1
0008964	1
0008966	1
0008968	1
0008972	1
0008976	2
0008984	1
0008986	1
0008987	1
0008999	1
0009001	2
0009002	2
0009007	3
0009009	8
0009022	1
0009030	1
0009036	2
0009052	1
0009055	29
0009058	10
0009059	1
0009060	5
0009073	5
0009081	1
0009082	3
0009085	1
0009086	2
0009088	3
0009089	4
0009094	1
0009097	1
0009098	4
0009102	4
0009103	1
0009107	3
0009113	2
0009116	4
0009117	1
0009132	2
0009146	1
0009152	2
0009165	1
0009166	1
0009220	1
0009225	1
0009226	1
0009228	5
0009234	3
0009236	11
0009240	1
0009243	1
0009244	1
0009245	6
0009249	3
0009252	17
0009253	1
0009254	1
0009263	2
0009264	1
0009265	2
0009268	1
0009279	1
0009294	1
0009297	1
0009298	1
0009306	11
0009307	5
0009311	1
0009316	2
0009317	4
0009318	2
0009320	1
0009330	2
0009331	1
0009339	1
0009349	1
0009358	2
0009360	3
0009361	1
0009368	3
0009378	2
0009379	1
0009380	2
0009381	1
0009396	2
0009399	9
0009408	5
0009423	3
0009432	5
0009435	5
0009451	5
0009496	2
0009512	2
0009522	4
0009523	14
0009538	12
0009539	7
0009579	1
0009651	1
0009654	1
0009691	3
0009765	1
0009767	4
0009772	2
0009773	1
0009898	6
0009966	2
0009972	1
0009975	4
0009982	6
0010007	3
0010038	1
0010181	11
0010206	1
0010207	2
0010236	1
0010242	1
0015016	1
0015031	11
0015035	7
0015036	2
0015074	16
0015078	11
0015079	1
0015087	1
0015093	11
0015095	3
0015103	4
0015109	1
0015112	3
0015136	1
0015159	1
0015221	2
0015252	3
0015288	5
0015293	6
0015297	11
0015343	1
0015369	1
0015412	2
0015415	10
0015416	2
0015419	3
0015424	1
0015446	1
0015450	4
0015501	1
0015562	13
0015627	1
0015628	3
0015645	1
0015648	1
0015662	9
0015689	3
0015693	3
0015700	1
0015703	1
0015706	3
0015716	2
0015739	1
0015740	1
0015774	1
0015803	2
0015813	1
0015833	1
0015891	1
0015920	3
0015930	1
0015934	7
0015935	6
0015937	3
0015940	1
0015941	1
0015942	1
0015949	1
0015970	1
0015977	2
0015979	33
0015986	11
0015990	3
0015995	12
0016020	263
0016024	1
0016037	2
0016042	3
0016051	1
0016075	5
0016114	1
0016116	3
0016117	8
0016149	2
0016151	2
0016158	1
0016163	3
0016166	1
0016168	5
0016208	1
0016226	12
0016301	7
0016310	6
0016311	4
0016407	3
0016410	2
0016433	1
0016434	1
0016462	1
0016491	69
0016530	2
0016597	1
0016600	1
0016610	1
0016612	2
0016614	3
0016616	3
0016620	3
0016627	2
0016630	1
0016639	1
0016646	1
0016647	1
0016651	1
0016655	1
0016661	2
0016667	1
0016670	1
0016682	1
0016702	7
0016705	1
0016709	1
0016717	5
0016719	1
0016722	3
0016730	2
0016740	13
0016743	2
0016746	20
0016755	1
0016757	72
0016758	4
0016765	4
0016772	2
0016779	13
0016780	4
0016782	2
0016783	3
0016787	70
0016788	6
0016790	2
0016791	5
0016799	4
0016805	1
0016810	3
0016817	2
0016818	4
0016829	4
0016831	3
0016832	2
0016835	1
0016836	1
0016840	1
0016846	2
0016849	2
0016851	3
0016853	3
0016855	1
0016866	2
0016868	1
0016874	10
0016879	1
0016884	1
0016887	97
0016891	1
0016896	2
0016901	1
0016903	1
0016987	8
0016992	2
0017000	1
0017004	4
0017009	1
0017057	1
0017148	7
0017150	2
0017168	1
0018104	3
0018339	1
0018364	1
0019104	2
0019171	1
0019172	1
0019200	1
0019239	1
0019243	1
0019262	1
0019264	1
0019277	1
0019288	4
0019305	4
0019354	2
0019379	1
0019427	1
0019464	3
0019509	1
0019646	3
0019673	2
0019684	10
0019685	2
0019746	1
0019752	2
0019829	10
0019843	2
0019867	3
0020037	17
0022625	5
0022627	3
0022857	43
0022900	2
0030001	9
0030089	11
0030091	4
0030095	1
0030096	2
0030115	2
0030145	2
0030151	3
0030170	13
0030234	3
0030261	4
0030272	1
0030288	5
0030366	1
0030420	2
0030488	3
0030541	2
0030551	3
0030552	11
0030554	3
0030604	1
0030638	1
0030643	1
0030655	1
0030789	1
0030955	4
0030956	2
0030964	1
0030973	1
0030976	8
0030983	2
0031004	3
0031071	3
0031167	2
0031240	10
0031317	3
0031404	2
0031419	2
0031522	2
0031992	1
0032196	17
0032259	16
0032508	1
0032775	3
0032778	1
0032784	1
0032955	2
0032993	2
0033014	5
0033212	9
0033386	1
0033573	1
0033739	1
0033743	1
0033744	2
0033818	1
0033819	1
0033828	1
0033856	1
0033862	1
0033890	1
0034200	1
0034204	1
0034220	5
0034755	1
0035435	1
0035438	1
0035632	2
0035870	1
0036211	11
0036222	1
0036374	2
0038023	1
0042026	4
0042132	2
0042158	1
0042242	1
0042254	4
0042286	1
0042301	1
0042351	1
0042372	2
0042450	2
0042545	1
0042578	11
0042586	2
0042625	1
0042626	75
0042651	3
0042732	1
0042752	1
0042773	3
0042780	2
0042802	17
0042803	2
0042834	2
0042853	1
0042908	6
0043022	3
0043093	3
0043107	3
0043137	1
0043138	1
0043168	1
0043169	1
0043170	1
0043190	16
0043225	1
0043447	2
0043448	1
0043462	1
0043531	2
0043546	3
0043565	3
0043571	8
0043683	5
0043687	1
0043714	1
0043743	1
0043751	1
0043752	1
0043772	1
0043811	1
0043828	1
0043856	4
0043952	5
0043953	1
0044183	2
0044205	1
0044423	1
0045156	5
0045158	3
0045182	1
0045239	1
0045240	1
0045254	1
0045259	11
0045454	3
0045550	1
0045892	4
0045910	1
0045927	5
0045936	1
0046026	1
0046081	1
0046118	1
0046177	1
0046316	1
0046348	1
0046406	1
0046408	1
0046429	1
0046523	1
0046608	1
0046654	3
0046677	1
0046685	3
0046857	1
0046872	189
0046873	1
0046905	1
0046912	2
0046914	4
0046919	1
0046930	13
0046933	9
0046983	1
0047151	1
0047429	1
0047465	1
0047480	1
0048034	1
0048040	1
0048472	1
0048476	3
0048501	1
0048511	3
0048529	2
0050135	1
0050136	1
0050307	1
0050311	1
0050427	1
0050511	1
0050515	1
0050518	1
0050530	1
0050567	2
0050656	4
0050660	15
0050661	7
0051007	1
0051073	1
0051082	6
0051083	1
0051116	1
0051119	1
0051139	2
0051156	1
0051235	1
0051287	12
0051290	1
0051301	8
0051302	1
0051473	1
0051536	29
0051537	9
0051539	21
0051540	1
0051596	1
0051604	2
0051607	1
0051903	1
0051920	3
0051921	1
0051989	1
0052381	1
0052621	11
0052624	1
0052693	1
0052699	1
0052706	1
0052873	1
0052906	1
0052913	1
0052923	1
0055052	31
0055085	86
0061077	1
0061599	1
0061710	3
0061799	1
0065003	3
0070006	4
0070007	2
0070064	2
0070069	1
0070085	1
0070204	1
0070401	6
0070403	11
0070404	1
0070475	1
0070726	2
0070733	2
0070905	1
0070968	1
0071111	6
0071555	10
0071586	1
0071949	7
0071951	1
0071972	3
0072344	1
0072488	1
0072592	1
0090529	1
0090729	3
0097163	1
0097351	6
0098003	1
0098024	1
0098662	1
0098869	1
0101006	1
0103117	1
0106130	1
0110001	34
0110102	1
0120029	1
0140078	1
0140098	1
0140110	2
0140358	1
0140359	75
0140658	1
0140662	4
0140663	1
0140737	1
0140905	1
0141098	1
0141100	1
1901137	2
1901642	1
1902358	2
1902600	11
1903424	1
1903425	1
1903457	1
1904047	51
1905887	6
1990112	1
1990204	1
1990229	1
1990586	1
1990610	1
