0000015	1
0000034	1
0000041	1
0000049	2
0000062	1
0000103	2
0000104	2
0000105	10
0000107	2
0000155	8
0000156	18
0000160	46
0000162	6
0000166	26
0000175	2
0000179	1
0000270	1
0000271	7
0000286	1
0000287	21
0000302	1
0000311	1
0000314	3
0000315	3
0000451	1
0000703	1
0000774	1
0000902	2
0000906	1
0000910	3
0000917	1
0000918	2
0001072	5
0001216	7
0001510	3
0001522	11
0001530	1
0001539	5
0001887	2
0002098	2
0002100	1
0002143	2
0002161	3
0002943	1
0002949	3
0002953	1
0003676	21
0003677	121
0003678	7
0003684	4
0003688	1
0003690	1
0003697	4
0003700	72
0003723	42
0003724	2
0003725	2
0003729	1
0003735	54
0003743	4
0003746	5
0003747	3
0003755	6
0003774	5
0003824	43
0003842	1
0003848	2
0003852	2
0003855	1
0003856	1
0003861	2
0003862	1
0003864	1
0003871	1
0003879	1
0003882	1
0003883	1
0003887	9
0003896	1
0003899	8
0003906	1
0003911	1
0003913	1
0003916	2
0003917	1
0003918	4
0003919	1
0003922	1
0003924	17
0003934	1
0003935	2
0003937	1
0003938	1
0003941	1
0003942	1
0003949	1
0003951	1
0003952	1
0003955	1
0003957	1
0003960	1
0003977	1
0003978	1
0003983	1
0003984	2
0003986	2
0003987	1
0003988	1
0003989	3
0003991	1
0003994	2
0003995	2
0003998	1
0003999	1
0004013	1
0004014	1
0004015	1
0004016	1
0004017	1
0004018	1
0004019	1
0004022	3
0004040	1
0004042	1
0004044	1
0004045	2
0004048	1
0004049	2
0004055	1
0004056	1
0004057	1
0004070	1
0004072	1
0004073	1
0004075	1
0004076	1
0004077	1
0004084	1
0004088	1
0004089	1
0004096	1
0004107	1
0004108	1
0004109	3
0004124	2
0004127	1
0004129	7
0004140	1
0004141	1
0004144	1
0004146	1
0004148	1
0004149	1
0004150	2
0004151	2
0004152	1
0004156	1
0004160	2
0004170	1
0004174	1
0004175	1
0004176	6
0004177	3
0004181	1
0004190	3
0004197	1
0004222	9
0004252	8
0004298	1
0004309	1
0004314	1
0004315	5
0004316	1
0004322	1
0004324	1
0004325	1
0004326	1
0004332	2
0004340	1
0004345	1
0004347	2
0004349	1
0004350	1
0004356	1
0004357	1
0004358	1
0004360	2
0004362	1
0004363	1
0004364	1
0004366	1
0004368	1
0004370	2
0004372	1
0004385	1
0004386	8
0004399	1
0004400	2
0004412	1
0004416	1
0004418	1
0004424	1
0004425	1
0004427	1
0004450	1
0004451	1
0004456	1
0004457	1
0004462	1
0004474	1
0004478	1
0004479	1
0004488	1
0004489	1
0004497	5
0004514	1
0004518	3
0004519	2
0004523	2
0004525	1
0004526	1
0004527	1
0004540	3
0004550	1
0004585	1
0004588	1
0004590	1
0004591	1
0004592	1
0004594	1
0004595	1
0004601	2
0004602	2
0004604	1
0004609	1
0004611	1
0004618	1
0004619	1
0004620	1
0004632	1
0004633	1
0004634	1
0004635	1
0004636	1
0004637	1
0004638	2
0004639	1
0004640	1
0004641	1
0004642	1
0004643	1
0004644	2
0004648	1
0004654	1
0004655	1
0004657	1
0004659	1
0004664	1
0004672	4
0004673	8
0004674	3
0004719	2
0004722	3
0004725	1
0004733	1
0004735	1
0004738	1
0004742	1
0004743	1
0004748	3
0004749	1
0004750	1
0004751	1
0004756	1
0004764	1
0004765	1
0004781	1
0004784	1
0004789	1
0004791	1
0004794	1
0004795	1
0004798	1
0004799	1
0004801	1
0004802	1
0004803	3
0004807	1
0004808	1
0004812	4
0004813	1
0004814	1
0004817	1
0004818	1
0004819	1
0004820	2
0004821	1
0004822	1
0004823	1
0004824	2
0004825	1
0004826	2
0004827	1
0004828	1
0004829	1
0004830	1
0004831	1
0004832	1
0004834	2
0004844	1
0004845	1
0004851	1
0004852	1
0004853	1
0004857	1
0005047	1
0005048	1
0005198	7
0005215	13
0005216	1
0005247	1
0005267	2
0005283	1
0005298	2
0005319	1
0005375	2
0005436	2
0005506	2
0005507	3
0005515	29
0005524	216
0005525	24
0005536	1
0005615	1
0005694	3
0005737	52
0005777	2
0005829	12
0005840	30
0005854	1
0005886	61
0005960	1
0005975	14
0006006	5
0006007	1
0006011	1
0006012	1
0006015	1
0006040	1
0006048	1
0006072	4
0006081	1
0006085	1
0006086	1
0006089	2
0006090	1
0006094	4
0006096	10
0006097	1
0006098	4
0006099	12
0006109	1
0006139	3
0006146	1
0006163	1
0006164	3
0006168	1
0006171	1
0006177	1
0006188	1
0006189	5
0006207	2
0006221	2
0006222	1
0006226	1
0006229	1
0006231	2
0006233	1
0006241	1
0006259	1
0006260	16
0006261	2
0006265	6
0006268	1
0006269	1
0006270	1
0006275	1
0006281	30
0006284	4
0006289	3
0006298	2
0006308	2
0006310	22
0006351	9
0006352	10
0006353	3
0006355	100
0006364	13
0006396	7
0006400	11
0006402	2
0006412	58
0006413	4
0006414	5
0006415	5
0006418	2
0006419	1
0006420	1
0006423	1
0006424	3
0006425	1
0006426	2
0006427	1
0006428	1
0006429	1
0006430	2
0006431	1
0006432	2
0006433	1
0006434	1
0006435	1
0006436	1
0006437	1
0006438	1
0006450	1
0006457	12
0006465	1
0006468	6
0006470	5
0006482	1
0006508	27
0006520	5
0006522	1
0006526	5
0006527	7
0006535	3
0006537	1
0006541	2
0006542	1
0006556	1
0006561	3
0006564	2
0006568	1
0006574	1
0006592	2
0006605	3
0006614	1
0006629	13
0006631	6
0006633	14
0006654	1
0006662	2
0006729	1
0006730	2
0006741	1
0006744	5
0006749	11
0006750	3
0006751	1
0006760	2
0006772	1
0006777	9
0006779	6
0006783	1
0006790	1
0006796	2
0006798	1
0006799	1
0006801	1
0006808	3
0006810	10
0006812	7
0006813	1
0006814	11
0006817	7
0006825	2
0006826	1
0006829	1
0006855	2
0006865	8
0006869	1
0006879	1
0006880	1
0006886	3
0006888	2
0006935	10
0006950	1
0006979	6
0007059	4
0007155	3
0007165	15
0008033	12
0008080	4
0008081	1
0008094	1
0008097	1
0008113	2
0008119	1
0008121	1
0008124	1
0008134	4
0008135	1
0008152	7
0008153	1
0008168	20
0008170	1
0008173	4
0008175	1
0008176	1
0008177	1
0008186	1
0008199	2
0008219	1
0008233	5
0008236	4
0008237	1
0008251	1
0008252	2
0008270	23
0008276	1
0008295	1
0008299	4
0008310	1
0008311	1
0008320	1
0008324	6
0008360	7
0008374	5
0008379	2
0008381	3
0008408	3
0008409	1
0008412	1
0008413	3
0008425	1
0008428	1
0008442	1
0008444	1
0008460	3
0008479	1
0008483	1
0008490	1
0008495	1
0008519	1
0008534	1
0008535	3
0008610	2
0008615	5
0008616	4
0008641	1
0008643	13
0008649	2
0008652	2
0008653	1
0008654	6
0008658	3
0008661	1
0008662	1
0008664	1
0008666	1
0008676	1
0008681	1
0008685	1
0008686	1
0008690	1
0008703	1
0008705	1
0008710	1
0008716	1
0008718	2
0008725	1
0008734	1
0008745	3
0008750	1
0008754	3
0008757	7
0008758	1
0008760	1
0008762	1
0008763	1
0008764	1
0008767	1
0008770	1
0008773	2
0008776	1
0008780	1
0008784	1
0008785	1
0008791	3
0008792	1
0008794	1
0008800	1
0008802	1
0008803	1
0008808	1
0008812	1
0008817	1
0008821	1
0008824	1
0008829	1
0008830	2
0008831	2
0008835	1
0008836	1
0008837	1
0008839	1
0008840	1
0008851	1
0008854	3
0008855	2
0008863	1
0008864	1
0008879	2
0008881	1
0008882	1
0008883	1
0008889	1
0008914	1
0008915	1
0008924	1
0008929	1
0008932	1
0008933	1
0008940	3
0008942	2
0008948	1
0008955	1
0008961	1
0008963	1
0008964	1
0008965	1
0008966	1
0008967	2
0008974	1
0008976	1
0008977	1
0008982	1
0008983	2
0008984	1
0008986	1
0008987	1
0008988	2
0008990	1
0008995	1
0008999	1
0009001	1
0009002	1
0009009	1
0009014	1
0009015	1
0009016	1
0009017	1
0009022	1
0009029	1
0009030	1
0009039	2
0009052	1
0009055	15
0009058	11
0009060	3
0009061	1
0009073	6
0009081	1
0009082	5
0009086	6
0009088	2
0009089	8
0009094	1
0009097	2
0009098	4
0009102	5
0009103	2
0009107	1
0009113	2
0009116	4
0009117	2
0009132	2
0009152	4
0009156	1
0009165	1
0009220	1
0009225	3
0009228	6
0009236	1
0009240	1
0009243	2
0009244	1
0009245	6
0009249	2
0009250	1
0009252	21
0009253	4
0009254	1
0009255	1
0009263	1
0009273	1
0009274	2
0009276	1
0009279	7
0009288	5
0009289	2
0009290	1
0009294	1
0009295	1
0009297	2
0009306	13
0009316	2
0009317	4
0009318	2
0009320	1
0009325	3
0009326	2
0009331	2
0009338	3
0009340	1
0009349	1
0009358	1
0009360	3
0009368	2
0009376	2
0009378	2
0009379	1
0009380	2
0009381	1
0009396	5
0009401	3
0009403	1
0009408	2
0009423	2
0009424	2
0009425	1
0009426	1
0009427	1
0009428	2
0009431	2
0009432	6
0009435	5
0009439	1
0009448	1
0009451	7
0009691	1
0009750	1
0009898	3
0009916	1
0009927	1
0009966	13
0009975	13
0009982	12
0010038	1
0010133	1
0010181	13
0010340	1
0010467	1
0010945	2
0010974	1
0015031	10
0015035	6
0015036	1
0015074	3
0015075	1
0015078	4
0015079	2
0015081	1
0015095	1
0015098	1
0015103	3
0015112	1
0015116	1
0015136	1
0015144	1
0015171	1
0015205	2
0015221	4
0015232	2
0015288	3
0015291	2
0015293	2
0015297	5
0015343	1
0015385	1
0015412	2
0015415	2
0015416	3
0015450	3
0015499	2
0015562	13
0015616	1
0015627	11
0015628	12
0015633	1
0015658	3
0015689	3
0015693	1
0015700	1
0015706	1
0015716	3
0015724	2
0015739	1
0015803	1
0015824	2
0015840	5
0015846	1
0015886	3
0015888	1
0015891	1
0015914	2
0015920	3
0015930	1
0015934	8
0015935	6
0015937	3
0015938	2
0015940	3
0015941	1
0015942	2
0015949	2
0015969	1
0015970	1
0015976	1
0015977	1
0015986	8
0015990	1
0016020	210
0016070	2
0016114	1
0016149	2
0016151	3
0016152	1
0016208	1
0016209	1
0016226	7
0016301	4
0016310	6
0016311	1
0016407	1
0016410	2
0016432	1
0016433	1
0016434	1
0016436	1
0016462	2
0016491	63
0016530	1
0016531	1
0016597	1
0016598	1
0016614	2
0016616	4
0016620	6
0016627	10
0016628	2
0016639	1
0016645	1
0016646	1
0016651	2
0016655	6
0016667	1
0016682	1
0016684	1
0016705	1
0016706	2
0016709	1
0016740	15
0016746	9
0016747	10
0016757	10
0016758	1
0016763	1
0016765	2
0016772	1
0016773	3
0016776	1
0016779	5
0016780	2
0016782	1
0016783	4
0016787	33
0016788	3
0016790	5
0016791	2
0016798	1
0016799	2
0016810	4
0016817	1
0016818	3
0016829	2
0016830	1
0016831	3
0016832	3
0016833	1
0016836	2
0016853	5
0016866	2
0016868	1
0016874	4
0016879	3
0016881	2
0016884	1
0016887	60
0016896	1
0016901	2
0016987	11
0016989	2
0016992	1
0017000	2
0017003	1
0017004	8
0017013	2
0017038	2
0017057	1
0017076	1
0017148	1
0017150	2
0017168	2
0018142	1
0018149	1
0018189	5
0018277	1
0018364	2
0018478	2
0018738	1
0019104	2
0019134	1
0019171	2
0019172	1
0019213	1
0019242	1
0019243	1
0019264	1
0019277	1
0019285	2
0019287	1
0019288	3
0019305	9
0019346	2
0019354	1
0019379	1
0019427	1
0019430	1
0019464	1
0019478	1
0019491	2
0019509	3
0019538	1
0019605	1
0019627	4
0019629	2
0019632	1
0019645	1
0019679	2
0019752	1
0019843	3
0019856	1
0019867	5
0019899	1
0020037	11
0022625	5
0022627	3
0022857	74
0022877	1
0022900	6
0022904	2
0030001	1
0030091	4
0030145	2
0030163	1
0030170	14
0030234	2
0030246	2
0030261	3
0030272	1
0030288	6
0030488	3
0030552	3
0030554	3
0030604	1
0030643	1
0030655	1
0030674	1
0030694	2
0030729	1
0030955	1
0030956	2
0030973	1
0030975	1
0030976	5
0030983	2
0031071	1
0031167	3
0031240	1
0031267	2
0031317	4
0031402	2
0031418	1
0031419	3
0031522	2
0031992	1
0032049	1
0032196	1
0032259	3
0032297	1
0032508	1
0032784	3
0032934	1
0032955	1
0032977	1
0033014	4
0033103	14
0033104	5
0033219	1
0033221	5
0033228	1
0033230	1
0033232	2
0033711	1
0033739	1
0033743	1
0033744	2
0033816	1
0033818	1
0033819	1
0033856	1
0033862	1
0034204	1
0034220	4
0034707	1
0035337	1
0035435	2
0035438	7
0035539	2
0035550	1
0035870	1
0035991	1
0036211	7
0036222	1
0036374	1
0036424	1
0042026	2
0042126	2
0042128	1
0042158	1
0042254	6
0042273	1
0042274	1
0042286	1
0042450	2
0042578	3
0042586	1
0042597	8
0042626	55
0042780	1
0042802	9
0042803	1
0042834	3
0042853	1
0042908	1
0042910	4
0042953	3
0043022	6
0043039	2
0043043	1
0043093	1
0043107	1
0043165	1
0043168	1
0043190	13
0043213	1
0043225	1
0043295	2
0043335	1
0043419	1
0043546	4
0043565	9
0043633	1
0043687	1
0043811	1
0043824	1
0043828	1
0043856	2
0043867	1
0043874	1
0043952	3
0044205	1
0044238	1
0044272	1
0044341	2
0044571	1
0044780	9
0044781	2
0045227	1
0045252	1
0045254	2
0045261	3
0045263	1
0045273	2
0045275	1
0045277	1
0045340	3
0045454	3
0045861	2
0045892	3
0045893	3
0045900	1
0045927	1
0045936	1
0046081	1
0046118	1
0046168	1
0046177	1
0046209	1
0046294	1
0046316	1
0046421	1
0046429	1
0046523	1
0046654	1
0046677	1
0046685	2
0046689	3
0046820	2
0046872	63
0046873	1
0046933	5
0046983	3
0047134	1
0047307	1
0047429	2
0047456	1
0047480	1
0047547	1
0047617	4
0047804	1
0047834	2
0047869	1
0047952	1
0047989	1
0048038	2
0048473	2
0048501	1
0048502	1
0050269	1
0050311	1
0050334	1
0050380	1
0050440	1
0050456	1
0050511	1
0050515	1
0050518	1
0050567	2
0050568	1
0050570	1
0050660	25
0050661	17
0050787	1
0050797	1
0050992	1
0051082	8
0051083	1
0051087	2
0051131	1
0051139	3
0051156	1
0051213	1
0051252	1
0051262	1
0051287	17
0051301	8
0051536	13
0051537	6
0051539	19
0051540	1
0051596	1
0051603	1
0051604	1
0051745	1
0051782	2
0051903	2
0051920	2
0051989	1
0052381	1
0052621	1
0052693	1
0052717	1
0052906	1
0052913	1
0052916	1
0055051	1
0055052	23
0055085	97
0055130	1
0061024	1
0061077	1
0061542	2
0061599	2
0061710	2
0061799	1
0065003	1
0070006	3
0070063	2
0070401	1
0070402	2
0070403	10
0070475	2
0070567	1
0070905	1
0070968	2
0071268	1
0071555	3
0071709	1
0071824	1
0071949	7
0071951	1
0071973	13
0072488	1
0080019	1
0097163	1
0097351	1
0097367	1
0098561	9
0098567	2
0098662	4
0098869	1
0102039	1
0102208	1
0102965	1
0103117	1
0106141	1
0110001	1
0120225	1
0140078	2
0140110	1
0140327	1
0140359	59
0140658	1
0140662	1
0140741	1
0141014	1
0141100	1
1901137	2
1901891	1
1902495	2
1902600	5
1904047	12
1905887	4
1990107	1
1990586	2
1990610	1
1990817	1
1990961	1
