0000015	1
0000049	1
0000155	1
0000156	2
0000160	4
0000166	18
0000179	1
0000271	1
0000287	7
0000311	1
0000314	2
0000315	3
0000373	3
0000413	1
0000451	1
0000774	1
0000902	1
0000906	1
0000910	1
0000917	2
0001522	5
0002098	1
0002143	1
0002949	3
0003676	10
0003677	116
0003678	5
0003684	2
0003688	1
0003697	3
0003700	9
0003723	25
0003725	2
0003735	53
0003743	3
0003746	4
0003755	7
0003796	1
0003824	18
0003848	1
0003855	1
0003864	1
0003872	1
0003882	1
0003883	1
0003886	3
0003887	4
0003896	2
0003899	3
0003908	1
0003911	1
0003916	3
0003917	3
0003918	3
0003919	1
0003922	1
0003924	14
0003934	1
0003935	1
0003937	1
0003938	1
0003952	1
0003964	3
0003978	1
0004015	1
0004016	1
0004018	1
0004019	1
0004040	1
0004045	2
0004047	1
0004068	1
0004070	1
0004072	1
0004073	1
0004076	1
0004077	1
0004084	1
0004088	1
0004107	1
0004109	1
0004126	1
0004127	1
0004134	1
0004139	1
0004140	1
0004141	1
0004146	1
0004148	1
0004150	1
0004152	1
0004156	1
0004170	1
0004175	1
0004177	1
0004185	1
0004190	1
0004222	4
0004252	6
0004314	1
0004315	2
0004316	1
0004325	1
0004326	1
0004329	1
0004332	1
0004333	1
0004335	1
0004342	1
0004347	1
0004355	1
0004359	1
0004372	1
0004375	1
0004385	1
0004386	7
0004397	1
0004470	1
0004471	1
0004476	1
0004478	1
0004479	1
0004494	2
0004497	1
0004514	1
0004516	1
0004518	1
0004519	4
0004520	2
0004521	1
0004523	1
0004525	1
0004526	1
0004527	2
0004540	2
0004553	7
0004555	1
0004588	1
0004590	1
0004592	1
0004594	1
0004595	1
0004609	1
0004612	1
0004619	1
0004632	1
0004633	1
0004634	1
0004637	1
0004638	1
0004639	1
0004642	1
0004643	1
0004644	1
0004645	1
0004648	1
0004654	1
0004659	2
0004673	1
0004725	1
0004729	1
0004731	1
0004733	1
0004743	1
0004748	1
0004749	1
0004750	1
0004751	1
0004784	1
0004788	1
0004789	1
0004791	1
0004797	1
0004799	1
0004803	49
0004807	1
0004808	1
0004812	2
0004813	1
0004814	1
0004816	1
0004817	1
0004818	1
0004819	1
0004820	1
0004821	1
0004822	1
0004823	1
0004824	1
0004825	1
0004826	2
0004827	1
0004828	1
0004829	1
0004830	1
0004831	1
0004832	1
0004844	1
0004845	1
0004851	1
0004852	1
0004866	1
0004888	1
0005047	1
0005048	1
0005198	3
0005247	1
0005337	1
0005388	1
0005436	1
0005506	2
0005507	1
0005515	8
0005524	125
0005525	22
0005694	1
0005737	40
0005840	31
0005886	18
0005951	1
0005960	1
0005975	13
0005991	1
0006002	2
0006006	1
0006012	2
0006015	1
0006044	1
0006090	1
0006094	1
0006096	8
0006098	1
0006099	2
0006139	2
0006163	1
0006164	3
0006171	1
0006177	1
0006188	1
0006189	3
0006207	2
0006221	4
0006226	1
0006231	1
0006241	1
0006259	2
0006260	10
0006261	1
0006265	8
0006269	1
0006270	1
0006275	1
0006281	16
0006284	2
0006289	4
0006298	2
0006304	8
0006308	2
0006310	31
0006313	5
0006351	3
0006352	4
0006353	3
0006354	1
0006355	17
0006364	5
0006396	4
0006400	9
0006402	2
0006412	57
0006413	3
0006414	4
0006415	4
0006418	1
0006419	1
0006420	1
0006421	1
0006423	1
0006424	1
0006425	1
0006426	1
0006427	1
0006428	1
0006429	1
0006430	1
0006431	1
0006432	2
0006433	1
0006434	1
0006435	1
0006436	1
0006437	1
0006438	1
0006457	7
0006465	2
0006470	1
0006479	1
0006486	1
0006508	29
0006520	1
0006522	1
0006523	1
0006537	1
0006548	1
0006556	1
0006564	3
0006567	1
0006570	1
0006605	1
0006614	1
0006631	1
0006633	6
0006730	2
0006744	1
0006747	1
0006760	1
0006772	1
0006779	4
0006780	1
0006782	1
0006799	1
0006810	2
0006811	1
0006812	3
0006813	5
0006814	4
0006816	1
0006817	4
0006821	1
0006826	1
0006855	3
0006857	1
0006885	1
0006886	1
0006950	1
0006979	1
0007049	1
0007165	2
0008033	6
0008080	1
0008094	1
0008097	1
0008135	1
0008152	3
0008168	7
0008170	6
0008172	1
0008173	1
0008176	1
0008186	1
0008219	1
0008233	9
0008234	1
0008236	9
0008237	2
0008252	1
0008253	2
0008270	11
0008276	1
0008299	4
0008324	6
0008360	5
0008379	1
0008381	2
0008408	4
0008409	1
0008410	2
0008425	1
0008441	1
0008446	1
0008460	1
0008479	1
0008483	1
0008484	2
0008610	1
0008615	5
0008616	3
0008641	1
0008649	2
0008652	2
0008654	3
0008655	1
0008658	2
0008661	1
0008685	1
0008686	2
0008703	2
0008716	1
0008734	1
0008745	1
0008753	1
0008757	3
0008759	1
0008760	1
0008762	1
0008763	1
0008764	1
0008780	1
0008784	1
0008808	1
0008817	1
0008818	1
0008821	1
0008830	1
0008832	1
0008835	1
0008837	1
0008839	1
0008840	1
0008841	1
0008854	1
0008855	2
0008879	1
0008881	1
0008890	1
0008902	1
0008907	1
0008915	2
0008932	1
0008939	1
0008961	1
0008963	1
0008966	1
0008972	1
0008976	1
0008987	1
0008998	1
0009002	1
0009007	1
0009029	1
0009030	1
0009035	1
0009037	1
0009052	1
0009055	8
0009058	4
0009073	1
0009081	1
0009086	1
0009087	1
0009089	3
0009093	1
0009102	4
0009107	1
0009113	1
0009116	1
0009152	2
0009156	1
0009165	1
0009220	2
0009225	1
0009228	6
0009234	1
0009236	12
0009240	1
0009245	5
0009249	2
0009252	11
0009253	2
0009264	1
0009279	26
0009294	1
0009306	5
0009307	2
0009318	2
0009320	1
0009338	1
0009347	1
0009349	1
0009358	1
0009360	2
0009378	2
0009379	1
0009380	3
0009381	1
0009396	2
0009398	1
0009403	1
0009408	2
0009418	2
0009432	2
0009435	5
0009451	4
0009898	1
0009972	1
0009982	6
0010181	6
0010340	1
0015031	5
0015035	1
0015074	18
0015079	1
0015093	1
0015095	2
0015103	1
0015136	1
0015159	1
0015205	2
0015221	1
0015267	1
0015288	7
0015291	1
0015293	1
0015297	1
0015343	1
0015385	1
0015415	4
0015450	2
0015485	6
0015499	1
0015562	5
0015616	1
0015661	2
0015663	1
0015666	1
0015693	2
0015724	1
0015739	1
0015858	1
0015890	1
0015891	1
0015914	1
0015920	1
0015934	8
0015935	6
0015937	4
0015940	2
0015941	1
0015949	3
0015970	2
0016020	86
0016032	1
0016052	1
0016114	1
0016149	3
0016153	1
0016226	2
0016301	3
0016310	1
0016311	1
0016407	1
0016410	1
0016430	1
0016433	1
0016434	1
0016462	1
0016491	4
0016616	1
0016620	2
0016639	1
0016651	1
0016655	5
0016684	1
0016692	1
0016740	5
0016744	1
0016746	6
0016747	1
0016757	16
0016763	1
0016765	2
0016780	1
0016782	2
0016783	1
0016787	15
0016788	3
0016790	1
0016799	1
0016805	1
0016810	1
0016812	2
0016818	1
0016829	3
0016831	1
0016836	4
0016853	1
0016857	1
0016868	1
0016874	4
0016879	1
0016887	41
0016891	1
0016903	2
0016987	4
0016989	1
0016992	1
0016998	1
0017004	2
0017013	1
0017148	1
0017150	1
0018339	1
0018826	1
0019068	3
0019082	1
0019104	1
0019205	1
0019264	1
0019277	1
0019288	4
0019305	3
0019346	1
0019354	1
0019430	1
0019464	3
0019516	1
0019556	2
0019646	1
0019652	1
0019670	2
0019673	1
0019843	3
0019867	3
0020037	1
0022625	5
0022627	2
0022857	27
0022900	5
0022904	1
0030001	1
0030091	1
0030170	7
0030246	3
0030255	1
0030261	2
0030272	1
0030409	1
0030412	1
0030428	1
0030488	1
0030527	1
0030552	2
0030554	1
0030604	1
0030789	1
0030955	1
0030976	2
0030983	2
0031167	2
0031240	1
0031419	2
0031564	1
0031992	1
0032049	1
0032196	7
0032259	2
0032784	2
0032977	1
0032991	5
0033711	1
0033739	1
0033743	1
0033818	1
0033819	1
0033856	1
0033862	1
0033922	1
0034220	1
0035435	1
0035673	1
0035870	1
0036211	2
0036222	1
0036424	2
0042026	2
0042242	1
0042254	3
0042274	1
0042301	1
0042372	1
0042546	1
0042586	1
0042597	1
0042625	1
0042626	22
0042780	1
0042802	3
0042803	1
0042834	4
0042910	4
0042953	1
0043022	4
0043093	1
0043138	1
0043169	1
0043174	1
0043190	3
0043365	1
0043565	1
0043571	3
0043752	1
0043755	1
0043952	2
0044237	1
0044341	1
0044423	2
0044874	1
0045148	1
0045182	1
0045226	1
0045312	1
0045892	1
0046025	1
0046026	1
0046081	1
0046118	1
0046140	1
0046428	1
0046429	1
0046440	1
0046654	1
0046835	1
0046857	1
0046872	33
0046983	3
0047334	1
0047429	1
0047480	1
0047804	1
0048472	2
0048501	1
0050066	1
0050096	1
0050097	2
0050242	1
0050371	1
0050380	1
0050480	1
0050511	1
0050515	1
0050518	1
0050570	1
0050660	3
0050661	2
0050992	1
0051073	1
0051082	2
0051087	1
0051219	1
0051262	1
0051287	6
0051301	5
0051536	5
0051537	1
0051539	14
0051540	1
0051607	1
0051745	1
0051920	1
0051989	1
0052381	1
0052624	1
0052693	1
0052717	1
0052906	1
0052913	1
0055052	14
0055070	1
0055085	23
0061077	1
0061542	1
0061710	2
0061712	1
0070006	2
0070007	1
0070063	1
0070069	1
0070402	1
0070403	1
0070475	1
0070573	1
0070905	1
0071555	1
0071586	1
0071709	1
0071949	2
0071951	1
0071972	1
0072592	1
0098662	1
0102208	1
0110001	1
0140078	1
0140359	24
0140658	1
0140662	1
1901576	1
1902600	1
1903401	2
1903424	1
1903425	1
1904047	18
1905887	1
2001070	1
