0000015	1
0000049	3
0000104	2
0000160	6
0000166	15
0000175	1
0000179	1
0000271	1
0000287	11
0000311	1
0000314	3
0000315	3
0000701	1
0000724	2
0000774	1
0000902	1
0000906	1
0000910	1
0001072	1
0001510	1
0001522	2
0001539	3
0002098	1
0002943	1
0002949	3
0003676	7
0003677	40
0003678	4
0003684	3
0003688	1
0003697	3
0003700	3
0003723	18
0003725	1
0003735	54
0003743	2
0003746	5
0003755	1
0003774	3
0003796	1
0003824	7
0003848	1
0003866	1
0003870	1
0003882	1
0003883	1
0003887	7
0003896	3
0003899	4
0003906	1
0003911	1
0003916	1
0003917	1
0003918	4
0003919	1
0003922	1
0003924	10
0003934	1
0003937	1
0003938	1
0003942	1
0003951	1
0003952	1
0003977	1
0003978	1
0003983	1
0003989	2
0003991	1
0003994	1
0004015	1
0004018	1
0004019	1
0004044	1
0004045	1
0004055	1
0004056	1
0004070	1
0004072	1
0004073	1
0004075	1
0004076	1
0004077	1
0004088	1
0004089	1
0004109	1
0004127	1
0004140	1
0004141	1
0004146	1
0004148	2
0004149	1
0004150	1
0004151	1
0004152	1
0004156	1
0004163	1
0004170	1
0004176	3
0004177	1
0004190	1
0004222	2
0004252	5
0004298	1
0004314	1
0004315	3
0004316	1
0004318	1
0004324	1
0004325	1
0004326	1
0004332	1
0004333	1
0004345	1
0004356	2
0004357	1
0004358	1
0004359	1
0004360	1
0004362	1
0004363	1
0004372	1
0004385	1
0004386	2
0004412	1
0004413	1
0004416	1
0004418	1
0004421	1
0004427	1
0004450	1
0004452	1
0004478	1
0004479	1
0004496	1
0004516	1
0004518	1
0004523	2
0004525	1
0004526	1
0004540	2
0004550	1
0004585	1
0004588	1
0004590	1
0004591	1
0004594	1
0004595	1
0004601	1
0004616	1
0004619	1
0004632	1
0004633	1
0004634	1
0004637	1
0004638	1
0004639	2
0004641	1
0004642	2
0004643	1
0004644	1
0004648	1
0004654	1
0004655	1
0004659	3
0004673	1
0004733	1
0004739	2
0004742	1
0004743	1
0004748	1
0004749	1
0004750	1
0004751	1
0004784	1
0004788	1
0004791	1
0004795	1
0004798	1
0004799	1
0004802	1
0004807	1
0004812	2
0004813	1
0004814	1
0004817	1
0004818	1
0004820	2
0004821	1
0004822	1
0004823	1
0004824	2
0004825	1
0004826	2
0004827	1
0004828	1
0004829	1
0004830	1
0004831	1
0004832	1
0004844	2
0004852	1
0004853	1
0005047	1
0005048	1
0005198	7
0005215	1
0005354	1
0005381	1
0005471	1
0005515	8
0005524	88
0005525	16
0005694	2
0005737	31
0005829	2
0005840	29
0005854	1
0005886	10
0005975	4
0006002	1
0006006	2
0006012	1
0006015	1
0006048	1
0006086	2
0006090	1
0006096	4
0006098	4
0006099	7
0006102	1
0006106	1
0006120	1
0006139	1
0006163	1
0006164	4
0006177	1
0006189	7
0006207	4
0006221	2
0006226	1
0006231	1
0006233	1
0006241	1
0006259	1
0006260	15
0006261	1
0006265	5
0006269	1
0006270	1
0006275	1
0006281	18
0006284	3
0006289	3
0006298	2
0006304	1
0006308	2
0006310	13
0006351	5
0006352	1
0006353	3
0006355	11
0006364	6
0006396	1
0006400	7
0006402	2
0006412	58
0006413	2
0006414	5
0006415	3
0006417	1
0006418	1
0006419	1
0006420	1
0006423	1
0006424	3
0006426	2
0006427	1
0006428	1
0006429	1
0006430	2
0006431	1
0006432	2
0006433	1
0006434	1
0006435	1
0006436	1
0006437	1
0006438	1
0006450	1
0006457	3
0006465	2
0006508	9
0006520	2
0006522	1
0006526	3
0006534	1
0006541	2
0006542	2
0006556	1
0006564	2
0006592	1
0006605	2
0006614	1
0006633	10
0006654	1
0006730	2
0006741	1
0006744	3
0006749	2
0006750	2
0006760	1
0006772	1
0006779	4
0006790	1
0006796	1
0006810	1
0006812	1
0006814	1
0006817	4
0006835	1
0006862	1
0006865	2
0006885	1
0006886	2
0006935	1
0006950	1
0008033	6
0008080	1
0008094	1
0008097	1
0008135	1
0008137	6
0008152	2
0008168	6
0008170	1
0008173	1
0008176	1
0008177	1
0008186	1
0008233	1
0008236	2
0008252	1
0008270	7
0008299	4
0008310	1
0008311	1
0008324	1
0008360	2
0008374	1
0008381	1
0008408	3
0008409	1
0008412	1
0008441	1
0008444	1
0008460	1
0008479	1
0008483	1
0008495	1
0008534	1
0008610	3
0008615	2
0008616	4
0008652	2
0008654	2
0008658	1
0008666	1
0008676	1
0008686	1
0008690	1
0008703	1
0008710	1
0008716	1
0008757	2
0008760	1
0008762	1
0008763	1
0008764	1
0008780	1
0008784	1
0008821	1
0008829	1
0008830	1
0008831	1
0008835	1
0008836	1
0008837	1
0008839	1
0008840	1
0008841	1
0008855	2
0008864	1
0008879	1
0008881	1
0008897	1
0008914	1
0008915	1
0008932	1
0008961	1
0008963	1
0008966	1
0009014	1
0009022	1
0009029	1
0009052	1
0009055	4
0009058	3
0009073	1
0009088	2
0009089	7
0009102	4
0009107	1
0009113	2
0009116	1
0009146	1
0009152	2
0009156	1
0009165	1
0009225	2
0009243	1
0009245	4
0009249	2
0009252	15
0009253	1
0009263	1
0009279	3
0009288	2
0009297	2
0009306	12
0009317	3
0009318	1
0009320	1
0009340	1
0009349	1
0009360	1
0009368	2
0009376	2
0009378	2
0009379	1
0009380	2
0009381	1
0009394	1
0009396	2
0009403	1
0009408	2
0009423	1
0009424	1
0009425	1
0009426	1
0009427	1
0009428	2
0009431	1
0009432	2
0009435	3
0009451	1
0009486	4
0009898	1
0009982	3
0010181	4
0010257	1
0015031	3
0015035	1
0015036	1
0015074	2
0015078	2
0015136	1
0015221	1
0015288	3
0015293	1
0015297	1
0015385	1
0015415	3
0015450	3
0015562	1
0015616	1
0015739	1
0015757	1
0015888	2
0015920	1
0015934	8
0015935	6
0015937	4
0015941	1
0015949	2
0015986	6
0015990	3
0016020	43
0016126	1
0016149	3
0016209	1
0016226	6
0016301	1
0016310	1
0016311	1
0016410	2
0016430	1
0016433	1
0016434	1
0016462	1
0016491	4
0016597	1
0016614	1
0016616	1
0016620	2
0016627	2
0016651	4
0016655	1
0016709	1
0016740	6
0016746	3
0016757	1
0016779	1
0016782	1
0016783	1
0016787	6
0016788	2
0016793	1
0016799	2
0016817	1
0016853	1
0016868	1
0016874	2
0016879	1
0016881	1
0016884	1
0016887	19
0016987	2
0016992	1
0016998	1
0017038	2
0017057	1
0017148	1
0017150	1
0018106	1
0018364	1
0019062	2
0019104	1
0019134	1
0019171	1
0019205	1
0019243	1
0019264	1
0019277	1
0019287	2
0019305	4
0019430	1
0019646	1
0019674	1
0019843	4
0019856	1
0019867	1
0020037	2
0022625	5
0022627	3
0022857	5
0030001	2
0030145	1
0030170	7
0030261	1
0030272	1
0030288	2
0030420	1
0030488	1
0030490	1
0030643	1
0030694	2
0030955	1
0030956	2
0030975	1
0030976	1
0030983	2
0031071	1
0031167	2
0031522	1
0031966	1
0032300	1
0032508	1
0032784	2
0032977	1
0033014	4
0033573	1
0033617	1
0033739	1
0033818	1
0033819	1
0033856	1
0033862	1
0034204	1
0034220	1
0034755	1
0035438	1
0036211	2
0036424	1
0042026	2
0042158	1
0042254	3
0042450	2
0042578	2
0042586	1
0042597	1
0042626	13
0042773	3
0042803	1
0042823	1
0042834	2
0042953	1
0043022	4
0043093	1
0043190	4
0043335	1
0043565	1
0043811	1
0043952	3
0044205	1
0044780	3
0044781	1
0045226	1
0045239	1
0045252	1
0045254	2
0045261	3
0045263	1
0045271	1
0045273	2
0045454	1
0045861	1
0045892	1
0045900	1
0045936	1
0046081	1
0046118	1
0046654	1
0046718	2
0046857	1
0046872	23
0046912	1
0046933	4
0046983	1
0047429	2
0047480	1
0047617	1
0048027	1
0048034	1
0048038	3
0048501	1
0048502	1
0050135	2
0050136	1
0050380	1
0050511	1
0050567	2
0050570	1
0050660	7
0050661	6
0051082	2
0051083	1
0051087	1
0051262	1
0051287	8
0051301	5
0051536	5
0051539	10
0051603	1
0051607	1
0051989	1
0052381	1
0052547	1
0052717	1
0052906	1
0052913	1
0055052	7
0055056	1
0055085	9
0061542	1
0061710	1
0070006	3
0070063	1
0070064	1
0070475	1
0070905	1
0071555	1
0071709	1
0071949	4
0071951	1
0071973	9
0098024	2
0098797	1
0103117	1
0140078	1
0140359	12
0140658	2
0140662	1
1901137	1
1902209	1
1902600	1
1904047	9
1904659	1
1905887	1
