0000015	1
0000027	1
0000034	2
0000049	2
0000062	1
0000103	4
0000104	2
0000105	10
0000107	2
0000155	12
0000156	20
0000160	60
0000162	4
0000166	23
0000175	2
0000179	1
0000210	1
0000255	1
0000256	2
0000270	3
0000271	4
0000286	1
0000287	23
0000302	1
0000311	1
0000314	3
0000315	3
0000413	2
0000451	1
0000774	1
0000902	2
0000906	1
0000910	5
0000917	2
0000918	2
0001072	4
0001216	25
0001510	3
0001522	14
0001530	1
0001539	5
0001680	1
0002098	3
0002100	1
0002143	2
0002161	2
0002943	2
0002949	3
0002953	1
0003333	3
0003676	27
0003677	227
0003678	7
0003680	1
0003684	4
0003688	1
0003690	1
0003697	2
0003700	141
0003723	45
0003724	4
0003725	2
0003729	1
0003735	55
0003743	3
0003746	7
0003747	3
0003755	11
0003774	5
0003796	1
0003824	37
0003841	2
0003842	1
0003844	1
0003848	2
0003849	1
0003852	1
0003855	1
0003856	1
0003857	2
0003861	2
0003862	1
0003864	2
0003866	1
0003868	1
0003871	2
0003879	1
0003883	1
0003887	9
0003896	1
0003899	5
0003906	2
0003908	2
0003910	1
0003911	1
0003916	8
0003917	3
0003918	4
0003919	1
0003920	1
0003922	1
0003924	17
0003934	1
0003935	2
0003937	1
0003938	1
0003941	2
0003942	1
0003949	1
0003951	1
0003952	1
0003955	1
0003957	1
0003977	1
0003978	2
0003983	1
0003984	1
0003987	1
0003988	2
0003989	3
0003991	1
0003994	1
0003995	1
0003998	1
0003999	1
0004000	1
0004015	1
0004017	1
0004018	1
0004019	2
0004020	1
0004022	4
0004034	1
0004035	1
0004037	1
0004040	1
0004042	1
0004044	1
0004045	2
0004047	1
0004048	1
0004049	2
0004055	1
0004056	1
0004057	1
0004066	2
0004067	1
0004070	2
0004072	2
0004073	2
0004075	1
0004076	1
0004077	1
0004084	1
0004088	1
0004089	2
0004106	1
0004107	1
0004109	2
0004115	1
0004124	1
0004126	1
0004127	1
0004129	6
0004133	1
0004134	1
0004139	1
0004140	1
0004141	1
0004143	1
0004146	1
0004148	1
0004149	1
0004150	1
0004151	1
0004152	1
0004156	1
0004160	1
0004165	1
0004176	4
0004177	2
0004181	2
0004185	1
0004190	2
0004222	10
0004252	9
0004298	1
0004300	1
0004309	1
0004314	1
0004315	4
0004316	1
0004318	2
0004324	1
0004325	1
0004326	1
0004329	1
0004332	1
0004335	1
0004342	1
0004345	1
0004347	1
0004349	1
0004350	1
0004356	1
0004357	1
0004359	2
0004360	1
0004362	2
0004363	1
0004364	1
0004366	1
0004368	1
0004370	1
0004372	1
0004375	1
0004385	1
0004386	13
0004397	2
0004399	1
0004400	3
0004401	1
0004412	1
0004413	1
0004416	1
0004417	1
0004418	1
0004424	1
0004425	1
0004427	2
0004450	1
0004451	1
0004455	1
0004457	1
0004462	2
0004470	1
0004471	1
0004474	2
0004476	2
0004478	1
0004479	1
0004488	1
0004489	1
0004497	7
0004505	1
0004514	1
0004518	4
0004519	5
0004523	2
0004525	1
0004526	1
0004527	2
0004540	3
0004550	1
0004553	12
0004555	2
0004565	1
0004585	3
0004588	1
0004590	1
0004591	1
0004592	1
0004594	1
0004595	1
0004601	3
0004604	1
0004609	1
0004612	1
0004614	1
0004616	2
0004618	1
0004619	1
0004620	1
0004632	1
0004633	1
0004634	1
0004635	1
0004636	1
0004637	1
0004638	2
0004639	1
0004640	1
0004641	1
0004642	1
0004643	1
0004644	2
0004648	1
0004654	1
0004655	1
0004657	1
0004664	1
0004665	1
0004672	4
0004673	9
0004674	2
0004719	1
0004721	2
0004722	1
0004725	2
0004730	1
0004731	2
0004733	1
0004735	1
0004738	1
0004742	1
0004743	2
0004747	1
0004748	3
0004749	1
0004750	2
0004751	2
0004764	1
0004781	1
0004783	2
0004784	3
0004789	1
0004791	1
0004792	1
0004794	1
0004795	1
0004797	1
0004798	1
0004801	2
0004802	3
0004803	21
0004807	1
0004808	2
0004810	1
0004812	5
0004813	1
0004814	1
0004816	1
0004817	1
0004818	1
0004819	1
0004820	2
0004821	1
0004822	1
0004823	1
0004824	1
0004825	1
0004826	2
0004827	1
0004828	1
0004829	1
0004830	2
0004831	1
0004832	1
0004834	2
0004844	1
0004845	1
0004849	1
0004851	1
0004852	1
0004853	1
0004854	2
0004857	1
0004869	1
0005047	1
0005048	1
0005198	8
0005215	10
0005216	1
0005247	1
0005267	3
0005272	1
0005283	4
0005298	1
0005337	3
0005344	1
0005436	1
0005506	7
0005507	5
0005509	2
0005515	30
0005524	240
0005525	33
0005542	1
0005576	3
0005694	3
0005737	65
0005829	12
0005840	34
0005854	1
0005886	79
0005960	1
0005971	1
0005975	37
0005978	3
0005980	1
0005983	1
0005991	4
0006002	1
0006006	4
0006007	1
0006011	2
0006012	5
0006014	1
0006015	2
0006040	1
0006044	3
0006048	1
0006051	1
0006064	2
0006066	1
0006071	1
0006072	3
0006081	2
0006085	1
0006086	2
0006089	1
0006090	1
0006094	5
0006096	9
0006097	2
0006098	8
0006099	11
0006109	1
0006139	4
0006144	1
0006146	2
0006147	1
0006163	1
0006164	4
0006166	1
0006168	1
0006177	1
0006188	1
0006189	5
0006203	1
0006207	6
0006213	1
0006221	2
0006222	1
0006233	1
0006241	1
0006260	17
0006261	3
0006265	6
0006268	2
0006269	1
0006270	8
0006275	1
0006281	29
0006282	1
0006284	4
0006289	3
0006298	2
0006304	3
0006308	1
0006310	29
0006313	2
0006351	7
0006352	6
0006353	3
0006355	185
0006364	12
0006396	9
0006400	15
0006401	1
0006402	2
0006412	59
0006413	3
0006414	7
0006415	5
0006417	1
0006418	3
0006419	1
0006420	1
0006421	1
0006423	1
0006424	1
0006425	1
0006426	2
0006427	1
0006428	1
0006429	1
0006430	1
0006431	1
0006432	2
0006433	1
0006434	1
0006435	1
0006436	2
0006437	1
0006438	1
0006457	11
0006465	2
0006468	4
0006470	4
0006482	1
0006486	1
0006508	39
0006520	8
0006522	1
0006526	4
0006527	3
0006529	2
0006534	1
0006535	2
0006537	3
0006541	3
0006542	1
0006546	1
0006547	1
0006548	3
0006556	1
0006559	3
0006561	3
0006564	2
0006567	1
0006568	2
0006571	1
0006572	2
0006591	2
0006592	2
0006596	1
0006605	3
0006614	1
0006629	9
0006631	2
0006633	15
0006635	1
0006637	1
0006654	2
0006662	2
0006729	1
0006730	1
0006744	9
0006749	8
0006750	4
0006751	2
0006760	1
0006772	1
0006777	8
0006779	5
0006780	1
0006783	1
0006790	4
0006798	1
0006799	1
0006801	1
0006808	2
0006810	11
0006811	3
0006812	7
0006813	6
0006814	18
0006817	9
0006821	1
0006826	2
0006829	2
0006833	1
0006855	5
0006865	15
0006879	1
0006884	1
0006885	1
0006886	4
0006935	14
0006950	1
0006979	5
0007059	5
0007155	2
0007165	15
0008033	9
0008080	31
0008081	4
0008094	1
0008108	1
0008113	2
0008119	1
0008121	1
0008124	1
0008134	3
0008135	1
0008152	12
0008153	1
0008168	15
0008170	4
0008171	1
0008173	3
0008175	1
0008176	1
0008177	1
0008186	1
0008199	2
0008233	9
0008236	5
0008237	5
0008251	1
0008252	1
0008253	3
0008270	34
0008276	1
0008295	2
0008299	4
0008310	1
0008311	1
0008320	1
0008324	5
0008360	6
0008374	1
0008379	1
0008381	3
0008408	4
0008409	1
0008412	1
0008413	1
0008422	1
0008425	1
0008428	1
0008441	1
0008444	2
0008448	2
0008479	1
0008483	3
0008484	2
0008490	1
0008495	2
0008519	1
0008534	1
0008535	2
0008610	3
0008615	5
0008616	3
0008641	2
0008643	19
0008649	4
0008652	4
0008654	7
0008658	4
0008661	1
0008662	1
0008663	1
0008666	1
0008676	1
0008677	1
0008679	1
0008681	1
0008685	1
0008686	2
0008690	1
0008692	2
0008696	1
0008703	1
0008705	1
0008706	1
0008710	1
0008712	1
0008716	1
0008718	1
0008720	1
0008721	1
0008725	1
0008728	1
0008734	1
0008743	1
0008745	2
0008750	2
0008752	2
0008754	1
0008756	1
0008757	6
0008758	1
0008760	1
0008761	1
0008762	1
0008763	1
0008764	1
0008765	1
0008770	1
0008773	2
0008776	1
0008780	1
0008782	1
0008783	1
0008784	1
0008785	1
0008788	1
0008791	1
0008792	1
0008794	1
0008795	1
0008797	1
0008800	4
0008802	1
0008803	1
0008804	2
0008808	1
0008812	1
0008813	1
0008817	1
0008821	1
0008832	1
0008835	1
0008836	1
0008837	1
0008838	1
0008839	1
0008840	1
0008854	3
0008855	1
0008859	1
0008861	1
0008863	2
0008864	1
0008878	2
0008880	1
0008881	1
0008882	1
0008883	1
0008889	1
0008890	1
0008892	1
0008893	1
0008894	1
0008897	1
0008899	1
0008902	1
0008914	1
0008915	1
0008926	1
0008927	1
0008929	1
0008930	1
0008932	1
0008933	3
0008934	1
0008935	1
0008939	1
0008940	1
0008941	1
0008942	3
0008948	1
0008955	1
0008959	1
0008961	1
0008962	1
0008963	1
0008964	1
0008966	1
0008967	1
0008968	2
0008972	1
0008973	1
0008974	1
0008976	1
0008977	1
0008982	12
0008984	1
0008986	1
0008987	1
0008988	2
0008990	2
0008995	1
0008998	1
0008999	1
0009001	1
0009007	3
0009009	1
0009014	1
0009017	1
0009022	1
0009028	1
0009029	1
0009030	1
0009032	1
0009034	1
0009035	1
0009052	2
0009055	28
0009058	8
0009060	1
0009061	6
0009062	1
0009063	1
0009067	1
0009073	6
0009081	1
0009082	4
0009086	7
0009088	3
0009089	7
0009094	1
0009097	2
0009098	3
0009102	6
0009103	2
0009107	1
0009113	2
0009115	3
0009116	2
0009117	3
0009143	1
0009152	4
0009156	1
0009164	1
0009165	1
0009166	3
0009220	1
0009228	9
0009231	1
0009234	6
0009236	6
0009240	1
0009244	2
0009245	6
0009246	2
0009249	2
0009252	15
0009253	3
0009254	3
0009263	3
0009264	1
0009271	1
0009274	1
0009276	5
0009279	13
0009288	5
0009289	1
0009290	1
0009294	1
0009295	1
0009297	9
0009306	10
0009307	3
0009316	2
0009317	4
0009318	1
0009320	1
0009325	1
0009326	3
0009330	1
0009331	1
0009337	2
0009338	3
0009340	1
0009347	2
0009349	1
0009358	1
0009360	2
0009368	2
0009376	2
0009378	2
0009379	1
0009380	2
0009381	1
0009389	1
0009396	5
0009399	1
0009401	20
0009403	1
0009408	2
0009421	1
0009423	2
0009424	2
0009426	1
0009428	2
0009431	2
0009432	4
0009435	4
0009436	1
0009446	1
0009451	9
0009486	4
0009750	1
0009897	1
0009898	5
0009927	3
0009966	12
0009972	1
0009975	12
0009982	13
0010038	1
0010133	1
0010181	17
0010340	1
0010608	1
0010945	1
0010974	1
0015031	12
0015035	8
0015036	4
0015074	12
0015078	7
0015079	2
0015081	1
0015093	1
0015095	1
0015098	2
0015103	4
0015109	1
0015112	1
0015113	1
0015116	1
0015136	1
0015144	1
0015169	1
0015205	4
0015209	1
0015220	1
0015221	3
0015232	2
0015250	1
0015252	1
0015267	2
0015288	17
0015291	1
0015293	10
0015297	15
0015343	1
0015370	1
0015379	1
0015385	4
0015415	5
0015416	4
0015424	1
0015440	1
0015450	4
0015499	3
0015501	2
0015503	1
0015506	1
0015556	2
0015562	12
0015572	3
0015574	1
0015627	10
0015628	12
0015633	1
0015652	1
0015658	1
0015663	1
0015689	3
0015693	1
0015697	1
0015700	1
0015703	1
0015706	1
0015707	1
0015716	7
0015724	3
0015739	1
0015740	2
0015771	1
0015774	1
0015794	1
0015803	1
0015813	2
0015824	1
0015826	1
0015833	4
0015846	1
0015858	1
0015871	1
0015886	2
0015888	3
0015889	1
0015890	1
0015891	3
0015914	1
0015920	3
0015930	3
0015934	8
0015935	6
0015937	4
0015940	5
0015941	1
0015942	2
0015949	2
0015969	2
0015974	1
0015976	2
0015977	1
0015986	16
0015990	4
0016020	329
0016034	1
0016042	2
0016070	1
0016114	1
0016149	2
0016153	1
0016208	1
0016209	2
0016226	13
0016301	4
0016310	12
0016311	1
0016407	4
0016410	2
0016430	1
0016432	3
0016434	1
0016436	1
0016462	2
0016491	61
0016531	1
0016597	2
0016598	1
0016614	1
0016616	4
0016620	7
0016627	1
0016628	1
0016638	1
0016651	3
0016655	6
0016661	1
0016682	6
0016684	1
0016705	1
0016709	2
0016722	1
0016731	1
0016740	8
0016746	30
0016747	13
0016757	10
0016758	1
0016760	1
0016763	1
0016765	4
0016772	2
0016773	2
0016776	2
0016779	5
0016780	3
0016782	2
0016783	4
0016787	56
0016788	8
0016790	4
0016791	1
0016798	1
0016799	2
0016805	1
0016810	6
0016812	1
0016813	1
0016817	1
0016818	1
0016829	3
0016830	4
0016831	4
0016832	6
0016833	4
0016835	1
0016836	1
0016853	5
0016855	1
0016857	2
0016866	2
0016868	2
0016872	2
0016874	3
0016879	1
0016881	2
0016887	64
0016896	1
0016901	1
0016966	1
0016987	7
0016989	2
0016990	2
0016992	1
0016998	1
0017004	8
0017013	2
0017038	2
0017057	1
0017108	1
0017148	1
0017150	3
0017168	1
0018209	3
0018277	1
0018364	2
0018738	1
0018835	2
0019028	1
0019068	1
0019069	4
0019104	2
0019134	1
0019171	1
0019172	1
0019200	3
0019213	1
0019217	1
0019239	1
0019242	1
0019243	1
0019262	1
0019264	1
0019277	1
0019281	1
0019285	2
0019287	1
0019288	3
0019344	1
0019346	4
0019354	1
0019379	1
0019420	1
0019427	1
0019430	1
0019464	2
0019509	1
0019529	1
0019538	3
0019545	1
0019546	2
0019556	2
0019580	1
0019594	1
0019629	2
0019632	1
0019634	4
0019646	4
0019679	1
0019700	4
0019752	3
0019825	1
0019829	1
0019835	1
0019843	3
0019856	1
0019867	18
0019899	1
0020037	14
0022625	5
0022627	3
0022857	126
0022872	1
0022877	5
0022900	7
0022904	4
0030001	3
0030060	1
0030091	3
0030145	3
0030151	4
0030170	31
0030234	2
0030244	3
0030245	1
0030246	1
0030253	6
0030256	1
0030261	4
0030272	1
0030288	12
0030428	1
0030488	1
0030527	1
0030552	4
0030554	3
0030604	1
0030643	1
0030655	3
0030694	2
0030697	1
0030729	1
0030955	1
0030974	1
0030975	1
0030976	5
0030983	2
0031071	4
0031167	3
0031317	6
0031402	1
0031419	2
0031460	1
0031522	3
0031992	1
0032049	2
0032259	2
0032297	1
0032300	1
0032324	2
0032329	1
0032363	1
0032784	4
0032934	1
0032955	1
0032977	1
0033014	3
0033103	20
0033104	5
0033214	1
0033223	3
0033225	3
0033226	1
0033232	2
0033539	1
0033567	1
0033592	1
0033711	1
0033739	1
0033743	2
0033744	1
0033745	1
0033818	1
0033819	1
0033856	1
0033862	1
0033863	1
0033890	1
0033971	1
0034040	1
0034057	1
0034204	1
0034219	1
0034220	4
0034775	1
0035435	1
0035438	5
0036125	1
0036211	9
0036374	2
0036380	1
0036424	1
0038023	2
0042026	2
0042126	1
0042128	2
0042132	2
0042158	1
0042167	1
0042254	6
0042273	1
0042274	1
0042277	1
0042279	1
0042286	1
0042450	2
0042578	2
0042586	1
0042597	10
0042619	1
0042626	57
0042780	1
0042802	16
0042803	2
0042823	1
0042834	12
0042853	1
0042883	1
0042908	2
0042910	16
0042953	6
0043022	6
0043039	2
0043043	1
0043093	1
0043094	1
0043101	1
0043107	2
0043165	3
0043168	1
0043169	1
0043190	19
0043213	1
0043225	1
0043335	1
0043365	2
0043546	2
0043565	28
0043633	1
0043683	1
0043752	1
0043755	1
0043811	1
0043824	1
0043856	2
0043867	1
0043952	4
0044205	1
0044237	1
0044238	1
0044341	1
0044423	1
0044571	1
0044780	9
0044781	3
0044874	2
0045127	1
0045148	1
0045152	1
0045182	2
0045226	1
0045252	2
0045254	2
0045261	6
0045263	2
0045273	2
0045275	1
0045277	2
0045312	1
0045454	6
0045861	2
0045892	5
0045893	3
0045900	1
0046118	1
0046177	1
0046294	1
0046316	1
0046348	1
0046416	1
0046417	1
0046421	1
0046428	1
0046429	1
0046500	3
0046654	2
0046656	1
0046677	3
0046685	2
0046820	2
0046835	1
0046854	1
0046872	81
0046873	1
0046912	1
0046930	1
0046933	10
0046983	3
0047134	2
0047304	1
0047429	3
0047456	1
0047465	1
0047480	1
0047617	3
0047632	1
0047804	4
0047869	1
0047952	1
0048001	1
0048034	1
0048473	2
0048501	1
0048502	2
0050194	1
0050269	2
0050334	1
0050380	1
0050415	1
0050440	1
0050480	1
0050487	1
0050511	1
0050515	1
0050518	1
0050568	1
0050570	1
0050611	1
0050626	1
0050660	20
0050661	16
0050821	1
0050992	1
0051060	1
0051073	1
0051075	1
0051082	9
0051083	1
0051087	3
0051139	2
0051252	1
0051259	1
0051262	1
0051287	16
0051301	7
0051304	1
0051409	1
0051536	17
0051537	6
0051539	23
0051540	1
0051596	2
0051603	1
0051604	1
0051607	2
0051678	1
0051745	1
0051782	2
0051903	2
0051920	2
0051989	1
0052381	1
0052689	1
0052693	1
0052873	2
0052906	1
0052913	1
0055052	28
0055056	2
0055070	1
0055085	156
0055130	1
0060274	1
0061024	1
0061077	2
0061542	2
0061710	2
0061799	1
0065003	1
0070006	4
0070063	2
0070064	1
0070069	3
0070204	1
0070205	1
0070401	1
0070402	1
0070403	4
0070404	1
0070475	2
0070567	1
0070573	1
0070905	1
0070906	1
0070968	1
0071555	4
0071705	3
0071709	1
0071949	9
0071951	1
0071973	10
0072488	1
0075713	1
0089714	1
0090529	1
0090540	1
0090563	1
0090582	1
0097163	2
0097367	3
0097428	1
0097588	1
0098003	1
0098561	17
0098567	2
0098662	1
0098847	1
0101006	1
0102039	1
0102143	1
0102144	1
0102208	1
0103117	1
0106141	1
0120225	1
0140110	5
0140359	60
0140658	1
0140662	5
0140741	1
0141014	1
1900727	1
1901135	3
1901137	1
1901642	3
1901891	1
1902495	2
1902600	6
1904047	14
1904659	2
1904680	1
1905887	3
1990107	1
1990397	1
1990610	1
1990817	1
1990961	2
