0000015	1
0000030	1
0000034	1
0000041	1
0000049	3
0000062	1
0000098	2
0000103	1
0000104	2
0000105	12
0000107	2
0000118	1
0000155	18
0000156	36
0000160	53
0000162	6
0000166	28
0000175	2
0000179	1
0000210	1
0000270	5
0000271	6
0000287	23
0000302	1
0000311	1
0000314	3
0000315	3
0000413	1
0000451	1
0000774	1
0000902	2
0000906	1
0000910	4
0000917	1
0000918	2
0000921	1
0001216	7
0001510	4
0001522	12
0001530	1
0001539	5
0001680	1
0002098	1
0002100	1
0002161	2
0002943	1
0002949	3
0003676	26
0003677	147
0003678	6
0003684	4
0003688	1
0003690	1
0003697	3
0003700	79
0003723	42
0003724	2
0003725	2
0003729	1
0003735	54
0003743	4
0003746	5
0003747	2
0003755	7
0003756	1
0003774	5
0003824	33
0003842	2
0003844	1
0003848	1
0003849	2
0003852	1
0003855	1
0003856	1
0003861	2
0003862	1
0003864	1
0003866	1
0003871	2
0003879	1
0003882	1
0003883	1
0003886	1
0003887	8
0003899	6
0003906	1
0003908	1
0003911	1
0003913	2
0003916	1
0003917	1
0003918	4
0003922	1
0003924	17
0003934	1
0003935	2
0003937	1
0003938	1
0003941	1
0003942	1
0003949	1
0003951	1
0003952	1
0003954	1
0003955	1
0003960	2
0003963	1
0003977	1
0003978	1
0003983	1
0003984	1
0003985	1
0003987	1
0003989	3
0003991	1
0003994	1
0003998	1
0003999	1
0004013	1
0004014	1
0004015	1
0004017	1
0004018	1
0004019	1
0004022	4
0004042	1
0004044	1
0004045	2
0004047	1
0004048	1
0004049	2
0004055	1
0004056	1
0004057	1
0004065	1
0004068	1
0004070	1
0004072	1
0004073	1
0004075	1
0004076	1
0004077	1
0004084	1
0004088	1
0004089	2
0004096	1
0004107	1
0004108	1
0004109	2
0004112	6
0004124	2
0004127	1
0004129	6
0004134	1
0004140	1
0004141	1
0004143	1
0004146	1
0004148	2
0004149	1
0004150	1
0004151	1
0004152	2
0004156	1
0004160	1
0004170	1
0004175	1
0004176	3
0004177	2
0004181	5
0004190	5
0004222	11
0004252	7
0004298	1
0004311	1
0004314	1
0004315	2
0004316	2
0004318	2
0004322	2
0004324	1
0004325	1
0004326	1
0004332	1
0004340	1
0004342	1
0004345	1
0004347	1
0004349	1
0004350	1
0004352	1
0004356	1
0004357	1
0004358	1
0004360	2
0004363	1
0004364	1
0004372	1
0004373	1
0004375	1
0004385	1
0004386	5
0004399	1
0004400	2
0004401	1
0004407	1
0004412	1
0004413	1
0004416	1
0004417	1
0004418	1
0004424	1
0004425	1
0004427	1
0004450	1
0004451	1
0004456	1
0004462	1
0004470	1
0004471	1
0004474	1
0004478	1
0004479	1
0004488	1
0004489	2
0004497	5
0004514	2
0004518	4
0004519	5
0004520	1
0004521	1
0004523	2
0004525	1
0004526	1
0004527	1
0004536	2
0004540	4
0004550	1
0004553	16
0004568	10
0004585	1
0004588	1
0004590	1
0004591	1
0004592	1
0004594	1
0004595	1
0004601	3
0004602	2
0004604	1
0004605	2
0004609	1
0004618	1
0004619	1
0004632	1
0004633	1
0004634	1
0004635	1
0004636	1
0004637	1
0004638	2
0004639	1
0004640	1
0004641	1
0004642	1
0004643	1
0004644	2
0004645	1
0004648	1
0004654	1
0004655	1
0004657	2
0004659	2
0004664	1
0004672	2
0004673	12
0004674	4
0004719	2
0004721	1
0004722	3
0004725	3
0004730	1
0004735	1
0004738	1
0004742	1
0004743	2
0004748	1
0004749	2
0004750	1
0004751	2
0004764	1
0004765	1
0004781	1
0004784	1
0004789	1
0004791	1
0004794	1
0004795	1
0004798	1
0004799	1
0004801	1
0004802	1
0004803	33
0004807	2
0004808	1
0004810	1
0004812	4
0004813	1
0004814	1
0004817	1
0004818	1
0004819	1
0004820	2
0004821	1
0004822	1
0004823	1
0004824	1
0004825	1
0004826	2
0004827	1
0004828	1
0004829	1
0004830	2
0004831	1
0004832	1
0004834	2
0004844	1
0004845	1
0004851	1
0004852	1
0004853	1
0004857	1
0004866	1
0004867	1
0004888	4
0005047	1
0005048	1
0005198	8
0005215	10
0005247	1
0005283	1
0005315	1
0005319	1
0005344	1
0005506	7
0005507	7
0005515	36
0005524	214
0005525	46
0005576	11
0005694	3
0005737	49
0005739	1
0005829	5
0005840	31
0005854	1
0005886	85
0005960	1
0005975	44
0005978	2
0005980	2
0006006	4
0006011	1
0006012	1
0006015	1
0006020	1
0006032	5
0006040	1
0006044	1
0006048	1
0006066	1
0006082	1
0006086	1
0006090	1
0006094	2
0006096	10
0006097	1
0006098	5
0006099	10
0006108	1
0006109	1
0006116	1
0006119	1
0006120	1
0006139	1
0006146	1
0006163	1
0006164	4
0006168	1
0006177	1
0006188	1
0006189	6
0006203	1
0006207	3
0006221	3
0006222	1
0006226	1
0006229	1
0006231	1
0006233	1
0006241	1
0006259	1
0006260	15
0006261	1
0006265	5
0006269	1
0006270	1
0006275	1
0006276	1
0006281	27
0006282	1
0006284	4
0006285	1
0006289	3
0006298	2
0006304	2
0006308	2
0006310	23
0006313	5
0006351	5
0006352	7
0006353	3
0006355	104
0006364	10
0006396	10
0006400	9
0006401	1
0006402	1
0006412	59
0006413	4
0006414	4
0006415	5
0006418	2
0006419	1
0006420	1
0006423	1
0006424	3
0006425	1
0006426	2
0006427	1
0006428	1
0006429	1
0006430	1
0006431	1
0006432	2
0006433	1
0006434	1
0006435	1
0006436	2
0006437	1
0006438	1
0006450	1
0006457	11
0006465	1
0006468	4
0006470	5
0006482	2
0006486	4
0006493	1
0006508	42
0006520	5
0006522	1
0006523	1
0006526	4
0006527	4
0006534	1
0006535	4
0006537	2
0006541	2
0006542	1
0006555	2
0006556	1
0006561	4
0006564	2
0006568	1
0006592	2
0006605	2
0006614	1
0006629	4
0006631	1
0006633	10
0006644	1
0006654	2
0006662	2
0006729	2
0006730	2
0006744	9
0006749	7
0006750	2
0006777	7
0006779	5
0006780	1
0006782	1
0006783	2
0006790	1
0006796	2
0006797	1
0006799	1
0006801	2
0006808	4
0006810	16
0006812	6
0006813	6
0006814	1
0006817	8
0006821	1
0006824	2
0006826	2
0006847	1
0006865	9
0006869	1
0006879	2
0006886	3
0006935	34
0006950	2
0006979	5
0007059	2
0007155	3
0007165	44
0008033	11
0008061	7
0008080	18
0008081	2
0008094	1
0008097	1
0008113	1
0008121	2
0008124	2
0008126	1
0008134	2
0008135	1
0008137	6
0008152	10
0008168	24
0008170	1
0008171	1
0008173	5
0008176	1
0008177	1
0008186	1
0008198	1
0008199	3
0008233	9
0008234	3
0008236	4
0008237	7
0008251	1
0008252	1
0008253	1
0008270	28
0008276	1
0008289	3
0008295	1
0008299	4
0008310	1
0008311	1
0008320	1
0008324	2
0008360	6
0008374	1
0008379	4
0008381	4
0008408	4
0008409	1
0008412	1
0008413	1
0008444	1
0008452	2
0008460	1
0008479	1
0008483	2
0008490	1
0008495	1
0008519	2
0008534	1
0008535	3
0008556	3
0008610	3
0008615	3
0008616	3
0008641	1
0008643	12
0008649	2
0008652	3
0008653	1
0008654	9
0008658	3
0008661	1
0008666	1
0008675	1
0008676	1
0008685	1
0008686	2
0008690	1
0008696	1
0008700	1
0008703	1
0008705	1
0008710	1
0008712	1
0008716	1
0008718	2
0008720	1
0008725	1
0008728	2
0008734	1
0008745	2
0008750	1
0008752	4
0008753	6
0008754	3
0008755	3
0008757	13
0008758	1
0008760	1
0008762	1
0008763	1
0008764	1
0008772	1
0008773	1
0008779	1
0008780	1
0008784	1
0008785	1
0008791	1
0008794	1
0008803	1
0008808	1
0008813	1
0008817	1
0008818	1
0008820	1
0008821	1
0008828	1
0008829	1
0008830	1
0008832	1
0008835	1
0008836	1
0008837	1
0008839	2
0008840	2
0008854	3
0008855	2
0008861	1
0008864	1
0008878	1
0008879	1
0008881	1
0008882	1
0008883	1
0008887	1
0008893	2
0008897	1
0008899	1
0008902	2
0008914	1
0008915	1
0008920	3
0008922	1
0008932	1
0008933	3
0008934	1
0008939	1
0008940	1
0008955	2
0008961	2
0008963	1
0008964	1
0008965	2
0008966	1
0008967	1
0008968	1
0008972	2
0008976	1
0008982	4
0008984	3
0008986	1
0008987	1
0008988	2
0008998	1
0008999	1
0009001	2
0009002	4
0009007	1
0009009	1
0009015	1
0009016	1
0009017	1
0009022	1
0009029	1
0009030	1
0009036	1
0009037	1
0009052	2
0009055	27
0009058	5
0009060	2
0009073	5
0009081	1
0009082	3
0009086	7
0009088	3
0009089	10
0009094	1
0009097	2
0009098	3
0009102	6
0009103	4
0009107	1
0009113	2
0009116	3
0009117	2
0009132	2
0009143	1
0009146	2
0009152	3
0009156	1
0009165	2
0009166	1
0009220	1
0009225	1
0009228	8
0009236	7
0009240	1
0009244	5
0009245	6
0009249	2
0009252	21
0009253	3
0009254	1
0009255	2
0009263	1
0009274	2
0009276	1
0009279	18
0009288	7
0009290	1
0009294	1
0009295	1
0009297	2
0009306	12
0009307	4
0009316	2
0009317	4
0009318	2
0009320	1
0009331	1
0009338	3
0009340	1
0009349	1
0009358	1
0009360	3
0009368	2
0009376	2
0009378	2
0009379	1
0009380	2
0009381	1
0009396	3
0009401	7
0009408	2
0009423	3
0009424	2
0009425	1
0009426	1
0009427	1
0009428	2
0009431	2
0009432	1
0009435	6
0009451	10
0009636	1
0009691	2
0009897	1
0009898	3
0009927	1
0009966	6
0009975	7
0009982	11
0010038	1
0010133	1
0010181	18
0010340	1
0010945	1
0010951	1
0015031	8
0015035	6
0015036	3
0015074	8
0015078	4
0015079	3
0015087	2
0015093	1
0015095	3
0015098	1
0015103	4
0015109	1
0015128	1
0015129	1
0015136	1
0015159	1
0015171	1
0015205	2
0015221	4
0015232	3
0015252	2
0015267	2
0015288	7
0015291	2
0015293	4
0015297	5
0015343	2
0015412	2
0015415	3
0015419	3
0015424	1
0015440	1
0015450	3
0015501	1
0015562	14
0015572	1
0015616	1
0015627	17
0015628	22
0015658	4
0015662	3
0015663	1
0015666	1
0015689	4
0015693	3
0015700	1
0015703	1
0015716	1
0015739	1
0015774	1
0015803	5
0015813	1
0015826	1
0015833	2
0015846	1
0015851	2
0015886	3
0015890	1
0015891	3
0015914	2
0015920	4
0015930	2
0015934	8
0015935	6
0015937	3
0015940	2
0015941	1
0015949	2
0015970	2
0015976	2
0015977	1
0015986	8
0015990	1
0016020	245
0016024	2
0016114	1
0016117	1
0016149	2
0016208	1
0016226	10
0016301	7
0016310	13
0016311	3
0016407	2
0016410	2
0016433	1
0016434	1
0016436	1
0016462	2
0016491	45
0016531	2
0016597	1
0016598	1
0016614	2
0016615	1
0016616	3
0016620	7
0016627	1
0016628	1
0016639	1
0016651	2
0016655	2
0016661	1
0016667	1
0016684	2
0016701	1
0016705	4
0016706	1
0016740	11
0016746	21
0016747	6
0016755	1
0016757	10
0016758	1
0016763	1
0016765	3
0016772	3
0016773	4
0016774	1
0016776	2
0016779	6
0016780	3
0016782	1
0016783	3
0016787	55
0016788	5
0016790	6
0016791	10
0016798	7
0016799	3
0016810	2
0016817	2
0016818	2
0016829	2
0016831	3
0016832	1
0016836	3
0016846	3
0016849	1
0016853	5
0016854	1
0016857	1
0016866	1
0016868	2
0016872	2
0016874	4
0016879	1
0016881	1
0016884	1
0016887	75
0016896	1
0016901	1
0016987	8
0016992	1
0016998	2
0017000	3
0017003	1
0017004	10
0017013	1
0017038	2
0017057	1
0017136	1
0017148	1
0017150	3
0017168	1
0018104	1
0018277	2
0018364	2
0018454	1
0018455	2
0018580	1
0019104	3
0019134	1
0019177	1
0019200	1
0019213	1
0019239	1
0019243	1
0019264	1
0019277	1
0019288	2
0019290	1
0019305	3
0019346	3
0019354	1
0019379	1
0019427	1
0019430	1
0019464	3
0019538	1
0019632	1
0019646	1
0019674	1
0019700	2
0019752	1
0019808	1
0019825	1
0019829	4
0019843	3
0019856	1
0019867	9
0019899	1
0020037	16
0022625	5
0022627	3
0022857	61
0022900	5
0022904	2
0030001	4
0030091	4
0030145	1
0030151	2
0030170	20
0030234	3
0030246	9
0030253	4
0030256	2
0030261	2
0030272	1
0030288	5
0030435	1
0030488	1
0030497	1
0030527	2
0030552	3
0030554	3
0030604	1
0030612	1
0030643	1
0030674	2
0030694	3
0030894	1
0030955	2
0030956	2
0030973	1
0030976	3
0030983	2
0031004	3
0031071	2
0031167	2
0031418	1
0031419	2
0031522	2
0031992	1
0032049	1
0032259	12
0032297	1
0032300	1
0032329	1
0032775	1
0032784	4
0032977	1
0032993	5
0033014	4
0033103	12
0033104	4
0033214	1
0033223	3
0033225	3
0033226	1
0033232	2
0033617	1
0033739	1
0033743	1
0033744	1
0033818	1
0033819	1
0033856	1
0033862	1
0033958	1
0034040	2
0034204	1
0034220	2
0035429	1
0035435	1
0035438	5
0035870	1
0036211	7
0036222	1
0036424	1
0038023	2
0042026	2
0042132	1
0042158	2
0042254	6
0042273	1
0042274	1
0042286	1
0042301	1
0042450	2
0042546	1
0042559	1
0042578	3
0042586	2
0042597	4
0042619	1
0042626	73
0042724	1
0042773	3
0042802	9
0042803	2
0042834	8
0042908	5
0042910	3
0042919	1
0042925	1
0042953	4
0043022	6
0043024	1
0043039	2
0043093	3
0043107	2
0043115	1
0043165	1
0043168	1
0043169	1
0043190	10
0043213	1
0043225	1
0043295	2
0043335	1
0043365	2
0043424	1
0043448	1
0043462	1
0043531	1
0043546	3
0043565	13
0043571	6
0043633	1
0043683	6
0043751	1
0043752	1
0043811	1
0043824	1
0043856	2
0043867	1
0043934	1
0043952	3
0043953	1
0044096	3
0044205	1
0044423	3
0044571	1
0044780	10
0044781	2
0044874	1
0044877	1
0045182	1
0045252	1
0045254	2
0045259	4
0045271	1
0045273	2
0045275	1
0045277	1
0045454	2
0045861	2
0045892	2
0045893	1
0045900	2
0045936	1
0046081	1
0046118	1
0046167	1
0046306	1
0046417	1
0046429	1
0046654	3
0046656	3
0046677	3
0046685	3
0046688	1
0046820	1
0046872	136
0046873	2
0046905	1
0046914	1
0046933	5
0046983	3
0047134	2
0047304	1
0047330	1
0047429	3
0047480	1
0047617	2
0047804	1
0047834	3
0047952	1
0048038	4
0048472	1
0048473	2
0048501	1
0050136	8
0050194	1
0050311	1
0050380	1
0050446	1
0050511	1
0050515	1
0050567	2
0050568	3
0050570	1
0050660	13
0050661	9
0050920	1
0050992	1
0051073	1
0051082	5
0051083	1
0051087	2
0051119	1
0051139	1
0051205	1
0051213	2
0051259	1
0051266	1
0051287	17
0051301	9
0051536	15
0051537	8
0051539	19
0051540	1
0051596	1
0051603	1
0051604	3
0051607	1
0051745	1
0051920	6
0051989	1
0052381	1
0052621	22
0052689	3
0052693	1
0052873	3
0052906	1
0052913	1
0055052	22
0055056	1
0055085	92
0055130	2
0061024	1
0061542	1
0061599	1
0061710	2
0061799	1
0061929	1
0070006	3
0070063	3
0070064	1
0070069	2
0070401	1
0070402	3
0070403	5
0070404	1
0070475	2
0070567	1
0070733	1
0070905	1
0070968	1
0071111	15
0071268	1
0071555	7
0071705	1
0071709	1
0071805	1
0071949	9
0071951	1
0071972	1
0071973	12
0071978	1
0072488	2
0090529	1
0097163	1
0097347	1
0097367	4
0097657	1
0098003	3
0098024	3
0098561	1
0098567	1
0102039	1
0103117	1
0106141	1
0106361	1
0110142	2
0120010	1
0120225	1
0120549	1
0140078	1
0140098	3
0140110	1
0140358	3
0140359	76
0140662	3
0140737	2
0141098	1
1901135	2
1901137	3
1901891	1
1902358	2
1902495	4
1902600	5
1904047	28
1904659	1
1990063	1
1990107	1
1990229	1
1990610	1
1990817	1
1990961	1
