0000015	1
0000049	2
0000062	1
0000103	2
0000105	8
0000107	2
0000155	4
0000156	11
0000160	20
0000162	3
0000166	16
0000179	1
0000271	3
0000272	1
0000276	1
0000287	11
0000309	1
0000311	1
0000314	2
0000315	3
0000334	1
0000451	1
0000774	1
0000902	1
0000906	1
0000910	1
0000917	1
0001072	1
0001216	1
0001510	2
0001522	6
0002098	1
0002949	3
0003676	18
0003677	93
0003678	6
0003684	3
0003688	1
0003697	2
0003700	43
0003723	26
0003725	2
0003729	1
0003735	53
0003743	3
0003746	4
0003747	1
0003755	5
0003824	22
0003842	1
0003844	1
0003848	1
0003852	2
0003855	1
0003856	1
0003857	1
0003861	2
0003862	2
0003864	1
0003866	1
0003871	1
0003879	1
0003883	1
0003887	5
0003896	1
0003899	4
0003904	1
0003908	1
0003911	1
0003916	2
0003917	1
0003918	4
0003919	1
0003920	1
0003922	1
0003924	13
0003934	2
0003937	1
0003938	1
0003942	1
0003949	1
0003953	1
0003978	1
0003984	1
0003985	2
0003986	1
0003987	2
0003989	3
0003991	1
0003994	2
0003995	1
0003999	1
0004013	1
0004015	1
0004018	1
0004019	1
0004020	1
0004035	1
0004040	1
0004045	2
0004047	1
0004048	1
0004053	1
0004056	1
0004068	1
0004070	1
0004072	3
0004073	1
0004075	1
0004076	1
0004077	1
0004084	1
0004088	1
0004089	1
0004096	1
0004107	1
0004109	2
0004124	1
0004126	1
0004127	1
0004129	6
0004139	1
0004140	1
0004141	1
0004146	1
0004148	2
0004149	1
0004150	1
0004152	1
0004156	1
0004160	2
0004170	1
0004177	4
0004181	1
0004190	2
0004197	1
0004222	3
0004252	9
0004314	1
0004315	2
0004316	1
0004318	1
0004325	1
0004326	1
0004332	1
0004333	2
0004334	1
0004335	1
0004342	3
0004347	1
0004349	1
0004350	1
0004356	2
0004357	1
0004360	1
0004372	1
0004373	1
0004375	1
0004385	1
0004386	9
0004399	1
0004400	1
0004401	1
0004412	2
0004413	1
0004418	1
0004420	1
0004424	1
0004425	1
0004427	1
0004450	1
0004452	1
0004455	1
0004470	1
0004471	1
0004476	1
0004478	1
0004479	1
0004489	1
0004494	1
0004497	3
0004514	1
0004515	1
0004518	6
0004519	3
0004523	2
0004525	1
0004526	1
0004527	3
0004540	3
0004553	55
0004555	1
0004560	2
0004565	1
0004587	1
0004588	1
0004590	1
0004591	1
0004592	1
0004595	1
0004601	3
0004602	1
0004604	1
0004609	1
0004612	1
0004632	1
0004633	1
0004634	1
0004635	1
0004636	1
0004637	1
0004638	2
0004639	1
0004642	1
0004643	1
0004644	2
0004648	1
0004650	1
0004654	1
0004655	1
0004659	2
0004665	1
0004673	9
0004719	1
0004725	1
0004731	1
0004733	1
0004735	1
0004739	2
0004743	1
0004748	1
0004749	1
0004750	1
0004751	1
0004781	1
0004784	2
0004788	1
0004789	1
0004791	1
0004794	1
0004795	1
0004797	1
0004799	1
0004803	30
0004807	1
0004808	1
0004812	2
0004813	1
0004814	1
0004816	1
0004817	1
0004818	1
0004819	1
0004820	1
0004821	1
0004822	1
0004823	1
0004824	1
0004825	1
0004826	2
0004827	1
0004828	1
0004829	1
0004830	1
0004831	1
0004832	1
0004833	1
0004834	2
0004844	1
0004845	1
0004849	1
0004851	1
0004852	1
0004853	1
0004856	1
0004888	5
0005047	1
0005048	1
0005247	2
0005384	1
0005506	5
0005507	4
0005509	1
0005515	12
0005524	136
0005525	20
0005576	2
0005694	1
0005737	43
0005777	1
0005829	4
0005840	32
0005886	22
0005948	1
0005960	1
0005971	1
0005975	63
0005978	3
0005991	1
0005996	1
0005998	1
0006002	1
0006006	2
0006012	3
0006015	1
0006044	3
0006064	3
0006072	1
0006086	2
0006094	2
0006096	8
0006098	1
0006099	8
0006106	1
0006139	1
0006163	1
0006164	4
0006166	1
0006177	1
0006188	1
0006189	5
0006203	1
0006207	2
0006221	3
0006222	1
0006226	1
0006231	1
0006241	1
0006259	2
0006260	13
0006261	1
0006265	6
0006269	1
0006270	1
0006275	1
0006281	19
0006284	2
0006285	1
0006289	4
0006298	2
0006302	1
0006304	1
0006310	13
0006313	4
0006351	4
0006352	16
0006353	3
0006355	49
0006364	7
0006396	4
0006400	8
0006402	2
0006412	57
0006413	3
0006414	4
0006415	5
0006418	1
0006419	1
0006420	1
0006421	1
0006423	1
0006424	1
0006425	1
0006426	1
0006427	1
0006428	1
0006429	1
0006430	1
0006431	1
0006432	2
0006433	1
0006434	1
0006435	1
0006436	1
0006437	1
0006438	1
0006457	3
0006465	4
0006470	1
0006479	1
0006508	18
0006520	3
0006522	1
0006523	1
0006526	1
0006535	3
0006537	1
0006541	1
0006542	1
0006556	1
0006559	1
0006561	3
0006564	2
0006566	1
0006568	1
0006569	1
0006571	1
0006572	1
0006592	2
0006596	1
0006605	2
0006614	1
0006629	1
0006631	2
0006633	11
0006635	1
0006650	1
0006729	1
0006730	3
0006744	2
0006760	1
0006772	1
0006777	3
0006779	5
0006780	1
0006782	1
0006783	1
0006784	1
0006790	1
0006797	1
0006799	1
0006810	4
0006811	6
0006812	2
0006814	2
0006817	5
0006821	1
0006824	1
0006826	1
0006855	1
0006885	1
0006886	1
0006950	1
0006979	5
0007049	2
0007059	1
0007155	2
0007165	10
0008033	8
0008080	9
0008094	1
0008097	1
0008108	1
0008113	2
0008124	1
0008135	1
0008137	1
0008152	6
0008168	6
0008170	1
0008172	1
0008173	4
0008176	1
0008186	1
0008199	1
0008218	1
0008219	1
0008233	3
0008236	6
0008237	5
0008252	1
0008253	1
0008270	20
0008276	1
0008299	3
0008324	1
0008360	4
0008379	2
0008381	2
0008408	4
0008409	1
0008410	1
0008413	1
0008425	2
0008441	1
0008446	2
0008460	1
0008479	1
0008483	1
0008484	8
0008490	1
0008495	1
0008519	2
0008535	2
0008610	1
0008612	1
0008615	4
0008616	1
0008641	2
0008643	5
0008649	2
0008652	5
0008654	4
0008655	1
0008657	3
0008658	2
0008661	1
0008676	1
0008686	1
0008690	1
0008697	1
0008703	1
0008705	1
0008716	1
0008720	1
0008733	1
0008734	1
0008741	1
0008742	1
0008745	1
0008752	2
0008754	1
0008757	6
0008759	1
0008760	1
0008762	1
0008763	1
0008764	1
0008770	1
0008773	2
0008780	1
0008784	1
0008795	1
0008817	1
0008821	1
0008824	1
0008830	1
0008831	1
0008832	1
0008835	1
0008836	1
0008837	1
0008839	1
0008840	1
0008841	1
0008854	1
0008864	1
0008878	1
0008879	1
0008880	1
0008881	1
0008883	1
0008914	1
0008915	1
0008927	2
0008929	1
0008932	1
0008935	1
0008939	1
0008942	2
0008961	1
0008963	1
0008964	1
0008966	2
0008976	1
0008977	1
0008983	1
0008987	1
0008988	1
0008998	2
0009001	2
0009011	1
0009029	1
0009030	1
0009037	1
0009045	1
0009052	1
0009055	4
0009058	8
0009060	2
0009067	2
0009073	3
0009081	1
0009082	5
0009086	3
0009088	1
0009089	4
0009098	6
0009102	3
0009107	1
0009113	1
0009116	5
0009117	1
0009132	1
0009143	1
0009152	3
0009156	1
0009165	1
0009220	1
0009225	1
0009228	5
0009234	3
0009236	3
0009243	1
0009244	1
0009245	6
0009249	2
0009252	13
0009254	1
0009263	1
0009264	1
0009265	2
0009274	1
0009279	55
0009294	1
0009306	8
0009307	1
0009316	2
0009317	4
0009320	1
0009336	1
0009338	1
0009349	1
0009358	1
0009360	2
0009378	2
0009379	1
0009380	2
0009381	1
0009396	2
0009403	1
0009408	1
0009423	2
0009432	2
0009435	6
0009439	1
0009451	4
0009678	1
0009691	1
0009898	1
0009972	1
0009982	7
0010133	1
0010181	6
0010945	1
0015016	1
0015031	3
0015035	2
0015074	4
0015078	2
0015087	1
0015093	1
0015095	2
0015103	3
0015109	1
0015112	1
0015136	1
0015150	2
0015159	2
0015221	2
0015288	9
0015293	2
0015297	2
0015343	2
0015385	1
0015415	3
0015450	2
0015535	2
0015562	12
0015628	1
0015663	1
0015693	2
0015700	1
0015703	1
0015706	1
0015739	1
0015756	2
0015890	1
0015891	2
0015914	1
0015920	2
0015930	1
0015934	8
0015935	6
0015936	1
0015937	3
0015938	1
0015940	2
0015941	1
0015949	2
0015970	1
0015976	1
0015977	1
0015986	7
0016020	137
0016051	1
0016052	1
0016114	1
0016149	3
0016151	1
0016158	1
0016208	2
0016209	2
0016226	5
0016301	6
0016310	5
0016311	2
0016407	2
0016410	3
0016430	1
0016433	1
0016434	1
0016462	1
0016491	45
0016597	2
0016616	4
0016620	4
0016624	1
0016627	2
0016639	1
0016651	7
0016655	1
0016682	1
0016684	1
0016740	12
0016746	10
0016747	7
0016757	20
0016758	1
0016763	1
0016765	4
0016773	4
0016776	1
0016779	2
0016780	2
0016782	2
0016783	2
0016787	33
0016788	3
0016790	1
0016799	1
0016810	3
0016812	1
0016818	1
0016829	5
0016831	1
0016832	2
0016835	1
0016836	2
0016853	5
0016857	4
0016866	2
0016868	1
0016874	5
0016879	1
0016887	37
0016891	1
0016901	1
0016987	16
0016989	5
0016992	1
0017004	2
0017013	2
0017148	1
0017150	2
0018104	1
0018339	1
0018364	1
0019104	1
0019172	1
0019200	1
0019203	1
0019205	1
0019213	2
0019241	1
0019242	1
0019264	1
0019277	1
0019299	1
0019305	4
0019310	1
0019346	1
0019354	1
0019379	1
0019427	2
0019430	1
0019441	1
0019464	3
0019516	1
0019569	2
0019673	2
0019752	1
0019843	3
0019867	2
0020037	8
0022625	5
0022627	2
0022857	61
0030001	2
0030026	1
0030091	5
0030145	2
0030170	10
0030246	5
0030261	3
0030272	1
0030420	2
0030429	1
0030488	1
0030541	3
0030552	9
0030554	1
0030570	3
0030599	6
0030643	1
0030955	1
0030976	3
0030983	2
0031167	1
0031240	9
0031419	3
0032259	5
0032508	2
0032784	3
0033014	3
0033201	1
0033743	2
0033744	2
0033818	1
0033819	1
0033856	1
0033862	1
0033958	1
0034707	1
0035539	1
0036211	4
0036424	1
0038023	2
0042026	2
0042128	1
0042132	1
0042254	3
0042274	1
0042286	1
0042372	1
0042398	1
0042450	2
0042545	6
0042578	2
0042586	1
0042597	9
0042626	22
0042732	2
0042773	3
0042780	1
0042802	10
0042803	4
0042834	4
0042910	1
0043022	5
0043093	1
0043169	1
0043190	2
0043295	1
0043565	13
0043687	1
0043755	1
0043857	1
0043952	2
0043953	1
0045148	1
0045182	1
0045226	1
0045239	1
0045252	1
0045254	1
0045261	4
0045262	4
0045263	3
0045264	1
0045278	1
0045490	4
0045493	1
0045900	1
0045927	1
0045936	1
0046081	1
0046118	1
0046348	1
0046373	2
0046417	1
0046428	1
0046537	1
0046556	2
0046559	1
0046654	2
0046685	1
0046835	1
0046872	53
0046873	2
0046912	1
0046933	5
0046983	2
0047294	1
0047355	1
0047429	1
0047480	1
0047617	3
0047834	1
0047952	1
0048038	1
0048040	1
0048501	1
0050113	1
0050136	1
0050380	1
0050415	2
0050421	1
0050511	1
0050570	2
0050660	13
0050661	7
0051073	1
0051082	3
0051087	1
0051119	4
0051205	1
0051287	8
0051290	3
0051301	6
0051353	1
0051536	11
0051537	2
0051539	20
0051540	1
0051920	3
0051989	1
0052381	1
0052624	1
0052693	1
0052717	1
0052873	2
0052906	1
0055052	15
0055070	1
0055085	58
0061077	2
0061542	2
0061599	1
0061603	1
0061710	2
0061712	1
0062192	1
0070006	2
0070007	2
0070063	1
0070204	1
0070401	1
0070403	6
0070404	1
0070475	2
0070814	1
0070905	1
0070968	1
0071555	2
0071586	2
0071793	3
0071805	1
0071949	2
0071951	1
0071972	1
0072488	2
0097351	1
0098869	1
0102208	2
0110001	1
0140078	3
0140359	22
0140662	1
1901137	1
1901576	1
1902560	1
1902600	4
1904047	16
1905887	2
1990107	1
1990397	1
1990586	1
1990610	1
