0000015	1
0000035	1
0000036	1
0000049	3
0000098	1
0000104	1
0000105	8
0000107	2
0000150	1
0000155	13
0000156	7
0000160	20
0000162	4
0000166	25
0000175	1
0000179	1
0000210	1
0000256	1
0000271	4
0000286	1
0000287	17
0000311	1
0000314	2
0000315	3
0000413	1
0000451	1
0000774	1
0000902	1
0000906	1
0000910	2
0000917	1
0000976	1
0001216	2
0001510	1
0001522	5
0001539	3
0001558	1
0001727	2
0002161	2
0002949	3
0003676	21
0003677	176
0003678	8
0003684	8
0003688	1
0003697	5
0003700	104
0003723	32
0003724	1
0003725	1
0003735	52
0003743	3
0003746	4
0003747	1
0003755	5
0003774	3
0003824	35
0003825	1
0003844	1
0003848	1
0003849	1
0003852	1
0003855	1
0003856	1
0003861	2
0003862	1
0003866	1
0003871	1
0003879	1
0003883	1
0003887	11
0003899	6
0003905	1
0003906	4
0003908	2
0003910	3
0003911	1
0003916	1
0003917	2
0003918	4
0003919	1
0003922	1
0003924	8
0003934	1
0003935	1
0003937	1
0003938	2
0003942	1
0003949	1
0003951	1
0003952	1
0003954	1
0003977	1
0003978	1
0003983	1
0003984	1
0003985	1
0003987	1
0003989	2
0003991	1
0003994	1
0003995	1
0003997	1
0003999	1
0004000	2
0004018	1
0004019	1
0004030	2
0004038	1
0004044	1
0004045	1
0004047	1
0004048	1
0004055	1
0004056	1
0004061	1
0004067	1
0004070	1
0004072	1
0004073	1
0004075	2
0004077	1
0004084	1
0004088	1
0004096	2
0004107	1
0004108	1
0004124	1
0004126	1
0004127	1
0004129	4
0004133	1
0004139	1
0004140	1
0004144	1
0004146	3
0004148	2
0004150	1
0004152	1
0004156	1
0004160	1
0004169	1
0004170	1
0004176	4
0004177	5
0004180	1
0004181	2
0004190	7
0004222	7
0004252	9
0004314	1
0004315	2
0004325	1
0004326	1
0004332	1
0004333	1
0004335	1
0004340	1
0004342	1
0004345	1
0004347	1
0004349	1
0004350	1
0004356	3
0004358	1
0004359	2
0004360	1
0004370	1
0004372	1
0004373	1
0004375	1
0004385	1
0004386	6
0004399	1
0004400	1
0004412	1
0004413	1
0004414	1
0004418	1
0004424	1
0004425	1
0004450	1
0004451	1
0004459	1
0004474	1
0004475	1
0004476	1
0004478	1
0004479	1
0004488	1
0004489	1
0004497	5
0004514	1
0004516	1
0004518	4
0004519	7
0004521	2
0004523	2
0004525	1
0004526	1
0004527	1
0004529	1
0004534	1
0004536	1
0004540	4
0004550	1
0004553	12
0004556	1
0004565	1
0004574	1
0004585	1
0004587	1
0004588	1
0004590	1
0004591	1
0004594	1
0004595	1
0004601	2
0004602	1
0004605	1
0004611	1
0004614	1
0004616	1
0004617	1
0004618	1
0004619	1
0004632	1
0004633	1
0004634	1
0004635	1
0004636	1
0004637	1
0004638	2
0004639	1
0004640	1
0004641	1
0004642	3
0004643	1
0004644	1
0004645	1
0004648	1
0004654	1
0004655	1
0004658	1
0004659	2
0004664	1
0004665	1
0004672	3
0004673	11
0004674	2
0004719	1
0004721	2
0004722	3
0004725	5
0004731	1
0004735	1
0004736	1
0004738	1
0004743	1
0004748	2
0004749	1
0004750	1
0004765	1
0004766	1
0004784	1
0004791	1
0004793	1
0004794	1
0004795	1
0004797	1
0004798	1
0004799	1
0004801	1
0004802	1
0004803	43
0004805	1
0004807	1
0004812	2
0004813	1
0004814	1
0004817	1
0004818	1
0004820	1
0004821	1
0004822	1
0004823	1
0004824	1
0004825	1
0004826	2
0004827	1
0004828	1
0004829	1
0004830	1
0004831	1
0004832	1
0004834	2
0004844	1
0004845	1
0004846	1
0004851	1
0004852	2
0004853	1
0004856	1
0005047	1
0005048	1
0005198	5
0005215	7
0005283	1
0005384	1
0005488	2
0005506	8
0005507	4
0005515	13
0005524	242
0005525	18
0005576	6
0005694	1
0005737	30
0005739	1
0005777	1
0005829	3
0005840	30
0005854	1
0005886	43
0005960	2
0005971	1
0005975	23
0005978	2
0005980	1
0005992	2
0005997	1
0006006	3
0006007	1
0006011	1
0006012	4
0006015	1
0006020	1
0006044	2
0006047	1
0006048	1
0006071	1
0006072	2
0006082	1
0006086	1
0006090	1
0006094	4
0006096	8
0006097	1
0006098	5
0006099	9
0006106	1
0006108	1
0006109	1
0006116	1
0006139	2
0006144	3
0006163	1
0006164	4
0006166	1
0006177	1
0006188	1
0006189	8
0006203	1
0006206	1
0006207	3
0006221	3
0006226	1
0006229	1
0006231	1
0006233	1
0006241	1
0006259	1
0006260	15
0006261	3
0006265	6
0006269	1
0006275	1
0006281	27
0006282	1
0006284	7
0006289	3
0006302	1
0006303	1
0006304	5
0006308	2
0006310	20
0006313	1
0006351	4
0006352	5
0006353	3
0006355	99
0006364	7
0006396	9
0006400	4
0006402	3
0006412	57
0006413	3
0006414	4
0006415	2
0006418	2
0006419	1
0006420	1
0006423	1
0006424	3
0006426	1
0006427	1
0006428	1
0006429	1
0006430	1
0006431	1
0006432	2
0006433	1
0006434	1
0006435	1
0006436	1
0006437	1
0006438	1
0006450	1
0006457	5
0006465	1
0006468	3
0006470	6
0006486	7
0006508	36
0006520	2
0006522	1
0006525	1
0006526	4
0006531	1
0006534	1
0006535	2
0006537	1
0006541	1
0006542	3
0006555	1
0006556	1
0006561	3
0006564	3
0006567	2
0006568	1
0006571	1
0006592	2
0006605	2
0006614	1
0006629	3
0006631	3
0006633	7
0006635	1
0006730	2
0006741	1
0006760	1
0006777	6
0006779	3
0006780	2
0006782	2
0006783	2
0006797	1
0006799	1
0006801	1
0006810	8
0006812	10
0006814	3
0006817	5
0006820	1
0006824	1
0006826	2
0006833	1
0006855	1
0006865	7
0006885	2
0006886	3
0006935	1
0006950	1
0006979	4
0007059	4
0007155	1
0007165	14
0008033	6
0008080	18
0008081	3
0008094	1
0008108	1
0008113	1
0008121	1
0008135	1
0008137	1
0008152	7
0008168	14
0008171	2
0008173	4
0008176	1
0008177	1
0008186	1
0008199	1
0008233	6
0008234	1
0008236	4
0008237	11
0008270	41
0008299	3
0008324	10
0008360	3
0008381	2
0008408	4
0008409	1
0008410	4
0008422	1
0008444	1
0008448	1
0008460	1
0008478	1
0008483	5
0008495	1
0008509	1
0008519	1
0008534	3
0008615	1
0008641	1
0008643	25
0008649	1
0008652	3
0008654	6
0008658	3
0008661	1
0008666	1
0008675	2
0008686	1
0008695	1
0008697	1
0008700	2
0008703	1
0008716	1
0008725	1
0008728	2
0008752	1
0008753	2
0008754	2
0008755	2
0008756	1
0008757	9
0008760	1
0008761	1
0008762	1
0008763	1
0008764	1
0008765	1
0008767	1
0008782	1
0008784	1
0008797	1
0008798	1
0008800	1
0008808	1
0008821	1
0008829	1
0008832	1
0008835	1
0008836	1
0008837	1
0008839	1
0008840	1
0008841	1
0008855	2
0008864	1
0008878	1
0008879	1
0008881	1
0008882	1
0008883	1
0008887	1
0008893	1
0008897	2
0008909	1
0008924	1
0008926	1
0008930	1
0008932	1
0008934	1
0008935	1
0008942	2
0008955	2
0008961	2
0008963	1
0008965	1
0008966	1
0008976	1
0008977	1
0008982	3
0008999	1
0009001	1
0009002	1
0009009	3
0009014	1
0009022	1
0009030	1
0009035	1
0009037	1
0009045	1
0009055	15
0009058	11
0009060	1
0009073	5
0009081	1
0009082	3
0009086	4
0009088	2
0009089	5
0009094	1
0009098	4
0009103	2
0009107	2
0009113	2
0009116	7
0009117	1
0009132	4
0009146	1
0009152	3
0009164	1
0009168	1
0009220	1
0009225	1
0009228	2
0009234	5
0009240	1
0009245	1
0009249	4
0009250	1
0009252	17
0009254	1
0009255	2
0009263	2
0009264	1
0009267	1
0009268	1
0009273	1
0009288	3
0009294	2
0009298	1
0009306	11
0009307	3
0009311	1
0009316	2
0009317	1
0009318	1
0009320	1
0009330	1
0009331	1
0009341	1
0009349	1
0009358	1
0009360	3
0009372	1
0009374	1
0009378	2
0009379	1
0009380	2
0009381	1
0009396	2
0009401	5
0009408	2
0009423	3
0009424	2
0009425	1
0009431	2
0009432	4
0009435	3
0009443	1
0009448	1
0009451	4
0009691	2
0009898	1
0009972	1
0009982	5
0009986	1
0010181	13
0010288	6
0015031	5
0015035	4
0015036	7
0015074	3
0015075	1
0015078	3
0015079	2
0015081	1
0015087	1
0015095	1
0015103	1
0015109	1
0015123	1
0015128	1
0015136	1
0015171	3
0015205	2
0015250	1
0015267	2
0015288	1
0015293	4
0015297	4
0015385	2
0015412	1
0015415	4
0015416	7
0015424	2
0015450	3
0015562	4
0015628	2
0015645	1
0015648	1
0015662	5
0015689	1
0015693	1
0015697	1
0015703	1
0015716	8
0015739	1
0015740	1
0015803	3
0015833	2
0015851	2
0015891	4
0015930	1
0015934	8
0015935	6
0015937	4
0015941	1
0015949	2
0015969	1
0015970	1
0015986	8
0015990	1
0016020	192
0016024	1
0016051	2
0016075	1
0016114	1
0016116	1
0016117	1
0016149	1
0016159	1
0016208	1
0016209	1
0016226	7
0016298	1
0016301	4
0016310	4
0016311	2
0016403	1
0016407	2
0016410	3
0016421	2
0016433	1
0016434	1
0016462	1
0016491	78
0016597	1
0016614	3
0016615	1
0016616	11
0016620	4
0016624	1
0016627	3
0016646	1
0016682	1
0016703	1
0016705	6
0016709	2
0016717	1
0016722	1
0016740	13
0016746	27
0016747	12
0016755	1
0016757	16
0016758	1
0016765	7
0016774	1
0016776	1
0016779	5
0016780	2
0016782	1
0016783	3
0016787	53
0016788	3
0016790	5
0016791	1
0016793	1
0016799	3
0016810	4
0016811	2
0016813	2
0016817	4
0016818	2
0016829	3
0016835	1
0016836	1
0016853	7
0016854	1
0016868	1
0016874	7
0016879	1
0016881	1
0016884	2
0016887	109
0016920	1
0016987	6
0016992	1
0017000	1
0017004	9
0017038	1
0017057	1
0017076	1
0017148	1
0017150	1
0017168	1
0018364	1
0018578	2
0018835	2
0019104	4
0019134	1
0019172	1
0019200	1
0019205	1
0019213	1
0019239	5
0019264	1
0019277	1
0019288	2
0019305	2
0019346	2
0019350	2
0019354	1
0019380	3
0019427	1
0019430	1
0019441	1
0019464	3
0019509	1
0019594	1
0019628	2
0019629	1
0019634	4
0019646	1
0019670	1
0019674	1
0019700	1
0019752	1
0019829	5
0019835	1
0019843	3
0020037	9
0022625	5
0022627	2
0022857	66
0022872	1
0022900	1
0022904	1
0030001	5
0030026	1
0030091	2
0030145	1
0030151	3
0030170	23
0030245	1
0030246	2
0030254	1
0030259	1
0030261	1
0030272	1
0030288	1
0030366	1
0030420	2
0030435	1
0030488	1
0030527	1
0030554	8
0030604	1
0030612	2
0030638	1
0030639	1
0030643	1
0030655	1
0030694	1
0030955	1
0030956	2
0030973	1
0030976	3
0031071	1
0031167	2
0031176	1
0031179	1
0031317	2
0031522	2
0032049	1
0032259	11
0032508	2
0032549	1
0032784	2
0032791	6
0032977	1
0032993	1
0033014	4
0033194	1
0033228	1
0033230	1
0033232	2
0033617	2
0033743	1
0033744	1
0033818	1
0033819	1
0033862	1
0033863	1
0033971	1
0034204	1
0034220	3
0035429	1
0035435	1
0035870	1
0036042	1
0036211	6
0036222	1
0036297	1
0036424	1
0042026	1
0042128	1
0042132	1
0042158	4
0042173	1
0042254	2
0042286	1
0042301	1
0042450	2
0042559	1
0042578	3
0042586	2
0042597	6
0042625	2
0042626	123
0042732	1
0042773	1
0042802	3
0042803	2
0042823	2
0042834	1
0042853	1
0042908	1
0042910	1
0042919	1
0042925	1
0042952	1
0043022	3
0043093	1
0043101	1
0043168	1
0043169	1
0043190	20
0043225	1
0043295	1
0043565	5
0043743	1
0043768	1
0043773	1
0043934	1
0043937	1
0043952	4
0044780	7
0044781	1
0045017	1
0045027	1
0045127	1
0045182	1
0045239	1
0045240	1
0045254	1
0045259	7
0045273	1
0045454	3
0045490	1
0045493	2
0045892	2
0045893	1
0045900	1
0045936	1
0046081	1
0046118	1
0046167	1
0046177	1
0046274	2
0046278	2
0046316	1
0046348	1
0046417	1
0046421	1
0046428	1
0046429	1
0046496	1
0046654	4
0046677	5
0046685	2
0046686	6
0046688	4
0046835	1
0046870	6
0046872	98
0046873	2
0046912	1
0046914	1
0046933	6
0046942	1
0046952	1
0046983	4
0047330	1
0047355	3
0047429	1
0047443	1
0047480	1
0047575	1
0047617	1
0047661	1
0047804	2
0047952	1
0048034	1
0048038	2
0048473	2
0048501	1
0050096	1
0050136	2
0050380	1
0050440	1
0050456	1
0050511	1
0050515	1
0050532	1
0050567	2
0050660	11
0050661	10
0050897	1
0051082	1
0051083	1
0051087	1
0051117	2
0051119	1
0051139	1
0051287	12
0051301	12
0051536	7
0051537	6
0051539	12
0051745	1
0051920	4
0051989	1
0051991	1
0052381	1
0052689	3
0052855	1
0052873	1
0052906	1
0052913	1
0055051	1
0055052	32
0055085	122
0061599	1
0061603	1
0061710	1
0061799	1
0070006	5
0070007	5
0070063	1
0070069	1
0070085	2
0070204	1
0070401	3
0070403	16
0070475	1
0070573	1
0070726	2
0070905	1
0070967	8
0071111	1
0071513	1
0071555	9
0071586	4
0071704	1
0071705	1
0071949	11
0071951	1
0071973	7
0071978	1
0072488	1
0090529	1
0097063	6
0097351	1
0097367	1
0098662	1
0106130	1
0110001	1
0120225	2
0140078	2
0140098	1
0140110	2
0140327	1
0140359	127
0140604	6
0140658	1
0140662	1
1901135	1
1901137	1
1901893	1
1902495	1
1902600	3
1903424	1
1903425	1
1904047	15
1904091	1
1904680	1
1905039	1
1905887	3
1990586	1
1990610	1
