0000015	1
0000028	1
0000036	1
0000041	1
0000049	5
0000103	1
0000105	10
0000107	2
0000150	2
0000155	19
0000156	8
0000160	28
0000162	4
0000166	16
0000179	1
0000271	2
0000272	3
0000287	11
0000311	1
0000314	3
0000315	3
0000451	1
0000774	1
0000902	1
0000906	1
0000910	4
0000918	2
0001510	2
0001522	4
0001539	4
0001680	1
0002098	2
0002161	1
0002949	3
0003676	10
0003677	109
0003678	5
0003684	3
0003688	1
0003690	3
0003697	3
0003700	56
0003723	28
0003725	1
0003729	1
0003735	51
0003743	3
0003746	5
0003747	1
0003755	1
0003774	4
0003824	33
0003844	1
0003848	1
0003849	1
0003852	1
0003855	1
0003856	1
0003861	2
0003862	1
0003864	1
0003866	1
0003871	1
0003879	1
0003883	1
0003887	6
0003896	1
0003899	5
0003908	1
0003911	1
0003916	2
0003917	1
0003918	2
0003919	1
0003922	1
0003924	14
0003933	1
0003937	1
0003938	1
0003942	1
0003949	1
0003952	1
0003977	1
0003978	1
0003983	1
0003984	2
0003991	1
0003998	1
0003999	1
0004013	1
0004014	1
0004015	1
0004016	1
0004018	1
0004019	1
0004044	1
0004045	2
0004048	1
0004055	1
0004056	1
0004066	1
0004068	1
0004070	1
0004072	1
0004073	1
0004076	1
0004077	1
0004084	1
0004088	2
0004106	1
0004107	1
0004124	1
0004126	1
0004127	1
0004139	1
0004140	1
0004141	1
0004143	1
0004148	1
0004151	1
0004152	1
0004156	1
0004160	1
0004170	1
0004175	1
0004176	1
0004177	1
0004190	6
0004222	6
0004252	6
0004298	1
0004314	1
0004315	2
0004316	1
0004326	1
0004329	1
0004332	1
0004335	1
0004349	1
0004350	1
0004356	1
0004359	1
0004360	1
0004372	1
0004373	1
0004385	1
0004386	6
0004399	1
0004400	2
0004401	1
0004412	1
0004413	1
0004418	1
0004424	1
0004425	1
0004459	1
0004478	1
0004479	1
0004488	1
0004514	1
0004518	2
0004519	1
0004520	3
0004521	7
0004523	2
0004525	1
0004526	1
0004527	1
0004540	8
0004553	23
0004560	1
0004581	1
0004585	1
0004588	1
0004590	1
0004592	1
0004594	1
0004595	1
0004611	1
0004617	1
0004632	1
0004633	1
0004634	1
0004635	1
0004636	1
0004637	1
0004638	2
0004639	1
0004641	1
0004642	2
0004643	1
0004644	1
0004645	1
0004654	1
0004655	1
0004659	1
0004664	1
0004672	2
0004673	11
0004722	1
0004731	1
0004735	1
0004743	1
0004749	1
0004750	1
0004751	1
0004764	1
0004781	1
0004784	1
0004788	1
0004789	1
0004795	1
0004798	1
0004803	111
0004807	1
0004812	5
0004813	1
0004814	1
0004817	1
0004818	3
0004820	1
0004821	1
0004822	1
0004823	1
0004824	1
0004825	1
0004826	2
0004827	1
0004828	1
0004829	1
0004830	1
0004831	1
0004832	1
0004834	3
0004845	1
0004851	1
0004853	1
0004856	2
0004857	1
0005047	1
0005048	1
0005198	5
0005215	1
0005381	1
0005388	2
0005506	3
0005509	1
0005515	8
0005524	188
0005525	24
0005694	1
0005737	43
0005829	1
0005840	30
0005854	1
0005886	28
0005951	1
0005975	35
0005978	3
0005996	1
0005997	2
0006002	1
0006006	1
0006007	1
0006011	1
0006012	3
0006044	1
0006048	1
0006064	2
0006090	1
0006091	1
0006094	1
0006096	8
0006098	1
0006099	1
0006109	2
0006139	1
0006163	1
0006164	4
0006166	1
0006168	1
0006171	1
0006177	1
0006189	7
0006207	2
0006213	1
0006221	4
0006226	1
0006231	1
0006233	1
0006241	1
0006259	2
0006260	13
0006265	7
0006269	1
0006270	1
0006275	1
0006281	15
0006289	3
0006298	2
0006304	1
0006308	2
0006310	15
0006313	95
0006351	4
0006352	7
0006353	4
0006355	51
0006364	7
0006396	4
0006400	10
0006402	3
0006412	57
0006413	3
0006414	5
0006415	3
0006417	1
0006418	2
0006419	1
0006420	1
0006423	1
0006424	5
0006426	1
0006427	1
0006428	1
0006429	1
0006430	1
0006431	1
0006432	2
0006433	1
0006434	1
0006435	1
0006436	1
0006437	1
0006438	1
0006448	1
0006450	1
0006457	5
0006465	1
0006468	2
0006470	1
0006482	1
0006486	1
0006508	18
0006520	3
0006522	1
0006523	1
0006526	2
0006529	1
0006535	2
0006536	1
0006537	3
0006541	1
0006542	1
0006556	1
0006561	3
0006564	1
0006568	2
0006592	2
0006605	2
0006614	1
0006633	5
0006654	3
0006730	2
0006744	3
0006772	1
0006777	3
0006779	2
0006808	4
0006810	2
0006813	2
0006816	2
0006817	5
0006826	1
0006865	2
0006886	3
0006888	1
0006935	16
0006950	1
0007059	5
0007155	1
0007165	25
0008033	8
0008047	3
0008080	5
0008094	1
0008108	1
0008135	1
0008137	4
0008152	5
0008153	1
0008168	11
0008170	1
0008172	1
0008173	2
0008175	1
0008186	1
0008233	6
0008236	7
0008237	1
0008270	17
0008295	2
0008299	3
0008324	1
0008360	5
0008374	1
0008381	1
0008408	2
0008409	1
0008422	1
0008425	3
0008441	1
0008444	2
0008448	1
0008452	1
0008479	1
0008483	1
0008519	2
0008610	2
0008615	1
0008616	3
0008641	1
0008643	32
0008649	2
0008652	2
0008654	5
0008655	1
0008657	2
0008658	2
0008661	1
0008662	1
0008664	1
0008685	1
0008697	2
0008703	1
0008716	1
0008734	1
0008736	1
0008740	1
0008741	1
0008745	1
0008754	3
0008757	6
0008760	3
0008761	1
0008762	1
0008763	1
0008764	1
0008783	1
0008784	1
0008810	1
0008821	1
0008835	1
0008836	1
0008837	1
0008839	1
0008840	1
0008841	1
0008855	2
0008878	2
0008880	1
0008881	1
0008883	1
0008897	1
0008901	1
0008902	1
0008907	1
0008927	1
0008929	1
0008932	1
0008948	1
0008961	1
0008962	1
0008963	1
0008965	1
0008966	1
0008972	1
0008973	1
0008982	1
0008983	2
0008984	3
0008987	1
0008998	1
0008999	1
0009001	1
0009007	1
0009009	1
0009022	1
0009035	1
0009037	1
0009039	3
0009052	1
0009055	7
0009058	6
0009073	4
0009081	1
0009082	4
0009086	1
0009088	2
0009089	5
0009094	1
0009097	1
0009098	4
0009102	3
0009107	1
0009113	2
0009116	7
0009117	2
0009143	1
0009152	2
0009156	1
0009190	1
0009220	1
0009228	8
0009240	1
0009247	1
0009249	2
0009252	16
0009253	1
0009264	1
0009265	1
0009288	4
0009290	1
0009294	1
0009297	1
0009306	9
0009307	1
0009316	2
0009318	2
0009320	1
0009336	1
0009349	1
0009360	2
0009368	1
0009376	2
0009378	2
0009379	1
0009380	2
0009381	1
0009396	3
0009399	1
0009401	3
0009403	1
0009408	2
0009423	3
0009424	2
0009425	2
0009426	1
0009431	2
0009432	3
0009435	5
0009451	3
0009847	6
0009898	3
0009966	4
0009972	1
0009975	4
0009982	6
0010181	8
0015031	4
0015035	1
0015036	1
0015074	2
0015078	2
0015079	1
0015081	1
0015093	1
0015136	1
0015205	1
0015234	1
0015412	1
0015415	3
0015450	4
0015562	1
0015614	1
0015658	1
0015689	1
0015739	1
0015753	1
0015840	3
0015888	1
0015930	3
0015934	7
0015935	6
0015937	3
0015940	2
0015941	1
0015949	2
0015970	1
0015986	7
0016020	97
0016114	1
0016149	2
0016151	6
0016154	1
0016163	2
0016226	1
0016301	4
0016310	2
0016311	1
0016407	2
0016430	1
0016433	1
0016434	1
0016462	1
0016491	22
0016530	2
0016597	1
0016610	1
0016616	3
0016620	3
0016624	1
0016625	1
0016627	1
0016638	3
0016646	1
0016651	7
0016661	1
0016692	1
0016740	10
0016743	1
0016746	4
0016747	3
0016757	17
0016758	1
0016765	3
0016776	1
0016779	12
0016780	1
0016782	2
0016783	3
0016787	35
0016788	3
0016791	2
0016793	1
0016798	3
0016805	1
0016810	3
0016812	1
0016829	4
0016831	1
0016832	2
0016836	2
0016853	9
0016869	1
0016874	3
0016879	1
0016884	2
0016887	60
0016903	2
0016987	8
0016989	1
0016992	1
0016998	1
0017004	2
0017013	1
0017038	1
0017061	2
0017076	1
0017148	1
0017150	1
0018142	1
0018277	1
0018339	1
0018364	1
0019134	1
0019200	1
0019205	1
0019242	1
0019264	1
0019277	3
0019288	4
0019299	1
0019317	1
0019346	2
0019354	1
0019430	1
0019509	1
0019569	1
0019627	2
0019632	1
0019752	2
0019843	3
0019856	1
0020037	1
0022625	5
0022627	3
0022857	26
0022900	2
0030001	2
0030115	5
0030145	2
0030151	1
0030170	13
0030234	4
0030245	2
0030246	3
0030248	1
0030261	3
0030272	1
0030288	2
0030388	1
0030420	1
0030435	1
0030436	19
0030488	2
0030541	2
0030552	1
0030554	2
0030604	1
0030612	1
0030643	1
0030694	3
0030955	1
0030956	2
0030973	1
0030976	5
0030983	3
0031071	1
0031167	2
0031179	1
0031267	1
0031522	2
0032259	7
0032508	2
0032784	2
0032955	1
0033014	3
0033219	1
0033221	3
0033222	1
0033232	2
0033573	1
0033739	1
0033818	1
0033819	1
0033862	1
0034204	2
0034227	1
0034301	1
0034755	1
0035550	1
0035556	1
0036211	8
0036376	1
0042026	2
0042173	1
0042174	1
0042254	5
0042274	1
0042286	1
0042301	1
0042450	2
0042545	1
0042578	3
0042586	1
0042626	73
0042802	3
0042803	3
0042823	2
0042918	1
0043022	5
0043039	2
0043094	1
0043107	1
0043139	1
0043169	1
0043190	3
0043419	1
0043565	8
0043571	32
0043683	1
0043714	1
0043772	2
0043805	2
0043811	1
0043856	2
0043885	1
0043937	3
0043952	4
0044780	8
0044781	2
0045182	1
0045227	1
0045261	5
0045263	2
0045490	2
0045493	1
0045717	1
0045892	10
0045910	1
0045936	1
0045982	1
0046081	1
0046118	1
0046314	1
0046429	1
0046523	1
0046537	1
0046559	1
0046677	1
0046820	1
0046835	1
0046857	1
0046872	61
0046873	1
0046912	1
0046919	1
0046933	5
0046983	2
0047429	2
0047480	1
0047964	1
0048038	1
0048473	2
0048500	1
0048501	1
0050242	1
0050380	1
0050511	1
0050515	1
0050518	1
0050567	2
0050568	1
0050660	10
0050661	3
0050797	1
0050992	1
0051060	2
0051082	4
0051083	1
0051087	1
0051262	2
0051287	8
0051290	2
0051301	6
0051353	1
0051536	10
0051539	28
0051540	1
0051603	1
0051604	1
0051606	1
0051745	1
0051775	1
0051989	1
0052381	1
0052717	1
0052906	1
0052913	1
0055052	30
0055070	1
0055085	56
0061542	3
0061599	1
0061603	1
0061710	1
0061712	1
0061783	1
0065007	1
0065009	1
0070006	1
0070007	1
0070063	1
0070401	1
0070475	1
0070726	2
0070814	1
0070905	1
0071555	1
0071586	1
0071704	1
0071949	1
0071951	1
0071973	12
0072488	2
0072570	1
0072592	1
0098561	5
0102208	3
0103031	1
0110001	14
0140078	1
0140110	1
0140359	73
0140658	1
0140662	1
0140741	1
1901137	1
1901576	1
1901891	1
1902495	1
1903424	2
1903425	2
1904047	24
1905887	1
1990107	1
1990204	2
1990586	1
1990610	1
