0000015	1
0000028	1
0000049	4
0000103	2
0000104	2
0000105	11
0000107	2
0000150	4
0000155	14
0000156	15
0000160	42
0000162	6
0000166	30
0000175	1
0000179	1
0000271	8
0000286	1
0000287	19
0000309	1
0000311	1
0000314	3
0000315	3
0000413	1
0000451	1
0000701	1
0000774	1
0000902	2
0000906	1
0000910	2
0001510	4
0001522	10
0001530	1
0001539	2
0002098	2
0002100	1
0002161	3
0002949	3
0003676	17
0003677	97
0003678	8
0003684	5
0003688	1
0003697	3
0003700	20
0003723	34
0003724	2
0003725	2
0003729	3
0003735	53
0003743	3
0003746	6
0003747	1
0003755	12
0003756	2
0003774	4
0003824	23
0003844	1
0003848	2
0003852	1
0003855	1
0003856	1
0003857	1
0003861	2
0003862	1
0003864	1
0003866	1
0003879	1
0003882	1
0003883	1
0003887	8
0003899	5
0003906	1
0003908	1
0003911	1
0003916	1
0003917	1
0003918	3
0003919	1
0003922	1
0003924	14
0003934	1
0003935	1
0003937	1
0003938	1
0003942	1
0003949	1
0003952	1
0003954	1
0003957	1
0003977	1
0003983	2
0003984	1
0003987	1
0003989	3
0003991	1
0003994	1
0003999	1
0004013	1
0004015	1
0004016	1
0004018	1
0004019	1
0004020	1
0004040	1
0004044	1
0004045	1
0004047	1
0004048	1
0004049	2
0004055	1
0004056	1
0004068	1
0004070	1
0004072	1
0004073	1
0004075	2
0004076	1
0004077	1
0004084	1
0004088	1
0004089	2
0004096	1
0004107	1
0004109	2
0004112	1
0004124	1
0004127	1
0004129	4
0004130	1
0004134	1
0004140	1
0004141	1
0004146	1
0004148	1
0004149	1
0004150	1
0004151	1
0004152	1
0004156	1
0004160	1
0004170	1
0004176	3
0004177	3
0004181	1
0004190	2
0004222	9
0004252	4
0004298	1
0004311	1
0004314	1
0004315	2
0004316	1
0004318	1
0004325	1
0004326	1
0004332	1
0004333	1
0004345	1
0004347	1
0004349	1
0004350	1
0004352	1
0004356	2
0004357	2
0004358	1
0004360	1
0004364	1
0004372	1
0004373	1
0004375	2
0004385	1
0004386	4
0004399	1
0004400	2
0004401	1
0004412	1
0004413	1
0004416	1
0004418	1
0004424	1
0004425	1
0004427	1
0004450	2
0004462	1
0004470	2
0004471	2
0004478	1
0004479	1
0004488	1
0004489	1
0004497	4
0004514	1
0004515	1
0004518	4
0004519	8
0004521	1
0004523	1
0004525	1
0004526	1
0004534	1
0004536	2
0004540	4
0004550	1
0004553	3
0004585	1
0004588	1
0004590	1
0004591	1
0004592	1
0004595	1
0004601	2
0004604	1
0004605	1
0004609	2
0004617	1
0004618	1
0004619	1
0004632	1
0004633	1
0004634	1
0004635	1
0004636	1
0004637	1
0004638	1
0004639	1
0004640	1
0004641	1
0004642	1
0004643	1
0004644	2
0004648	1
0004654	1
0004655	1
0004659	2
0004664	1
0004672	1
0004673	9
0004674	1
0004719	3
0004722	4
0004725	1
0004735	1
0004739	2
0004742	1
0004743	1
0004748	1
0004749	1
0004750	1
0004751	1
0004765	1
0004766	1
0004781	1
0004784	1
0004789	1
0004791	1
0004794	1
0004795	2
0004798	1
0004799	1
0004801	1
0004802	1
0004803	2
0004807	1
0004812	4
0004813	1
0004814	1
0004817	1
0004818	2
0004820	2
0004821	1
0004822	1
0004823	1
0004824	1
0004825	1
0004826	2
0004827	1
0004828	1
0004829	1
0004830	1
0004831	1
0004832	1
0004834	2
0004844	2
0004851	1
0004852	1
0004853	3
0004888	2
0005047	1
0005048	1
0005198	5
0005215	2
0005216	1
0005267	1
0005283	1
0005315	1
0005319	1
0005344	1
0005381	1
0005436	3
0005471	1
0005488	1
0005506	4
0005507	1
0005509	3
0005515	31
0005524	162
0005525	24
0005576	1
0005618	1
0005694	2
0005737	52
0005739	1
0005829	3
0005840	31
0005854	1
0005886	38
0005960	1
0005975	18
0005978	2
0005980	1
0006006	3
0006011	2
0006015	1
0006020	1
0006040	1
0006048	1
0006071	1
0006072	1
0006082	1
0006086	2
0006090	3
0006094	2
0006096	7
0006098	5
0006099	10
0006106	1
0006109	3
0006116	1
0006120	1
0006139	1
0006163	1
0006164	4
0006168	1
0006171	1
0006177	1
0006188	1
0006189	4
0006207	3
0006221	4
0006226	1
0006229	1
0006231	1
0006233	1
0006241	1
0006259	1
0006260	13
0006261	3
0006265	4
0006269	1
0006270	1
0006275	1
0006281	19
0006282	1
0006284	3
0006285	1
0006289	3
0006298	2
0006306	1
0006308	2
0006310	25
0006313	1
0006351	4
0006352	4
0006353	3
0006354	1
0006355	42
0006364	7
0006396	6
0006397	4
0006400	8
0006402	3
0006412	60
0006413	3
0006414	6
0006415	5
0006418	3
0006419	1
0006420	1
0006423	1
0006424	4
0006426	2
0006427	1
0006428	1
0006429	1
0006430	1
0006431	1
0006432	2
0006433	1
0006434	1
0006435	1
0006436	1
0006437	1
0006438	1
0006450	1
0006457	12
0006465	2
0006468	2
0006470	5
0006482	1
0006486	5
0006508	27
0006520	3
0006522	1
0006523	1
0006525	1
0006526	4
0006527	1
0006534	2
0006535	2
0006537	1
0006541	1
0006542	1
0006546	2
0006556	1
0006561	3
0006564	3
0006568	1
0006592	2
0006605	2
0006614	1
0006629	4
0006631	1
0006633	8
0006635	1
0006654	1
0006662	1
0006730	3
0006741	1
0006744	5
0006749	1
0006750	2
0006751	1
0006760	1
0006779	8
0006780	1
0006782	1
0006783	1
0006784	1
0006793	4
0006796	1
0006799	1
0006801	1
0006808	3
0006810	6
0006811	1
0006812	12
0006813	2
0006814	5
0006817	5
0006820	1
0006826	1
0006862	1
0006865	2
0006869	1
0006885	1
0006886	3
0006935	14
0006950	1
0006979	4
0007049	1
0007059	4
0007155	1
0007165	22
0008033	12
0008080	4
0008081	1
0008094	1
0008097	1
0008113	1
0008121	2
0008134	1
0008135	1
0008137	6
0008146	6
0008152	7
0008168	27
0008170	1
0008171	1
0008173	2
0008176	1
0008177	1
0008186	1
0008194	1
0008198	1
0008219	1
0008233	6
0008236	2
0008237	9
0008251	1
0008270	23
0008289	1
0008295	1
0008299	4
0008311	1
0008324	5
0008360	4
0008374	2
0008379	2
0008381	3
0008408	5
0008409	1
0008428	1
0008444	1
0008446	1
0008460	1
0008479	1
0008483	5
0008490	1
0008495	1
0008509	1
0008519	1
0008534	1
0008610	4
0008615	4
0008616	4
0008641	3
0008643	2
0008649	1
0008652	2
0008654	6
0008658	3
0008661	1
0008664	1
0008666	1
0008676	1
0008685	1
0008686	1
0008690	1
0008703	1
0008705	1
0008712	1
0008716	1
0008728	2
0008734	1
0008745	1
0008752	1
0008753	1
0008754	1
0008755	1
0008757	18
0008760	1
0008761	1
0008762	1
0008763	1
0008764	1
0008765	1
0008773	1
0008780	1
0008783	1
0008784	1
0008792	1
0008794	1
0008800	1
0008803	1
0008813	1
0008817	1
0008818	1
0008821	1
0008829	1
0008835	1
0008837	1
0008839	1
0008840	1
0008841	1
0008855	2
0008861	1
0008878	1
0008879	1
0008881	1
0008882	1
0008883	1
0008893	2
0008897	1
0008899	1
0008901	1
0008902	1
0008914	1
0008915	1
0008920	1
0008932	1
0008934	1
0008939	2
0008948	2
0008955	1
0008961	1
0008963	1
0008965	1
0008966	1
0008968	1
0008972	1
0008974	1
0008976	5
0008982	1
0008984	1
0008986	1
0008988	1
0008999	1
0009001	1
0009002	1
0009007	1
0009009	2
0009014	1
0009022	1
0009029	2
0009030	1
0009035	1
0009037	1
0009052	1
0009055	25
0009058	10
0009060	4
0009073	5
0009081	1
0009082	3
0009085	1
0009086	3
0009088	3
0009089	6
0009094	1
0009097	2
0009098	3
0009102	4
0009103	3
0009107	1
0009113	2
0009116	4
0009117	2
0009146	2
0009152	3
0009156	1
0009165	1
0009190	7
0009225	1
0009228	7
0009236	6
0009240	1
0009243	2
0009244	2
0009245	5
0009246	1
0009249	3
0009252	22
0009253	1
0009254	1
0009274	1
0009279	18
0009288	2
0009294	1
0009297	4
0009306	8
0009307	3
0009316	2
0009317	5
0009318	2
0009320	1
0009331	1
0009340	1
0009349	1
0009358	1
0009360	3
0009368	2
0009376	2
0009378	2
0009379	1
0009380	2
0009381	1
0009396	3
0009399	2
0009401	3
0009403	1
0009408	2
0009423	2
0009424	1
0009425	2
0009426	1
0009427	1
0009428	2
0009431	2
0009432	3
0009435	4
0009451	5
0009691	3
0009898	2
0009966	9
0009975	17
0009982	10
0010038	1
0010181	7
0010257	1
0010340	1
0015016	1
0015031	8
0015035	5
0015074	11
0015078	12
0015079	2
0015081	2
0015093	1
0015095	1
0015103	2
0015136	1
0015171	1
0015221	3
0015252	2
0015267	4
0015288	10
0015291	2
0015293	5
0015297	11
0015385	2
0015415	3
0015440	1
0015450	4
0015562	10
0015616	1
0015627	2
0015628	5
0015645	2
0015662	2
0015693	1
0015700	1
0015739	1
0015833	1
0015891	3
0015914	3
0015920	4
0015930	1
0015934	8
0015935	6
0015937	3
0015940	2
0015941	1
0015949	2
0015970	2
0015976	1
0015986	11
0015990	1
0016020	149
0016024	1
0016042	1
0016117	1
0016149	3
0016151	2
0016208	1
0016226	12
0016301	6
0016310	7
0016311	1
0016407	1
0016410	2
0016433	2
0016434	1
0016462	1
0016491	31
0016530	1
0016531	1
0016597	1
0016614	1
0016616	4
0016620	4
0016627	1
0016639	1
0016646	1
0016647	1
0016651	2
0016655	3
0016661	1
0016703	1
0016705	1
0016709	2
0016740	12
0016746	9
0016747	3
0016757	14
0016758	1
0016763	1
0016765	1
0016772	1
0016773	5
0016774	1
0016776	1
0016779	9
0016780	3
0016782	1
0016783	1
0016787	37
0016788	4
0016790	1
0016791	4
0016793	1
0016798	3
0016799	4
0016810	3
0016813	1
0016829	6
0016831	3
0016832	1
0016836	2
0016846	1
0016849	4
0016853	6
0016854	1
0016857	2
0016868	1
0016874	3
0016879	2
0016881	1
0016884	1
0016887	46
0016903	3
0016987	5
0016992	1
0017000	1
0017004	3
0017013	1
0017038	2
0017057	1
0017061	1
0017148	1
0017150	1
0017168	1
0018177	1
0018277	1
0018364	1
0019104	2
0019134	1
0019180	1
0019200	1
0019205	1
0019239	2
0019243	1
0019264	1
0019277	1
0019288	4
0019305	2
0019346	1
0019354	1
0019379	1
0019427	1
0019430	1
0019464	2
0019509	2
0019538	1
0019646	1
0019673	1
0019674	1
0019752	1
0019825	2
0019829	3
0019843	4
0019856	1
0019867	1
0019899	1
0020037	21
0022625	5
0022627	3
0022857	21
0022900	6
0022904	3
0030001	2
0030091	3
0030170	16
0030234	3
0030261	3
0030272	1
0030288	5
0030420	2
0030488	2
0030490	1
0030497	1
0030527	2
0030551	5
0030552	10
0030554	2
0030604	1
0030643	1
0030655	1
0030674	1
0030694	2
0030955	1
0030956	2
0030976	6
0030983	2
0031071	2
0031167	1
0031419	4
0031522	2
0031992	1
0032196	4
0032259	21
0032784	3
0032977	1
0033014	3
0033573	1
0033711	1
0033739	1
0033743	1
0033744	1
0033818	1
0033819	2
0033856	1
0033862	1
0033890	1
0033958	1
0034200	1
0034204	1
0034220	1
0034755	1
0035438	7
0035556	7
0035870	1
0036211	11
0036222	1
0036374	1
0036424	1
0042026	2
0042132	2
0042158	1
0042254	5
0042274	1
0042286	1
0042351	1
0042398	1
0042450	2
0042578	2
0042586	2
0042597	3
0042626	29
0042773	3
0042802	5
0042803	1
0042834	9
0042853	1
0042908	4
0042953	2
0043022	6
0043093	2
0043107	3
0043169	1
0043190	8
0043213	1
0043231	1
0043335	1
0043365	1
0043565	2
0043683	5
0043714	1
0043752	1
0043811	1
0043856	3
0043952	4
0043953	1
0044096	1
0044183	1
0044205	1
0044341	3
0044780	9
0044781	1
0044874	1
0045182	2
0045239	1
0045252	1
0045254	2
0045259	7
0045271	2
0045273	2
0045275	1
0045312	1
0045454	2
0045861	2
0045892	3
0045900	1
0045927	1
0045936	1
0046081	1
0046167	1
0046429	1
0046523	1
0046654	2
0046677	3
0046685	2
0046857	1
0046872	109
0046873	1
0046905	1
0046912	2
0046933	6
0046983	1
0047343	1
0047429	2
0047480	1
0047617	2
0047733	1
0047834	1
0047952	1
0048038	3
0048501	1
0050136	4
0050242	1
0050380	1
0050511	1
0050515	1
0050518	1
0050567	2
0050568	1
0050570	1
0050577	1
0050656	5
0050660	11
0050661	7
0050992	1
0051073	1
0051082	6
0051083	1
0051087	1
0051252	1
0051262	1
0051287	15
0051301	10
0051499	2
0051536	16
0051537	3
0051539	18
0051596	1
0051603	1
0051604	2
0051745	1
0051920	3
0051989	1
0052381	1
0052621	7
0052689	1
0052693	1
0052873	1
0052906	1
0052913	1
0052929	1
0055052	9
0055085	41
0061024	1
0061077	1
0061542	1
0061710	2
0070006	3
0070043	1
0070063	2
0070064	3
0070401	2
0070403	7
0070475	3
0070733	1
0070905	1
0071111	6
0071555	4
0071709	1
0071805	1
0071949	5
0071951	1
0071973	10
0071978	1
0072488	1
0097163	1
0097351	1
0097367	3
0098561	2
0098567	1
0098662	1
0101006	1
0103117	1
0106141	1
0106408	1
0110001	1
0110142	1
0120225	2
0140078	1
0140098	2
0140110	1
0140358	1
0140359	31
0140658	2
0140662	1
0140741	1
0141098	1
1901135	1
1901137	1
1902495	2
1902600	12
1903424	1
1903425	1
1904047	32
1905887	1
1990107	1
1990229	1
1990610	1
