0000015	1
0000049	2
0000062	1
0000098	2
0000103	1
0000104	2
0000105	11
0000107	2
0000155	21
0000156	30
0000160	53
0000162	6
0000166	25
0000175	1
0000179	1
0000255	1
0000256	2
0000270	3
0000271	8
0000272	1
0000286	1
0000287	18
0000311	1
0000314	3
0000315	3
0000413	1
0000451	1
0000774	1
0000902	2
0000906	1
0000910	3
0000917	1
0000921	1
0000976	2
0001072	1
0001216	5
0001510	3
0001522	8
0001530	1
0001558	1
0001887	1
0002098	2
0002100	1
0002161	1
0002949	3
0003676	15
0003677	147
0003678	4
0003682	6
0003684	5
0003688	1
0003690	1
0003697	5
0003700	60
0003714	1
0003723	37
0003724	1
0003725	2
0003729	2
0003735	56
0003743	3
0003746	6
0003747	2
0003755	7
0003756	1
0003796	1
0003824	55
0003825	1
0003842	1
0003848	1
0003852	1
0003855	1
0003856	1
0003858	1
0003861	2
0003862	1
0003864	1
0003866	1
0003868	1
0003871	1
0003879	1
0003882	1
0003883	1
0003887	9
0003899	5
0003905	1
0003906	1
0003908	2
0003911	1
0003916	1
0003917	2
0003918	2
0003922	1
0003924	16
0003933	1
0003935	2
0003937	1
0003938	1
0003942	1
0003949	1
0003951	1
0003952	1
0003954	1
0003960	2
0003977	1
0003978	1
0003983	1
0003984	1
0003985	1
0003987	1
0003989	3
0003991	1
0003994	1
0003995	2
0003998	1
0004000	1
0004013	1
0004014	1
0004015	1
0004017	1
0004018	1
0004019	1
0004022	1
0004042	1
0004044	1
0004045	1
0004047	1
0004048	1
0004049	2
0004055	1
0004056	1
0004057	1
0004066	1
0004067	1
0004068	1
0004070	1
0004072	1
0004073	1
0004075	1
0004076	1
0004077	1
0004084	1
0004088	1
0004089	2
0004096	1
0004107	1
0004108	2
0004109	2
0004112	1
0004124	1
0004126	1
0004127	1
0004129	8
0004130	1
0004139	1
0004140	1
0004141	1
0004143	1
0004146	2
0004148	2
0004149	1
0004150	1
0004151	1
0004152	1
0004156	1
0004160	1
0004170	1
0004174	1
0004175	2
0004176	3
0004177	2
0004180	3
0004181	1
0004190	4
0004197	2
0004222	11
0004252	10
0004298	1
0004309	1
0004311	1
0004314	1
0004315	3
0004316	1
0004318	1
0004322	2
0004324	1
0004325	1
0004326	1
0004329	1
0004332	1
0004333	1
0004340	1
0004345	1
0004347	1
0004349	1
0004350	1
0004352	1
0004356	2
0004357	2
0004358	1
0004359	1
0004360	1
0004363	1
0004364	1
0004368	1
0004370	1
0004372	2
0004375	1
0004385	1
0004386	4
0004397	1
0004399	1
0004400	2
0004411	1
0004412	1
0004413	1
0004416	1
0004418	1
0004424	1
0004425	1
0004427	1
0004450	1
0004451	1
0004462	1
0004470	1
0004471	1
0004474	2
0004478	1
0004479	2
0004488	1
0004489	1
0004497	7
0004505	1
0004514	1
0004518	4
0004519	5
0004521	1
0004523	2
0004525	1
0004526	1
0004527	1
0004536	1
0004540	4
0004550	1
0004553	8
0004585	1
0004587	1
0004588	1
0004590	1
0004591	1
0004592	1
0004594	1
0004595	1
0004601	2
0004602	1
0004604	1
0004605	1
0004609	1
0004611	1
0004618	1
0004619	1
0004632	1
0004633	1
0004634	1
0004635	1
0004636	1
0004637	1
0004638	2
0004639	1
0004640	1
0004641	1
0004642	1
0004643	1
0004644	1
0004648	1
0004654	1
0004655	1
0004657	1
0004659	2
0004664	1
0004672	8
0004673	15
0004674	6
0004719	2
0004722	2
0004725	3
0004731	1
0004733	1
0004735	1
0004738	1
0004743	1
0004748	1
0004749	1
0004750	1
0004751	1
0004756	1
0004764	1
0004765	1
0004766	1
0004781	2
0004784	2
0004789	1
0004791	1
0004794	1
0004795	1
0004797	1
0004798	1
0004799	1
0004802	1
0004803	3
0004805	1
0004807	1
0004808	1
0004812	4
0004813	1
0004814	1
0004816	1
0004817	1
0004818	1
0004819	1
0004820	2
0004821	1
0004822	1
0004823	1
0004824	1
0004825	1
0004826	2
0004827	1
0004828	1
0004829	1
0004830	1
0004831	1
0004832	1
0004833	1
0004834	2
0004844	2
0004845	1
0004851	2
0004852	1
0004853	1
0004854	2
0004856	1
0004866	1
0004888	1
0005047	1
0005048	1
0005085	5
0005198	1
0005215	13
0005216	2
0005267	2
0005319	1
0005337	1
0005344	1
0005436	1
0005488	7
0005506	10
0005507	1
0005509	2
0005515	50
0005524	228
0005525	32
0005576	3
0005615	1
0005694	2
0005737	53
0005739	1
0005829	4
0005840	31
0005854	1
0005886	85
0005960	1
0005975	21
0005992	2
0005997	1
0006006	2
0006011	1
0006012	1
0006015	1
0006020	1
0006040	1
0006044	1
0006048	1
0006072	3
0006081	1
0006086	1
0006089	2
0006090	1
0006094	3
0006096	7
0006097	2
0006098	2
0006099	8
0006102	1
0006106	1
0006108	1
0006109	1
0006116	1
0006119	1
0006120	1
0006139	2
0006144	1
0006147	1
0006163	1
0006164	4
0006177	1
0006188	1
0006189	5
0006207	3
0006213	1
0006221	2
0006222	1
0006226	1
0006229	1
0006231	1
0006233	1
0006241	1
0006259	1
0006260	18
0006261	2
0006265	4
0006269	1
0006270	1
0006275	1
0006281	24
0006282	1
0006284	6
0006289	4
0006298	2
0006303	3
0006304	1
0006306	1
0006308	2
0006310	15
0006313	3
0006351	7
0006352	12
0006353	3
0006355	79
0006364	8
0006396	8
0006397	1
0006400	7
0006401	1
0006402	1
0006412	61
0006413	3
0006414	6
0006415	5
0006417	1
0006418	2
0006419	1
0006420	1
0006421	1
0006423	1
0006424	3
0006425	1
0006426	2
0006427	1
0006428	1
0006429	1
0006430	1
0006431	1
0006432	2
0006433	1
0006434	1
0006435	1
0006436	1
0006437	1
0006438	1
0006450	1
0006457	8
0006465	2
0006468	9
0006470	4
0006482	1
0006486	12
0006508	49
0006520	3
0006522	1
0006523	1
0006526	4
0006529	1
0006535	2
0006537	2
0006541	2
0006542	2
0006548	2
0006556	1
0006559	4
0006561	3
0006564	2
0006567	1
0006568	1
0006572	3
0006574	1
0006592	2
0006605	2
0006614	1
0006629	5
0006631	6
0006633	11
0006636	1
0006644	1
0006654	2
0006662	1
0006720	1
0006730	2
0006744	10
0006749	10
0006750	3
0006751	1
0006777	8
0006779	5
0006780	1
0006782	1
0006783	2
0006784	1
0006790	1
0006793	1
0006796	2
0006797	1
0006798	1
0006799	1
0006801	3
0006808	3
0006810	21
0006812	8
0006813	1
0006814	1
0006816	1
0006817	5
0006826	1
0006833	1
0006865	6
0006869	1
0006879	1
0006885	1
0006886	3
0006935	7
0006950	2
0006979	5
0007030	1
0007059	5
0007154	2
0007155	5
0007165	36
0008033	11
0008076	1
0008080	21
0008081	1
0008094	1
0008097	1
0008113	2
0008121	2
0008134	2
0008135	1
0008137	11
0008152	10
0008153	1
0008168	37
0008170	2
0008172	1
0008173	5
0008176	1
0008177	1
0008186	1
0008199	3
0008233	13
0008234	2
0008236	12
0008237	14
0008251	1
0008252	1
0008253	1
0008270	31
0008276	1
0008289	8
0008295	1
0008299	4
0008311	1
0008320	1
0008324	4
0008360	6
0008374	4
0008379	3
0008381	2
0008408	5
0008409	1
0008410	2
0008412	1
0008413	1
0008422	1
0008430	1
0008442	1
0008444	1
0008446	2
0008448	1
0008452	1
0008460	1
0008479	1
0008483	1
0008490	1
0008495	2
0008519	2
0008534	1
0008535	2
0008610	5
0008615	4
0008616	3
0008643	25
0008649	1
0008652	2
0008653	1
0008654	6
0008658	4
0008661	1
0008664	1
0008666	1
0008672	1
0008676	1
0008677	2
0008685	1
0008686	1
0008690	1
0008696	1
0008703	1
0008705	1
0008710	1
0008712	1
0008716	1
0008718	1
0008725	1
0008728	2
0008734	2
0008743	1
0008745	3
0008750	1
0008752	2
0008753	2
0008754	2
0008755	2
0008757	19
0008758	1
0008760	1
0008762	1
0008763	1
0008764	1
0008773	1
0008780	1
0008784	1
0008798	1
0008803	1
0008808	2
0008813	1
0008817	1
0008821	1
0008824	1
0008828	1
0008829	1
0008830	2
0008831	1
0008835	1
0008836	1
0008837	1
0008839	1
0008840	1
0008855	2
0008863	2
0008867	1
0008872	1
0008879	1
0008882	1
0008883	1
0008887	1
0008890	1
0008892	1
0008893	2
0008897	1
0008899	1
0008902	1
0008914	1
0008915	1
0008920	2
0008932	1
0008933	3
0008934	1
0008940	2
0008942	2
0008949	1
0008955	2
0008961	1
0008963	1
0008964	1
0008965	2
0008966	1
0008967	1
0008968	1
0008972	1
0008976	2
0008982	3
0008984	1
0008986	1
0008987	1
0008998	2
0008999	1
0009001	1
0009002	5
0009009	1
0009014	1
0009016	1
0009022	1
0009027	2
0009029	1
0009030	1
0009032	1
0009035	1
0009039	2
0009045	2
0009052	1
0009055	44
0009058	10
0009060	4
0009061	1
0009073	6
0009081	1
0009082	3
0009086	7
0009088	3
0009089	9
0009094	1
0009097	2
0009098	3
0009102	6
0009103	3
0009107	1
0009113	2
0009115	3
0009116	4
0009117	2
0009132	1
0009146	2
0009152	2
0009156	1
0009165	1
0009166	1
0009190	5
0009220	1
0009225	1
0009226	1
0009228	6
0009236	1
0009240	1
0009243	3
0009244	4
0009245	6
0009249	2
0009252	23
0009253	2
0009254	2
0009263	1
0009264	1
0009265	1
0009274	2
0009276	1
0009279	24
0009289	3
0009290	1
0009294	1
0009297	8
0009306	13
0009307	2
0009316	2
0009317	4
0009318	2
0009320	1
0009325	2
0009326	2
0009331	2
0009349	1
0009358	1
0009360	3
0009368	2
0009376	2
0009378	2
0009379	1
0009380	3
0009381	1
0009396	4
0009399	1
0009401	5
0009408	3
0009423	2
0009432	3
0009435	6
0009439	1
0009451	6
0009636	1
0009678	1
0009691	2
0009851	1
0009897	1
0009898	4
0009966	5
0009972	1
0009975	8
0009982	8
0010038	1
0010124	1
0010133	1
0010181	10
0010257	1
0010340	1
0010468	1
0010945	1
0010951	1
0010974	1
0012506	1
0015031	7
0015035	7
0015036	6
0015074	2
0015075	1
0015078	6
0015079	1
0015093	1
0015095	2
0015098	2
0015103	3
0015109	1
0015112	2
0015136	1
0015159	1
0015221	4
0015232	3
0015250	1
0015252	2
0015267	2
0015288	12
0015291	1
0015293	2
0015297	7
0015343	2
0015369	1
0015385	1
0015412	1
0015415	1
0015419	3
0015424	2
0015439	1
0015450	3
0015459	1
0015473	3
0015485	1
0015501	1
0015503	1
0015562	12
0015572	1
0015614	1
0015616	1
0015627	20
0015628	25
0015645	1
0015658	2
0015662	3
0015663	1
0015689	3
0015693	2
0015700	1
0015703	1
0015706	2
0015739	1
0015740	9
0015753	1
0015774	1
0015794	1
0015803	15
0015813	1
0015840	5
0015886	4
0015890	1
0015891	6
0015914	2
0015920	4
0015930	2
0015934	8
0015935	6
0015937	3
0015940	4
0015941	1
0015942	1
0015949	2
0015970	2
0015976	1
0015977	1
0015986	8
0015990	2
0016020	238
0016024	1
0016034	1
0016042	3
0016114	1
0016116	1
0016117	2
0016149	2
0016151	5
0016153	1
0016192	2
0016208	1
0016226	9
0016260	1
0016298	2
0016301	3
0016310	10
0016311	2
0016403	1
0016410	2
0016433	1
0016434	1
0016462	2
0016491	79
0016530	1
0016531	1
0016597	1
0016598	1
0016600	1
0016614	2
0016615	1
0016616	6
0016620	3
0016627	5
0016628	1
0016638	1
0016651	4
0016655	6
0016661	1
0016669	3
0016702	1
0016703	2
0016705	4
0016706	1
0016717	1
0016722	1
0016740	11
0016746	24
0016747	10
0016755	1
0016757	29
0016763	1
0016765	1
0016772	2
0016773	3
0016776	2
0016779	8
0016780	4
0016782	2
0016783	3
0016787	82
0016788	4
0016790	5
0016791	5
0016799	1
0016810	7
0016811	2
0016812	1
0016813	2
0016817	1
0016818	1
0016829	14
0016832	2
0016835	1
0016836	5
0016837	1
0016846	5
0016849	2
0016853	5
0016866	1
0016868	1
0016874	5
0016879	1
0016881	2
0016884	1
0016887	81
0016896	1
0016901	4
0016903	1
0016920	1
0016984	1
0016987	14
0016989	1
0016992	1
0017000	2
0017003	1
0017004	7
0017013	1
0017038	2
0017076	1
0017148	1
0017150	1
0018104	2
0018193	1
0018277	1
0018339	1
0018364	2
0018454	2
0018738	1
0019104	3
0019120	1
0019134	1
0019136	1
0019177	1
0019239	1
0019243	1
0019264	2
0019277	1
0019287	1
0019288	3
0019305	6
0019346	3
0019354	2
0019379	1
0019394	2
0019417	3
0019427	1
0019430	1
0019441	1
0019464	3
0019509	1
0019538	2
0019556	1
0019557	1
0019605	1
0019627	4
0019629	2
0019632	1
0019636	1
0019646	1
0019673	2
0019674	1
0019679	2
0019684	1
0019700	1
0019752	1
0019825	1
0019829	3
0019835	1
0019843	3
0019856	1
0019867	12
0019899	1
0020037	38
0022625	5
0022627	4
0022857	91
0022900	3
0022904	3
0030001	1
0030091	5
0030145	4
0030151	5
0030163	1
0030170	16
0030234	2
0030245	1
0030246	7
0030261	1
0030272	1
0030288	11
0030420	1
0030488	1
0030552	12
0030554	1
0030599	1
0030604	1
0030612	1
0030643	1
0030674	1
0030729	1
0030894	1
0030955	1
0030956	2
0030973	1
0030976	3
0030983	2
0031071	1
0031167	2
0031176	1
0031267	2
0031317	23
0031411	3
0031412	3
0031418	1
0031419	2
0031522	2
0031564	1
0031992	4
0032049	2
0032259	22
0032297	1
0032784	4
0032977	1
0032993	4
0033014	4
0033172	1
0033219	1
0033221	5
0033222	1
0033223	3
0033225	3
0033226	1
0033608	1
0033611	2
0033617	1
0033739	1
0033743	2
0033744	2
0033818	1
0033819	1
0033856	1
0033862	1
0033971	1
0034204	1
0034220	4
0035435	2
0035438	1
0035550	1
0035556	5
0035870	1
0036211	7
0036222	1
0036374	1
0036424	1
0038023	2
0042026	2
0042126	2
0042128	1
0042158	1
0042254	5
0042273	1
0042274	1
0042279	1
0042286	1
0042301	1
0042351	1
0042398	1
0042450	2
0042545	1
0042578	4
0042586	2
0042597	37
0042619	3
0042626	92
0042724	1
0042732	2
0042773	6
0042802	15
0042803	1
0042834	9
0042853	1
0042908	9
0042910	1
0042953	3
0043022	5
0043039	1
0043093	3
0043101	1
0043107	2
0043165	1
0043169	1
0043190	13
0043213	1
0043295	2
0043335	1
0043419	1
0043448	1
0043531	1
0043546	3
0043565	10
0043633	1
0043683	4
0043687	1
0043711	3
0043751	1
0043811	1
0043828	1
0043856	1
0043934	1
0043952	3
0043953	1
0044096	1
0044183	1
0044205	1
0044341	1
0044571	1
0044877	1
0045017	2
0045027	2
0045127	1
0045182	1
0045239	1
0045252	1
0045254	1
0045259	4
0045271	2
0045273	2
0045275	1
0045277	1
0045454	1
0045493	2
0045861	2
0045892	3
0045893	1
0045900	1
0045936	1
0046081	1
0046118	1
0046167	1
0046294	1
0046348	1
0046392	1
0046395	2
0046421	1
0046429	1
0046523	1
0046559	1
0046654	3
0046656	3
0046677	1
0046685	2
0046820	2
0046857	1
0046872	156
0046873	2
0046905	1
0046933	5
0046983	1
0047304	1
0047343	1
0047400	1
0047429	2
0047434	1
0047475	1
0047480	1
0047547	1
0047617	2
0047733	1
0047804	1
0047952	1
0047989	1
0048038	9
0048039	1
0048501	1
0050129	1
0050131	1
0050136	6
0050218	1
0050269	1
0050311	1
0050380	1
0050385	1
0050440	1
0050480	1
0050511	1
0050515	1
0050518	1
0050567	2
0050568	2
0050570	1
0050660	22
0050661	13
0050896	1
0050992	1
0051082	4
0051083	1
0051087	2
0051139	2
0051205	1
0051213	2
0051259	1
0051287	20
0051301	11
0051353	1
0051536	30
0051537	13
0051539	23
0051596	1
0051603	1
0051604	2
0051745	1
0051782	1
0051903	1
0051920	4
0051989	1
0052381	1
0052621	11
0052689	7
0052693	1
0052699	2
0052706	1
0052873	2
0052906	1
0052913	1
0055052	25
0055085	104
0055130	1
0061024	1
0061077	5
0061542	1
0061599	1
0061710	2
0061799	1
0065003	2
0070006	5
0070007	2
0070063	2
0070064	2
0070069	5
0070401	3
0070402	4
0070403	17
0070475	1
0070905	2
0070906	1
0070968	4
0071111	11
0071268	1
0071555	7
0071586	2
0071704	2
0071709	1
0071805	3
0071949	11
0071951	2
0071972	2
0072488	2
0090409	1
0090410	1
0090529	1
0090729	1
0097163	2
0097347	1
0097351	1
0097367	5
0098567	1
0098662	2
0103117	1
0110001	3
0110142	2
0120010	1
0120225	2
0140078	1
0140098	1
0140110	1
0140297	1
0140358	1
0140359	99
0140658	1
0140662	1
0141098	1
1901135	1
1901137	1
1901642	1
1902358	2
1902495	3
1902600	6
1904047	46
1905887	1
1990063	1
1990107	1
1990204	1
1990229	1
1990397	1
1990586	1
1990610	1
1990817	1
