0000015	1
0000035	1
0000036	1
0000049	3
0000098	3
0000103	2
0000104	1
0000105	11
0000107	2
0000150	8
0000155	12
0000156	7
0000160	17
0000162	5
0000166	37
0000175	1
0000179	1
0000210	1
0000270	3
0000271	3
0000272	8
0000287	27
0000311	1
0000314	3
0000315	3
0000413	2
0000451	1
0000502	1
0000902	1
0000906	1
0000910	2
0000917	1
0001216	1
0001510	1
0001514	2
0001522	5
0001558	1
0001727	2
0001887	1
0002100	1
0002161	1
0002949	2
0003676	42
0003677	307
0003678	7
0003684	5
0003688	1
0003697	4
0003700	204
0003723	31
0003724	1
0003725	1
0003729	1
0003735	58
0003743	3
0003746	5
0003747	1
0003755	6
0003824	68
0003825	1
0003842	1
0003844	2
0003848	1
0003849	1
0003852	3
0003855	1
0003856	1
0003861	2
0003862	1
0003864	1
0003866	1
0003871	1
0003872	2
0003879	1
0003882	1
0003883	1
0003886	1
0003887	6
0003899	5
0003905	1
0003906	2
0003908	2
0003910	2
0003911	1
0003913	1
0003916	1
0003917	2
0003918	2
0003919	1
0003922	1
0003924	15
0003934	1
0003935	1
0003937	1
0003938	3
0003941	1
0003942	1
0003949	1
0003951	1
0003952	1
0003954	2
0003955	1
0003957	1
0003960	2
0003977	1
0003983	1
0003984	1
0003985	2
0003987	1
0003989	6
0003991	1
0003994	2
0003995	29
0003998	1
0003999	1
0004000	1
0004013	1
0004015	1
0004018	1
0004019	1
0004020	1
0004022	1
0004029	1
0004030	4
0004040	1
0004042	1
0004044	1
0004045	2
0004047	1
0004048	1
0004049	1
0004055	1
0004056	1
0004061	1
0004065	3
0004066	1
0004068	1
0004070	1
0004072	1
0004073	1
0004075	3
0004076	1
0004077	1
0004084	1
0004088	1
0004089	1
0004096	2
0004107	1
0004108	1
0004113	1
0004122	1
0004124	1
0004125	1
0004126	1
0004127	1
0004129	1
0004134	1
0004139	1
0004140	1
0004141	1
0004146	3
0004148	1
0004150	1
0004152	1
0004156	2
0004160	1
0004161	1
0004169	1
0004170	1
0004175	1
0004176	2
0004177	9
0004180	1
0004190	5
0004222	4
0004252	10
0004298	2
0004311	1
0004314	1
0004315	2
0004316	1
0004322	1
0004325	1
0004326	1
0004332	1
0004333	1
0004337	2
0004340	1
0004345	1
0004347	1
0004349	1
0004350	1
0004351	1
0004352	1
0004356	4
0004357	2
0004358	1
0004359	4
0004360	1
0004364	1
0004366	1
0004368	1
0004370	1
0004372	1
0004373	1
0004375	1
0004385	1
0004386	6
0004399	1
0004400	2
0004401	2
0004412	1
0004413	1
0004414	1
0004418	1
0004424	1
0004425	1
0004427	1
0004450	1
0004451	1
0004470	1
0004471	2
0004473	1
0004474	1
0004476	1
0004478	1
0004479	1
0004488	1
0004494	2
0004497	59
0004512	1
0004514	2
0004516	1
0004518	2
0004519	19
0004521	4
0004523	2
0004525	1
0004526	1
0004527	1
0004534	1
0004536	1
0004540	5
0004550	1
0004553	18
0004556	1
0004574	1
0004585	1
0004588	2
0004590	1
0004591	1
0004592	1
0004594	1
0004595	1
0004601	5
0004602	1
0004604	1
0004605	1
0004609	1
0004611	1
0004616	1
0004617	1
0004618	1
0004619	1
0004632	1
0004633	1
0004634	1
0004635	1
0004636	1
0004637	1
0004638	2
0004639	1
0004640	1
0004641	1
0004642	2
0004643	1
0004644	2
0004645	1
0004648	1
0004654	1
0004655	1
0004659	3
0004664	1
0004665	1
0004672	6
0004673	11
0004674	4
0004721	1
0004722	1
0004725	2
0004729	1
0004731	1
0004733	3
0004735	1
0004736	1
0004738	1
0004739	1
0004743	1
0004748	3
0004749	1
0004750	1
0004756	1
0004764	1
0004765	1
0004781	1
0004784	3
0004789	1
0004791	1
0004794	2
0004795	1
0004798	1
0004799	1
0004801	1
0004802	1
0004803	24
0004805	1
0004806	1
0004807	1
0004812	3
0004813	1
0004814	1
0004817	1
0004818	1
0004820	1
0004821	1
0004822	1
0004823	1
0004824	2
0004825	1
0004826	2
0004827	1
0004828	1
0004829	1
0004830	1
0004831	1
0004832	1
0004834	2
0004844	1
0004845	1
0004851	1
0004852	2
0004853	1
0004856	1
0005047	1
0005048	1
0005198	3
0005215	9
0005267	1
0005488	8
0005504	1
0005506	54
0005507	3
0005515	13
0005524	228
0005525	23
0005542	1
0005543	1
0005576	33
0005615	2
0005694	1
0005737	40
0005739	1
0005829	1
0005839	1
0005840	35
0005854	1
0005886	49
0005948	2
0005960	1
0005971	2
0005975	16
0005978	3
0005980	3
0005991	1
0005992	4
0005998	1
0006002	2
0006006	2
0006007	1
0006012	1
0006020	1
0006021	1
0006044	1
0006048	1
0006068	1
0006071	1
0006072	3
0006085	1
0006086	2
0006090	2
0006094	4
0006096	7
0006097	1
0006098	7
0006099	9
0006106	1
0006108	2
0006113	1
0006116	2
0006139	2
0006163	1
0006164	4
0006166	1
0006177	1
0006189	8
0006203	1
0006206	1
0006207	3
0006221	3
0006226	1
0006229	1
0006231	2
0006233	1
0006241	1
0006259	1
0006260	13
0006261	2
0006265	4
0006269	1
0006275	1
0006276	1
0006281	31
0006284	6
0006289	3
0006298	1
0006303	1
0006304	2
0006308	2
0006310	22
0006313	4
0006351	4
0006352	7
0006353	3
0006354	1
0006355	211
0006364	7
0006396	8
0006397	1
0006400	4
0006402	2
0006412	63
0006413	3
0006414	4
0006415	3
0006418	2
0006419	1
0006420	1
0006423	1
0006424	3
0006426	1
0006427	1
0006428	1
0006429	1
0006430	2
0006431	1
0006432	2
0006433	1
0006434	1
0006435	1
0006436	1
0006437	1
0006438	1
0006450	1
0006457	4
0006465	2
0006468	6
0006470	2
0006486	7
0006508	37
0006520	5
0006522	1
0006523	1
0006525	2
0006526	5
0006529	1
0006534	1
0006535	2
0006537	1
0006540	1
0006541	3
0006542	4
0006556	1
0006561	3
0006564	3
0006568	1
0006571	1
0006574	1
0006592	2
0006605	2
0006614	1
0006629	9
0006631	13
0006633	18
0006635	1
0006637	1
0006644	2
0006694	1
0006707	1
0006720	3
0006729	1
0006730	2
0006741	1
0006744	1
0006760	1
0006772	1
0006777	6
0006779	3
0006780	1
0006783	2
0006790	2
0006793	1
0006796	1
0006799	1
0006801	2
0006808	1
0006810	3
0006812	6
0006813	4
0006814	3
0006817	13
0006824	1
0006826	3
0006865	5
0006879	2
0006885	3
0006886	4
0006950	1
0006979	5
0007059	4
0007165	15
0008033	6
0008080	11
0008081	3
0008094	1
0008108	1
0008113	1
0008124	1
0008126	1
0008134	1
0008135	1
0008137	11
0008146	3
0008152	11
0008168	56
0008170	1
0008171	4
0008173	4
0008176	1
0008177	1
0008186	1
0008198	1
0008199	2
0008219	2
0008233	11
0008234	3
0008236	7
0008237	10
0008251	1
0008270	44
0008289	2
0008299	5
0008320	1
0008324	7
0008360	5
0008374	6
0008375	1
0008379	3
0008381	2
0008408	5
0008409	1
0008410	7
0008428	1
0008441	2
0008442	1
0008444	1
0008448	1
0008460	1
0008483	3
0008484	2
0008490	2
0008495	1
0008519	1
0008534	3
0008556	3
0008610	3
0008615	4
0008641	1
0008643	7
0008649	1
0008652	4
0008654	16
0008658	2
0008661	1
0008664	1
0008666	1
0008668	1
0008684	2
0008685	1
0008686	1
0008695	1
0008701	1
0008703	1
0008705	1
0008710	1
0008716	1
0008725	1
0008728	1
0008734	1
0008745	2
0008750	1
0008753	1
0008757	32
0008760	1
0008762	2
0008763	1
0008764	1
0008767	1
0008774	1
0008776	1
0008784	1
0008794	1
0008800	1
0008817	2
0008821	1
0008824	1
0008829	1
0008830	1
0008831	1
0008832	1
0008835	1
0008836	1
0008837	1
0008839	1
0008840	1
0008841	1
0008851	1
0008854	4
0008855	2
0008864	1
0008873	1
0008875	1
0008878	1
0008879	1
0008881	1
0008882	1
0008883	1
0008887	1
0008893	1
0008902	1
0008909	2
0008924	1
0008932	1
0008934	1
0008935	1
0008939	1
0008940	3
0008942	2
0008955	4
0008961	1
0008963	1
0008966	1
0008968	1
0008972	1
0008976	2
0008977	1
0008987	1
0009001	1
0009002	2
0009007	1
0009009	6
0009014	1
0009022	1
0009030	1
0009036	2
0009037	1
0009055	23
0009056	5
0009058	13
0009073	5
0009081	1
0009082	3
0009086	5
0009088	2
0009089	5
0009094	1
0009097	2
0009098	6
0009099	2
0009102	4
0009113	2
0009116	6
0009117	1
0009132	8
0009146	2
0009152	3
0009168	1
0009190	9
0009220	2
0009225	2
0009228	6
0009234	4
0009236	14
0009240	1
0009243	1
0009249	3
0009250	1
0009252	18
0009253	2
0009263	3
0009264	1
0009267	1
0009268	1
0009273	1
0009294	1
0009297	1
0009306	35
0009307	4
0009311	1
0009313	1
0009316	2
0009317	6
0009318	1
0009320	1
0009325	3
0009331	2
0009338	4
0009349	1
0009358	1
0009360	2
0009374	1
0009378	2
0009379	1
0009380	2
0009381	1
0009396	5
0009408	3
0009423	3
0009432	3
0009435	6
0009439	1
0009448	1
0009451	5
0009691	1
0009898	2
0009972	1
0009975	7
0009982	5
0009986	14
0010125	4
0010126	2
0010127	2
0010133	1
0010181	39
0010288	1
0010498	5
0015031	2
0015035	5
0015036	5
0015074	8
0015075	1
0015078	1
0015087	1
0015093	1
0015095	1
0015103	3
0015105	1
0015112	1
0015136	1
0015171	3
0015252	1
0015267	1
0015293	2
0015297	5
0015385	3
0015412	1
0015415	12
0015419	6
0015424	2
0015450	4
0015562	1
0015628	2
0015645	1
0015648	1
0015662	3
0015689	3
0015693	1
0015700	3
0015739	1
0015819	1
0015822	1
0015833	1
0015886	1
0015891	3
0015914	3
0015930	1
0015934	8
0015935	6
0015937	4
0015940	2
0015941	1
0015949	2
0015970	1
0015986	6
0016020	162
0016024	1
0016032	1
0016042	6
0016075	1
0016114	1
0016116	2
0016117	2
0016149	1
0016208	1
0016209	2
0016226	6
0016298	2
0016301	12
0016310	12
0016311	2
0016403	1
0016405	2
0016407	4
0016410	1
0016414	1
0016421	3
0016433	1
0016434	1
0016462	1
0016491	208
0016597	2
0016600	1
0016614	5
0016615	1
0016616	3
0016620	4
0016627	35
0016628	2
0016638	8
0016639	1
0016646	1
0016647	1
0016651	4
0016655	4
0016670	1
0016682	1
0016684	1
0016702	4
0016703	4
0016705	36
0016706	1
0016709	20
0016712	2
0016717	2
0016722	1
0016740	13
0016743	1
0016746	33
0016747	17
0016757	16
0016758	3
0016765	2
0016772	2
0016779	8
0016780	3
0016782	1
0016783	5
0016787	131
0016788	6
0016790	15
0016791	8
0016793	1
0016799	1
0016805	1
0016810	3
0016811	1
0016817	8
0016818	4
0016829	29
0016830	2
0016831	4
0016832	1
0016833	1
0016836	9
0016849	4
0016853	4
0016866	1
0016868	2
0016874	19
0016879	2
0016881	1
0016884	2
0016887	77
0016901	1
0016903	2
0016987	9
0016989	2
0016992	1
0016993	1
0016994	1
0017000	3
0017004	6
0017038	2
0017057	1
0017061	1
0017076	1
0017136	2
0017148	3
0017150	1
0017172	1
0018104	6
0018364	1
0018578	2
0018580	3
0019068	1
0019104	2
0019134	1
0019172	1
0019200	1
0019205	1
0019213	2
0019239	2
0019264	1
0019277	1
0019288	4
0019290	1
0019305	4
0019343	1
0019346	2
0019354	1
0019379	1
0019380	1
0019427	1
0019430	1
0019441	1
0019464	3
0019491	2
0019619	1
0019629	1
0019645	1
0019652	1
0019674	1
0019752	2
0019773	1
0019829	4
0019835	1
0019843	2
0019941	4
0020037	40
0022625	5
0022627	3
0022841	1
0022857	46
0022900	2
0030001	5
0030091	3
0030145	3
0030151	3
0030170	24
0030234	1
0030246	5
0030261	2
0030272	1
0030288	1
0030366	1
0030420	1
0030435	1
0030488	1
0030527	1
0030551	1
0030554	1
0030604	1
0030638	1
0030639	5
0030643	1
0030655	1
0030788	1
0030955	1
0030956	2
0030973	1
0030976	10
0030979	1
0031004	2
0031071	1
0031167	2
0031177	1
0031179	1
0031386	1
0031388	1
0031419	3
0031522	2
0032259	39
0032324	1
0032363	1
0032508	2
0032549	1
0032555	4
0032784	3
0032787	2
0032791	1
0032977	1
0032993	2
0033014	4
0033228	2
0033230	2
0033384	2
0033743	1
0033744	1
0033816	1
0033818	1
0033819	1
0033862	1
0033942	1
0034081	3
0034204	1
0034220	5
0035435	6
0035446	1
0035447	1
0035556	9
0035595	1
0036042	1
0036211	2
0036382	2
0036383	1
0036424	1
0042026	3
0042126	2
0042128	1
0042132	1
0042158	1
0042173	1
0042242	1
0042254	1
0042274	1
0042277	1
0042286	1
0042301	6
0042398	1
0042450	2
0042577	1
0042578	5
0042586	1
0042597	1
0042625	1
0042626	47
0042732	1
0042773	6
0042802	4
0042803	1
0042823	2
0042834	1
0042910	1
0043022	3
0043093	2
0043138	1
0043169	2
0043190	21
0043295	1
0043448	3
0043546	2
0043565	6
0043743	2
0043752	1
0043773	1
0043814	1
0043819	1
0043856	3
0043937	1
0043952	4
0043953	1
0044423	2
0045017	9
0045027	1
0045182	1
0045240	1
0045254	2
0045259	6
0045271	1
0045273	1
0045300	1
0045454	5
0045892	7
0045900	1
0045927	2
0045936	1
0046025	1
0046026	1
0046081	1
0046118	1
0046140	1
0046167	1
0046278	2
0046417	2
0046421	1
0046428	1
0046429	1
0046654	5
0046677	3
0046685	3
0046686	1
0046688	1
0046839	1
0046870	1
0046872	179
0046873	1
0046912	1
0046914	1
0046933	5
0046983	4
0047071	1
0047150	1
0047307	1
0047330	1
0047420	4
0047429	2
0047470	1
0047471	1
0047472	1
0047480	1
0047547	1
0047571	1
0047575	1
0047617	9
0047804	1
0047952	1
0048034	1
0048038	7
0048472	1
0048501	1
0050136	2
0050311	1
0050334	1
0050380	1
0050440	1
0050446	1
0050456	2
0050511	1
0050515	1
0050518	1
0050567	2
0050607	1
0050627	1
0050656	3
0050660	76
0050661	15
0050797	1
0051082	4
0051083	1
0051116	1
0051119	1
0051131	1
0051139	2
0051213	4
0051252	1
0051287	24
0051301	12
0051536	23
0051537	19
0051539	20
0051540	1
0051603	1
0051604	1
0051745	1
0051920	16
0051989	1
0052381	1
0052621	1
0052636	3
0052689	5
0052699	5
0052706	1
0052737	1
0052906	1
0052913	1
0052924	1
0055051	2
0055052	19
0055085	57
0061599	1
0061603	1
0061710	1
0061799	1
0062213	1
0065003	1
0070006	7
0070007	1
0070063	2
0070069	1
0070085	1
0070204	1
0070401	7
0070402	6
0070403	34
0070475	1
0070490	2
0070573	1
0070628	1
0070726	2
0070733	1
0070905	1
0070967	35
0070968	1
0071111	1
0071555	8
0071586	1
0071704	1
0071705	1
0071766	3
0071768	15
0071770	2
0071805	2
0071949	18
0071951	1
0071972	6
0072488	1
0090529	1
0097063	1
0097351	3
0097367	2
0098003	1
0098662	2
0106141	1
0110001	13
0120225	3
0120549	2
0140078	4
0140098	1
0140110	1
0140358	1
0140359	51
0140604	6
0140662	3
0140737	3
1901135	1
1901137	1
1901893	1
1902358	4
1902600	4
1903424	1
1903425	1
1903826	1
1904047	50
1904091	1
1905887	1
1990107	1
1990204	2
1990586	2
1990610	1
