0000015	1
0000034	2
0000035	1
0000036	1
0000049	7
0000103	1
0000104	2
0000105	12
0000107	2
0000118	1
0000150	4
0000155	20
0000156	24
0000160	54
0000162	5
0000166	53
0000179	1
0000210	1
0000256	1
0000270	3
0000271	19
0000272	2
0000286	1
0000287	33
0000310	1
0000311	1
0000314	3
0000315	3
0000413	2
0000451	1
0000724	2
0000774	1
0000902	1
0000906	2
0000910	3
0000917	1
0000918	2
0000921	1
0000976	1
0001216	12
0001510	3
0001522	6
0001530	1
0001539	3
0001558	1
0001727	2
0001882	1
0001932	1
0002098	1
0002161	1
0002189	1
0002196	1
0002943	1
0002949	3
0003676	26
0003677	344
0003678	9
0003682	1
0003684	5
0003688	1
0003697	5
0003700	258
0003714	1
0003723	39
0003725	1
0003729	2
0003735	54
0003743	3
0003746	6
0003747	1
0003755	5
0003774	2
0003796	1
0003824	119
0003825	1
0003842	1
0003844	1
0003848	1
0003849	1
0003852	1
0003855	1
0003856	1
0003858	1
0003861	2
0003862	1
0003864	3
0003866	1
0003868	1
0003870	2
0003871	1
0003879	1
0003883	1
0003885	1
0003887	10
0003899	5
0003905	1
0003906	1
0003908	3
0003910	1
0003911	1
0003913	1
0003916	1
0003917	2
0003918	4
0003919	1
0003922	1
0003924	17
0003934	1
0003937	1
0003938	1
0003941	1
0003942	1
0003949	1
0003951	1
0003952	1
0003954	3
0003957	1
0003959	1
0003960	2
0003977	1
0003978	3
0003983	2
0003984	1
0003985	1
0003987	1
0003989	4
0003991	1
0003994	1
0003995	3
0003999	1
0004013	1
0004015	1
0004018	1
0004019	1
0004022	2
0004030	4
0004037	1
0004044	1
0004045	1
0004047	1
0004048	1
0004049	1
0004053	1
0004055	1
0004056	1
0004057	1
0004066	2
0004068	2
0004070	1
0004072	1
0004073	1
0004075	2
0004076	1
0004077	1
0004084	1
0004088	1
0004089	2
0004096	2
0004107	1
0004108	1
0004109	4
0004112	2
0004124	1
0004126	1
0004127	1
0004129	9
0004130	3
0004139	1
0004140	1
0004141	1
0004143	1
0004146	7
0004148	3
0004149	1
0004150	1
0004151	2
0004152	1
0004156	1
0004157	2
0004160	2
0004170	1
0004174	1
0004175	2
0004176	4
0004177	10
0004180	1
0004181	2
0004190	5
0004197	10
0004222	7
0004252	16
0004298	1
0004309	1
0004314	1
0004315	6
0004316	2
0004318	1
0004322	1
0004324	1
0004325	1
0004326	1
0004329	1
0004332	2
0004333	1
0004339	1
0004345	2
0004347	1
0004349	1
0004350	1
0004352	1
0004356	8
0004357	1
0004358	1
0004359	1
0004360	2
0004362	1
0004363	1
0004364	2
0004368	3
0004370	1
0004371	2
0004372	2
0004373	1
0004375	1
0004385	1
0004386	2
0004397	1
0004399	2
0004400	2
0004401	1
0004407	1
0004411	1
0004412	1
0004413	1
0004416	1
0004418	1
0004424	1
0004425	1
0004427	1
0004450	1
0004451	1
0004452	1
0004456	1
0004470	1
0004471	1
0004474	1
0004478	2
0004479	1
0004488	2
0004489	2
0004494	1
0004497	15
0004505	1
0004514	1
0004516	1
0004518	5
0004519	11
0004521	2
0004523	2
0004525	1
0004526	1
0004527	1
0004534	1
0004536	1
0004540	3
0004550	1
0004553	15
0004585	2
0004588	1
0004590	1
0004591	1
0004592	2
0004594	1
0004595	1
0004601	5
0004604	1
0004605	2
0004612	1
0004616	1
0004617	1
0004618	1
0004619	1
0004632	1
0004633	1
0004634	1
0004635	1
0004636	1
0004637	1
0004638	1
0004639	2
0004640	1
0004641	1
0004642	2
0004643	1
0004644	1
0004648	1
0004654	1
0004655	1
0004657	1
0004659	4
0004664	1
0004672	2
0004673	19
0004674	1
0004719	3
0004722	1
0004725	1
0004731	1
0004733	1
0004735	1
0004736	1
0004739	2
0004742	2
0004743	1
0004747	1
0004748	1
0004749	2
0004750	2
0004751	1
0004764	1
0004781	1
0004784	1
0004788	1
0004789	1
0004791	1
0004792	1
0004793	2
0004794	1
0004795	1
0004797	1
0004798	1
0004799	1
0004802	1
0004803	45
0004805	1
0004807	2
0004812	4
0004813	2
0004814	1
0004817	1
0004818	2
0004820	2
0004821	1
0004822	1
0004823	1
0004824	2
0004825	1
0004826	2
0004827	1
0004828	1
0004829	1
0004830	1
0004831	1
0004832	1
0004833	1
0004834	2
0004845	1
0004851	2
0004853	1
0004854	2
0004856	1
0004857	1
0004866	1
0004867	1
0005047	1
0005048	1
0005198	7
0005215	20
0005247	2
0005254	1
0005267	1
0005344	1
0005436	1
0005488	6
0005506	20
0005507	8
0005509	11
0005515	51
0005524	413
0005525	39
0005576	3
0005615	1
0005694	3
0005737	62
0005739	1
0005743	1
0005829	7
0005840	29
0005854	1
0005886	95
0005960	1
0005975	48
0005978	2
0005980	1
0005992	2
0005997	1
0006006	3
0006011	3
0006012	3
0006014	1
0006015	3
0006020	1
0006040	1
0006044	1
0006048	1
0006064	2
0006071	5
0006072	5
0006081	1
0006082	1
0006086	2
0006090	4
0006094	5
0006096	7
0006097	1
0006098	6
0006099	8
0006102	1
0006106	1
0006116	3
0006119	1
0006120	2
0006121	1
0006139	2
0006144	1
0006146	2
0006147	1
0006163	1
0006164	6
0006166	1
0006168	2
0006177	1
0006189	6
0006207	4
0006210	1
0006212	1
0006213	1
0006221	4
0006226	1
0006231	1
0006233	1
0006241	1
0006259	1
0006260	17
0006261	1
0006265	6
0006269	1
0006270	1
0006275	1
0006281	26
0006284	5
0006289	3
0006298	2
0006303	4
0006308	2
0006310	33
0006313	11
0006351	6
0006352	17
0006353	3
0006355	251
0006364	8
0006396	8
0006397	1
0006400	9
0006402	2
0006412	56
0006413	3
0006414	6
0006415	5
0006417	1
0006418	3
0006419	2
0006420	1
0006423	1
0006424	3
0006426	2
0006427	1
0006428	1
0006429	1
0006430	2
0006431	1
0006432	2
0006433	1
0006434	1
0006435	1
0006436	1
0006437	1
0006438	1
0006450	1
0006457	9
0006465	2
0006468	2
0006470	3
0006479	1
0006486	16
0006508	67
0006520	7
0006522	1
0006523	2
0006526	5
0006527	1
0006529	2
0006534	2
0006535	2
0006537	2
0006541	4
0006542	8
0006546	1
0006547	2
0006548	2
0006555	1
0006556	2
0006559	4
0006561	3
0006564	3
0006567	3
0006568	1
0006569	1
0006572	3
0006574	1
0006592	3
0006601	1
0006605	2
0006614	1
0006629	4
0006631	6
0006633	19
0006637	1
0006654	3
0006662	1
0006672	1
0006687	1
0006729	1
0006730	5
0006741	1
0006744	5
0006749	17
0006750	4
0006751	2
0006760	1
0006772	1
0006777	9
0006779	7
0006783	1
0006790	6
0006793	2
0006796	1
0006798	1
0006799	1
0006801	1
0006808	3
0006810	27
0006812	11
0006813	3
0006814	2
0006816	1
0006817	7
0006821	2
0006824	2
0006835	2
0006855	7
0006865	33
0006879	1
0006885	2
0006886	1
0006935	1
0006950	1
0006972	2
0006979	10
0007007	1
0007049	1
0007059	5
0007155	2
0007165	23
0008033	12
0008080	41
0008094	1
0008097	1
0008113	3
0008115	5
0008120	1
0008121	3
0008124	1
0008135	1
0008137	11
0008146	2
0008152	11
0008168	46
0008170	1
0008171	1
0008172	1
0008173	5
0008176	1
0008177	1
0008186	1
0008194	1
0008198	2
0008199	1
0008233	15
0008234	5
0008236	8
0008237	10
0008239	1
0008252	1
0008270	42
0008276	1
0008289	2
0008295	4
0008299	6
0008311	2
0008320	1
0008324	5
0008336	1
0008360	5
0008374	2
0008379	3
0008381	3
0008408	7
0008409	1
0008410	1
0008412	1
0008417	1
0008441	2
0008442	1
0008444	1
0008446	3
0008448	1
0008460	1
0008478	1
0008479	1
0008483	12
0008484	3
0008490	1
0008495	1
0008519	1
0008534	1
0008535	4
0008556	3
0008610	8
0008615	3
0008616	7
0008643	57
0008649	1
0008652	2
0008654	11
0008655	1
0008658	3
0008660	1
0008661	1
0008663	1
0008664	1
0008666	1
0008674	1
0008676	1
0008677	2
0008679	1
0008684	1
0008685	1
0008686	1
0008690	1
0008703	1
0008710	1
0008712	1
0008714	1
0008716	3
0008718	2
0008725	2
0008726	1
0008728	1
0008734	1
0008740	1
0008743	1
0008745	1
0008750	1
0008752	5
0008753	9
0008754	5
0008755	5
0008757	20
0008758	1
0008760	2
0008762	1
0008763	1
0008764	1
0008767	1
0008773	1
0008777	2
0008780	1
0008783	4
0008784	1
0008794	1
0008800	2
0008802	1
0008804	1
0008812	1
0008817	2
0008818	1
0008821	1
0008829	1
0008830	3
0008831	1
0008835	1
0008836	1
0008837	1
0008838	1
0008839	2
0008840	1
0008841	1
0008855	2
0008863	1
0008878	1
0008879	1
0008880	1
0008881	1
0008882	1
0008887	1
0008890	1
0008892	1
0008893	1
0008897	2
0008902	1
0008914	1
0008915	1
0008920	2
0008927	1
0008932	3
0008933	4
0008934	1
0008939	1
0008942	2
0008955	5
0008961	1
0008963	1
0008965	3
0008966	1
0008968	1
0008972	1
0008973	1
0008976	3
0008982	4
0008987	1
0008988	1
0008999	1
0009001	1
0009002	2
0009009	5
0009014	1
0009022	1
0009027	1
0009028	1
0009029	1
0009032	1
0009037	2
0009039	2
0009045	1
0009052	1
0009055	44
0009058	17
0009060	2
0009061	1
0009073	5
0009081	1
0009082	4
0009086	5
0009088	2
0009089	8
0009094	1
0009097	1
0009098	4
0009102	4
0009103	6
0009107	1
0009113	2
0009115	3
0009116	8
0009117	1
0009132	2
0009152	2
0009156	2
0009165	2
0009166	2
0009225	2
0009228	5
0009229	1
0009236	17
0009240	1
0009243	1
0009244	1
0009245	6
0009249	2
0009251	1
0009252	22
0009253	2
0009254	2
0009255	1
0009264	1
0009268	1
0009273	1
0009274	1
0009279	21
0009288	2
0009291	3
0009294	1
0009297	15
0009306	9
0009307	2
0009310	1
0009312	2
0009316	2
0009317	5
0009318	1
0009320	1
0009326	3
0009331	4
0009340	1
0009349	2
0009358	1
0009360	1
0009368	2
0009376	2
0009378	2
0009379	1
0009380	2
0009381	1
0009394	1
0009396	3
0009399	11
0009401	7
0009408	3
0009423	3
0009424	1
0009425	1
0009426	1
0009427	1
0009428	2
0009431	1
0009432	5
0009435	7
0009436	3
0009443	1
0009448	1
0009451	5
0009486	4
0009678	1
0009691	2
0009877	2
0009898	5
0009927	1
0009966	3
0009972	1
0009975	3
0009982	6
0010133	1
0010136	1
0010181	36
0010257	2
0010468	1
0010945	1
0015031	8
0015035	7
0015036	7
0015074	25
0015078	5
0015079	2
0015087	2
0015095	4
0015098	2
0015103	2
0015109	1
0015112	1
0015136	1
0015153	1
0015159	3
0015171	2
0015220	1
0015221	4
0015232	3
0015252	1
0015267	3
0015288	3
0015291	4
0015293	3
0015297	5
0015369	1
0015385	2
0015415	3
0015416	3
0015419	4
0015424	6
0015439	1
0015440	1
0015441	1
0015444	1
0015450	2
0015474	1
0015562	15
0015614	1
0015616	1
0015628	5
0015658	6
0015662	2
0015689	4
0015693	5
0015697	1
0015700	1
0015703	1
0015706	1
0015716	6
0015739	1
0015740	1
0015753	1
0015762	1
0015774	3
0015775	1
0015795	2
0015803	17
0015833	4
0015840	6
0015846	5
0015871	2
0015886	3
0015888	3
0015891	1
0015920	4
0015930	2
0015934	8
0015935	6
0015937	4
0015940	7
0015941	1
0015942	2
0015949	2
0015970	1
0015976	1
0015986	8
0015990	4
0016020	397
0016024	2
0016034	1
0016114	1
0016116	4
0016117	4
0016149	3
0016151	4
0016153	1
0016163	3
0016208	1
0016226	10
0016301	13
0016310	16
0016311	4
0016403	3
0016407	4
0016410	2
0016413	1
0016421	1
0016430	1
0016433	1
0016434	1
0016462	1
0016491	195
0016530	2
0016531	1
0016597	1
0016598	1
0016610	1
0016612	2
0016614	4
0016616	18
0016620	4
0016624	3
0016627	5
0016638	1
0016647	1
0016651	5
0016655	3
0016661	1
0016682	2
0016705	12
0016706	1
0016709	7
0016717	1
0016722	1
0016740	19
0016742	1
0016743	1
0016746	46
0016747	17
0016757	48
0016758	2
0016759	1
0016765	3
0016772	1
0016773	3
0016774	1
0016776	1
0016779	9
0016780	7
0016782	2
0016783	2
0016787	125
0016788	4
0016790	5
0016791	9
0016793	1
0016799	2
0016810	18
0016811	4
0016812	2
0016813	2
0016817	2
0016818	4
0016823	1
0016829	17
0016830	6
0016832	3
0016835	2
0016836	4
0016841	2
0016846	15
0016853	21
0016855	3
0016857	2
0016861	2
0016866	1
0016868	1
0016874	8
0016879	1
0016881	2
0016884	1
0016887	204
0016901	1
0016987	20
0016989	3
0016990	1
0016992	1
0016993	1
0016994	1
0016998	1
0017000	5
0017004	13
0017013	1
0017038	2
0017057	1
0017113	1
0017136	1
0017148	1
0017150	2
0017168	3
0018104	14
0018106	1
0018193	2
0018197	1
0018339	1
0018364	1
0018454	1
0018578	2
0018659	1
0018738	1
0018822	2
0018835	2
0019104	3
0019120	2
0019134	1
0019171	2
0019200	9
0019205	1
0019213	3
0019239	3
0019243	1
0019250	1
0019264	2
0019277	2
0019285	4
0019287	1
0019288	1
0019299	1
0019301	1
0019305	5
0019310	5
0019346	5
0019354	2
0019379	1
0019427	1
0019430	1
0019441	1
0019464	2
0019475	5
0019491	1
0019509	1
0019538	1
0019546	1
0019547	2
0019556	1
0019557	1
0019580	1
0019619	2
0019627	2
0019632	1
0019634	5
0019636	1
0019646	3
0019670	1
0019673	3
0019674	1
0019684	2
0019700	2
0019752	5
0019808	5
0019825	1
0019829	2
0019835	1
0019843	3
0019856	1
0019867	4
0019899	1
0020037	36
0022625	5
0022627	3
0022841	1
0022857	144
0022900	4
0022904	6
0030001	1
0030091	7
0030145	4
0030151	3
0030163	1
0030170	51
0030234	2
0030244	1
0030246	8
0030253	6
0030256	2
0030257	1
0030261	2
0030272	2
0030288	10
0030366	1
0030420	2
0030429	1
0030435	3
0030488	1
0030527	1
0030551	1
0030552	8
0030554	6
0030643	2
0030655	1
0030674	2
0030694	1
0030729	1
0030788	1
0030798	1
0030955	1
0030956	1
0030974	2
0030975	1
0030976	8
0030983	2
0031004	2
0031071	3
0031167	2
0031179	1
0031317	3
0031419	1
0031460	1
0032196	1
0032259	26
0032300	1
0032363	1
0032508	1
0032543	1
0032784	5
0032955	1
0032977	1
0032981	1
0032993	7
0033014	4
0033103	15
0033104	3
0033194	2
0033219	1
0033221	6
0033222	1
0033265	3
0033286	4
0033288	4
0033294	1
0033295	1
0033296	1
0033308	4
0033617	2
0033739	1
0033743	2
0033744	3
0033818	1
0033819	1
0033856	1
0033862	1
0033863	1
0033890	2
0033897	1
0033971	1
0034040	2
0034194	1
0034204	1
0034220	1
0034386	1
0035435	1
0035438	3
0035550	1
0035598	1
0035870	1
0036211	6
0036222	1
0036374	2
0036424	1
0042026	4
0042128	1
0042132	1
0042158	1
0042173	1
0042242	1
0042254	4
0042301	1
0042400	4
0042450	3
0042578	9
0042586	2
0042597	6
0042619	2
0042625	1
0042626	394
0042732	3
0042773	5
0042776	1
0042780	1
0042802	17
0042803	4
0042820	3
0042823	1
0042834	16
0042853	1
0042884	1
0042908	8
0042910	2
0042919	1
0042925	1
0042952	1
0042953	1
0043022	5
0043093	3
0043094	1
0043115	1
0043165	1
0043169	3
0043190	37
0043199	1
0043213	1
0043231	1
0043335	1
0043419	2
0043424	1
0043461	1
0043546	9
0043565	46
0043639	1
0043684	1
0043714	1
0043720	5
0043752	1
0043758	1
0043811	1
0043819	1
0043858	1
0043934	2
0043952	2
0043953	1
0044097	1
0044205	1
0044209	1
0044341	1
0044423	3
0044780	5
0044781	2
0045027	2
0045182	1
0045227	1
0045239	1
0045240	1
0045252	1
0045254	3
0045259	6
0045271	1
0045273	2
0045275	1
0045277	2
0045329	1
0045454	4
0045861	1
0045892	10
0045893	4
0045900	1
0045936	2
0046026	1
0046081	1
0046118	1
0046167	1
0046177	1
0046278	2
0046292	1
0046294	1
0046316	1
0046348	2
0046395	1
0046417	1
0046429	1
0046449	1
0046522	1
0046523	1
0046653	4
0046654	8
0046677	3
0046685	2
0046688	1
0046857	1
0046872	238
0046873	2
0046903	1
0046912	3
0046914	3
0046933	5
0046983	2
0047300	1
0047304	1
0047307	1
0047324	3
0047400	1
0047420	1
0047429	1
0047472	1
0047480	1
0047570	1
0047575	1
0047585	1
0047617	4
0047661	1
0047789	1
0047834	1
0047869	1
0047952	1
0048027	1
0048034	1
0048038	5
0048040	2
0048472	1
0048501	1
0048502	3
0050096	1
0050112	1
0050114	2
0050129	1
0050136	10
0050188	1
0050235	1
0050242	1
0050269	1
0050311	1
0050380	2
0050421	1
0050446	1
0050480	1
0050511	1
0050515	1
0050518	1
0050520	1
0050567	1
0050570	1
0050656	1
0050660	68
0050661	20
0050896	1
0050898	3
0050992	1
0051073	1
0051082	6
0051083	1
0051087	1
0051116	2
0051139	1
0051205	1
0051213	7
0051262	1
0051266	1
0051287	31
0051301	14
0051470	4
0051536	24
0051537	14
0051539	20
0051540	1
0051603	1
0051745	1
0051903	1
0051907	1
0051920	9
0051983	2
0051989	1
0052381	1
0052547	1
0052621	17
0052689	4
0052693	1
0052851	1
0052873	5
0052906	1
0052913	1
0052929	1
0055052	91
0055070	1
0055085	250
0055130	2
0061024	1
0061542	1
0061599	1
0061710	1
0061799	1
0062192	1
0065003	4
0070006	11
0070007	1
0070063	4
0070064	3
0070069	3
0070395	1
0070401	2
0070402	2
0070403	52
0070475	2
0070573	1
0070905	2
0070967	2
0070968	1
0071111	12
0071522	1
0071555	15
0071586	1
0071704	7
0071709	1
0071805	3
0071949	18
0071951	1
0071972	14
0071973	8
0072488	1
0072593	1
0090409	1
0090410	1
0090729	3
0097163	1
0097173	1
0097347	1
0097351	2
0097367	7
0098003	3
0098024	3
0098567	1
0098797	1
0103117	1
0110001	5
0120225	2
0120549	1
0140078	1
0140098	1
0140110	1
0140297	1
0140327	2
0140358	2
0140359	405
0140662	5
0140663	1
0141098	1
0170035	2
1901053	1
1901135	1
1901137	3
1901271	4
1901891	1
1901893	1
1902209	1
1902358	3
1902495	4
1902600	9
1903826	1
1904047	56
1904091	1
1904680	1
1905887	4
1990063	1
1990107	1
1990204	8
1990397	1
1990586	1
1990610	1
