0000015	1
0000028	1
0000036	1
0000041	1
0000049	2
0000103	1
0000105	11
0000107	2
0000150	10
0000155	5
0000156	14
0000160	24
0000162	4
0000166	16
0000179	1
0000210	1
0000271	2
0000287	9
0000311	1
0000314	3
0000315	3
0000373	1
0000413	1
0000724	1
0000774	1
0000902	2
0000906	1
0000910	3
0000918	1
0001072	1
0001510	2
0001522	4
0001539	3
0001727	1
0002098	1
0002100	1
0002161	2
0002189	1
0002949	3
0003333	8
0003676	13
0003677	186
0003678	6
0003684	4
0003688	1
0003690	1
0003697	3
0003700	70
0003723	27
0003725	1
0003729	2
0003735	52
0003743	4
0003746	5
0003747	1
0003755	3
0003774	4
0003824	25
0003849	1
0003852	1
0003855	1
0003856	1
0003857	4
0003862	1
0003879	1
0003887	6
0003896	1
0003899	5
0003906	1
0003908	2
0003911	1
0003916	2
0003917	1
0003918	2
0003919	1
0003922	1
0003924	16
0003935	1
0003937	1
0003938	1
0003941	2
0003949	1
0003952	1
0003964	1
0003978	2
0003984	1
0003986	1
0004013	1
0004014	1
0004016	1
0004018	1
0004019	1
0004022	1
0004029	1
0004044	1
0004045	2
0004048	1
0004049	1
0004055	1
0004056	1
0004067	1
0004070	1
0004071	1
0004072	1
0004073	1
0004076	1
0004077	1
0004084	1
0004088	2
0004096	1
0004107	1
0004124	3
0004126	1
0004127	1
0004139	1
0004140	1
0004146	1
0004148	1
0004151	1
0004152	1
0004160	1
0004175	1
0004176	1
0004181	3
0004190	5
0004222	7
0004252	7
0004298	1
0004314	1
0004315	2
0004316	1
0004326	1
0004329	1
0004332	1
0004347	2
0004349	2
0004350	1
0004355	1
0004356	1
0004359	1
0004360	1
0004370	1
0004385	1
0004386	6
0004397	1
0004399	1
0004400	3
0004401	1
0004412	2
0004417	1
0004418	1
0004420	1
0004424	1
0004425	1
0004452	1
0004478	1
0004479	1
0004516	1
0004518	6
0004519	4
0004520	1
0004521	1
0004523	2
0004525	1
0004526	1
0004527	1
0004540	2
0004553	1
0004585	1
0004588	1
0004590	1
0004594	1
0004595	1
0004602	1
0004612	1
0004632	1
0004633	1
0004634	1
0004635	1
0004636	1
0004637	1
0004638	1
0004639	1
0004641	1
0004642	1
0004643	1
0004644	1
0004648	1
0004654	1
0004655	1
0004659	2
0004672	2
0004673	4
0004722	1
0004731	1
0004733	1
0004735	1
0004736	1
0004743	1
0004749	1
0004750	1
0004751	1
0004781	1
0004784	1
0004788	1
0004789	1
0004794	1
0004795	1
0004797	1
0004798	1
0004799	1
0004803	3
0004807	1
0004812	3
0004813	1
0004814	1
0004816	1
0004817	1
0004818	1
0004819	1
0004820	1
0004821	1
0004822	1
0004823	1
0004824	1
0004825	1
0004826	2
0004827	1
0004828	1
0004829	1
0004830	1
0004831	1
0004832	1
0004834	2
0004844	1
0004845	1
0004849	1
0004851	1
0004853	1
0005047	1
0005048	1
0005198	10
0005215	5
0005283	1
0005381	1
0005388	1
0005436	1
0005506	4
0005507	1
0005509	1
0005515	7
0005524	201
0005525	24
0005694	1
0005737	48
0005777	1
0005829	3
0005840	30
0005854	2
0005886	38
0005951	1
0005975	12
0006002	1
0006006	2
0006012	2
0006072	1
0006090	2
0006091	1
0006094	4
0006096	8
0006098	1
0006099	1
0006113	2
0006139	2
0006163	1
0006164	3
0006166	1
0006171	1
0006177	1
0006189	5
0006207	2
0006213	1
0006221	3
0006231	1
0006233	1
0006259	2
0006260	13
0006261	1
0006265	5
0006269	1
0006270	1
0006275	1
0006281	21
0006284	3
0006289	3
0006298	4
0006302	2
0006304	4
0006308	2
0006310	21
0006313	1
0006351	4
0006352	17
0006353	3
0006355	93
0006364	7
0006396	3
0006400	9
0006402	2
0006412	59
0006413	4
0006414	5
0006415	4
0006418	4
0006419	1
0006420	1
0006421	1
0006423	1
0006424	1
0006425	1
0006426	1
0006427	1
0006428	1
0006429	1
0006430	1
0006431	1
0006432	2
0006433	1
0006434	1
0006435	1
0006436	1
0006437	1
0006438	1
0006448	1
0006457	6
0006465	3
0006468	2
0006470	1
0006482	1
0006508	30
0006520	8
0006522	1
0006526	1
0006527	1
0006529	1
0006531	1
0006535	4
0006537	2
0006541	1
0006548	1
0006556	1
0006561	4
0006564	1
0006565	2
0006567	1
0006568	1
0006605	1
0006614	1
0006629	1
0006631	2
0006633	5
0006635	4
0006654	1
0006730	1
0006772	1
0006779	3
0006799	1
0006810	2
0006812	2
0006813	3
0006814	3
0006816	1
0006817	4
0006824	1
0006826	2
0006855	2
0006865	11
0006885	1
0006886	2
0006935	10
0006950	1
0006979	1
0007049	1
0007059	4
0007155	1
0007165	14
0008033	7
0008080	16
0008081	1
0008094	1
0008134	2
0008135	1
0008137	2
0008152	8
0008168	12
0008170	3
0008172	1
0008173	2
0008175	1
0008176	1
0008186	1
0008219	1
0008233	9
0008236	14
0008237	1
0008251	1
0008253	1
0008254	1
0008270	19
0008295	3
0008299	5
0008324	1
0008360	7
0008374	1
0008379	1
0008381	1
0008408	3
0008409	1
0008410	12
0008413	1
0008441	1
0008444	1
0008460	1
0008479	1
0008484	1
0008490	1
0008534	1
0008556	2
0008610	1
0008615	2
0008616	1
0008641	1
0008649	2
0008652	1
0008654	2
0008655	1
0008658	3
0008661	1
0008685	1
0008686	1
0008703	2
0008716	1
0008721	1
0008745	3
0008752	1
0008754	2
0008757	5
0008760	2
0008761	1
0008762	1
0008763	1
0008764	1
0008765	1
0008774	1
0008782	1
0008783	2
0008784	1
0008798	1
0008800	5
0008804	1
0008808	1
0008817	1
0008818	1
0008821	1
0008833	1
0008835	1
0008836	2
0008839	2
0008840	2
0008841	1
0008851	1
0008855	2
0008861	1
0008879	1
0008881	1
0008883	1
0008899	2
0008901	1
0008902	1
0008929	1
0008930	1
0008932	1
0008939	1
0008961	1
0008963	1
0008966	1
0008972	1
0008973	1
0008976	1
0008983	1
0008984	1
0008998	2
0008999	1
0009001	1
0009007	2
0009035	1
0009037	1
0009052	1
0009055	10
0009058	7
0009073	2
0009081	1
0009082	3
0009086	1
0009088	1
0009089	9
0009098	2
0009102	1
0009113	2
0009116	2
0009117	2
0009132	1
0009152	2
0009164	1
0009220	2
0009225	1
0009228	7
0009236	11
0009240	1
0009249	2
0009252	13
0009253	3
0009264	1
0009288	4
0009290	1
0009294	1
0009297	1
0009306	9
0009307	3
0009318	2
0009320	1
0009331	1
0009349	1
0009358	1
0009360	2
0009368	1
0009372	1
0009374	1
0009376	2
0009378	2
0009379	1
0009380	2
0009381	1
0009399	1
0009403	1
0009408	2
0009423	3
0009425	2
0009431	2
0009432	2
0009435	3
0009451	2
0009847	1
0009898	3
0009966	6
0009972	1
0009975	6
0009982	5
0010181	15
0010945	1
0015031	4
0015035	2
0015074	5
0015078	2
0015079	2
0015093	2
0015095	1
0015103	2
0015128	1
0015136	1
0015171	9
0015205	1
0015267	1
0015297	2
0015385	1
0015415	3
0015419	2
0015440	1
0015446	2
0015450	3
0015562	4
0015655	1
0015658	4
0015662	2
0015693	1
0015700	1
0015739	1
0015803	2
0015833	1
0015930	1
0015934	8
0015935	6
0015936	1
0015937	3
0015938	1
0015941	1
0015949	2
0015969	1
0015970	1
0015986	7
0016020	142
0016032	1
0016114	1
0016149	2
0016151	4
0016153	1
0016154	1
0016163	1
0016209	2
0016226	1
0016301	2
0016310	4
0016311	1
0016407	1
0016430	1
0016433	1
0016434	2
0016462	2
0016491	28
0016530	2
0016610	1
0016616	2
0016620	6
0016639	1
0016646	2
0016661	1
0016692	2
0016740	10
0016746	15
0016747	4
0016757	4
0016763	1
0016765	4
0016773	1
0016776	1
0016779	3
0016780	3
0016782	2
0016783	2
0016787	33
0016788	2
0016790	2
0016791	2
0016793	1
0016799	1
0016805	3
0016810	9
0016812	4
0016818	1
0016829	4
0016831	1
0016836	2
0016840	1
0016853	3
0016868	1
0016872	1
0016874	3
0016879	1
0016887	85
0016903	2
0016987	18
0016989	1
0016990	1
0016994	1
0017013	1
0017038	1
0017118	1
0017148	1
0017150	1
0018104	1
0018277	1
0018339	1
0018364	1
0018455	1
0018580	2
0019068	3
0019069	1
0019104	2
0019172	1
0019200	1
0019205	1
0019242	1
0019277	2
0019281	2
0019288	3
0019305	2
0019346	3
0019354	1
0019509	2
0019546	1
0019556	2
0019829	2
0019843	3
0020037	1
0022625	5
0022627	3
0022857	52
0022900	6
0030001	3
0030091	1
0030115	16
0030145	1
0030170	19
0030246	1
0030261	2
0030388	1
0030409	1
0030412	1
0030435	3
0030436	16
0030488	1
0030552	3
0030554	3
0030604	1
0030612	1
0030643	1
0030655	5
0030694	3
0030788	1
0030789	1
0030955	1
0030976	4
0030983	5
0031004	3
0031071	2
0031167	2
0031179	1
0031469	18
0031522	1
0032049	1
0032259	3
0032328	1
0032508	2
0032778	1
0032784	2
0033014	3
0033232	2
0033573	1
0033743	1
0033818	1
0033862	1
0034204	1
0034301	1
0034755	1
0034979	1
0035429	1
0035539	1
0035673	2
0035870	1
0036211	8
0036222	1
0042026	2
0042173	1
0042174	1
0042242	1
0042254	5
0042274	1
0042286	1
0042426	2
0042450	2
0042545	1
0042578	1
0042586	2
0042625	1
0042626	78
0042802	3
0042803	1
0042834	1
0042908	1
0042910	2
0042918	1
0043022	6
0043039	1
0043093	1
0043094	1
0043101	1
0043107	1
0043139	1
0043169	1
0043190	11
0043295	1
0043365	2
0043462	1
0043565	12
0043571	7
0043687	4
0043767	2
0043805	1
0043811	1
0043822	1
0043856	1
0043858	1
0043885	1
0043937	2
0043952	3
0044341	1
0044423	3
0044780	6
0045148	1
0045152	1
0045182	1
0045261	4
0045263	3
0045892	10
0045910	1
0045927	1
0045936	1
0045982	1
0046025	1
0046026	1
0046110	1
0046118	1
0046140	1
0046168	1
0046416	1
0046429	1
0046440	1
0046523	1
0046537	1
0046685	3
0046797	1
0046872	51
0046873	1
0046919	1
0046933	5
0046983	3
0047429	1
0047480	1
0047617	2
0047688	1
0047761	2
0047804	1
0047850	1
0047952	1
0048038	1
0048472	1
0048473	2
0048500	1
0048501	1
0050066	1
0050151	1
0050242	1
0050380	1
0050480	1
0050511	1
0050515	1
0050518	1
0050568	1
0050660	7
0050661	6
0050992	1
0051073	1
0051082	5
0051083	2
0051087	1
0051144	1
0051276	2
0051287	6
0051301	11
0051536	7
0051539	22
0051540	1
0051603	1
0051604	1
0051606	1
0051607	2
0051745	1
0051775	1
0051920	2
0051989	2
0052381	1
0052689	1
0052693	1
0052873	1
0052906	1
0052913	1
0055052	29
0055085	59
0061710	1
0061712	1
0061783	1
0070004	1
0070006	1
0070007	1
0070063	1
0070402	1
0070403	8
0070475	1
0070726	2
0071524	2
0071555	1
0071586	1
0071722	2
0071949	2
0071951	1
0071972	1
0071973	9
0097351	1
0098026	1
0098561	3
0098869	1
0110001	2
0140078	1
0140110	3
0140359	83
0140662	1
0140741	1
0140911	3
1901137	1
1901576	2
1902047	1
1902358	2
1902600	1
1903424	1
1903425	1
1903826	1
1904047	27
1905887	1
1990204	2
1990397	1
1990610	1
