0000015	1
0000028	1
0000035	1
0000036	3
0000041	1
0000049	4
0000098	1
0000105	10
0000107	2
0000150	8
0000155	26
0000156	31
0000160	43
0000162	1
0000166	19
0000179	1
0000220	2
0000270	1
0000271	7
0000272	2
0000286	2
0000287	17
0000311	1
0000314	3
0000315	3
0000373	1
0000413	1
0000451	1
0000724	1
0000774	1
0000902	2
0000910	2
0000917	1
0000918	1
0001510	3
0001514	2
0001522	10
0001680	1
0001727	2
0001887	1
0001968	1
0002098	1
0002100	1
0002161	2
0002196	1
0002935	1
0002949	3
0003676	15
0003677	268
0003678	12
0003684	3
0003688	1
0003690	2
0003697	3
0003700	108
0003723	37
0003725	1
0003729	1
0003735	53
0003743	3
0003746	5
0003755	5
0003796	3
0003824	44
0003844	1
0003855	1
0003861	2
0003862	1
0003866	1
0003872	1
0003879	2
0003883	1
0003886	1
0003887	7
0003896	3
0003899	4
0003908	3
0003911	1
0003916	4
0003917	2
0003918	4
0003919	1
0003922	1
0003924	15
0003937	1
0003938	1
0003941	2
0003942	1
0003949	1
0003952	1
0003964	1
0003978	1
0003984	2
0003989	4
0003991	1
0003999	1
0004000	1
0004016	1
0004018	1
0004019	1
0004022	1
0004040	2
0004044	2
0004045	2
0004055	1
0004056	1
0004066	2
0004070	1
0004071	1
0004072	2
0004073	1
0004075	1
0004077	1
0004084	1
0004088	1
0004107	1
0004112	1
0004124	2
0004125	1
0004126	1
0004127	1
0004132	1
0004133	1
0004134	1
0004139	1
0004140	1
0004146	1
0004148	1
0004151	1
0004152	1
0004160	1
0004170	1
0004175	1
0004176	3
0004177	5
0004180	1
0004190	4
0004197	1
0004222	10
0004252	10
0004314	1
0004315	2
0004316	1
0004325	1
0004326	1
0004329	1
0004332	3
0004335	1
0004340	1
0004342	1
0004347	1
0004355	1
0004356	3
0004358	1
0004359	1
0004360	1
0004370	1
0004372	1
0004373	1
0004385	2
0004386	2
0004399	1
0004400	1
0004401	1
0004412	2
0004414	1
0004417	1
0004418	1
0004424	1
0004450	1
0004452	1
0004455	1
0004471	1
0004473	1
0004478	1
0004479	1
0004488	1
0004489	1
0004497	1
0004516	1
0004518	7
0004519	3
0004520	2
0004521	5
0004523	2
0004525	1
0004526	1
0004529	1
0004534	1
0004536	1
0004540	2
0004553	10
0004556	1
0004557	2
0004574	1
0004585	1
0004588	1
0004590	1
0004595	1
0004605	1
0004609	1
0004612	1
0004618	1
0004632	1
0004633	1
0004634	1
0004635	1
0004636	1
0004637	1
0004638	1
0004639	1
0004641	1
0004642	1
0004643	1
0004644	1
0004648	1
0004654	1
0004659	2
0004664	1
0004672	4
0004673	20
0004713	1
0004722	1
0004725	2
0004731	1
0004735	1
0004743	1
0004750	1
0004751	1
0004756	1
0004764	1
0004765	1
0004788	1
0004789	1
0004791	1
0004793	1
0004794	1
0004795	1
0004799	1
0004803	63
0004807	1
0004808	1
0004812	2
0004813	2
0004814	1
0004816	1
0004817	1
0004818	1
0004819	1
0004820	1
0004821	1
0004822	1
0004823	1
0004824	1
0004825	1
0004826	2
0004827	1
0004828	1
0004829	1
0004830	1
0004831	1
0004832	1
0004834	1
0004844	1
0004845	1
0004851	1
0004856	3
0005047	1
0005048	1
0005198	5
0005215	4
0005283	4
0005436	1
0005506	6
0005509	1
0005515	16
0005524	253
0005525	23
0005576	3
0005694	1
0005737	52
0005829	5
0005840	30
0005854	2
0005882	1
0005886	42
0005975	32
0005978	5
0005980	2
0005991	1
0005997	3
0006002	2
0006006	1
0006007	1
0006012	2
0006044	2
0006066	1
0006071	2
0006072	1
0006085	1
0006090	1
0006094	3
0006096	11
0006098	1
0006102	1
0006109	1
0006139	1
0006144	2
0006163	2
0006164	6
0006166	1
0006168	1
0006171	1
0006177	1
0006189	4
0006203	1
0006207	1
0006213	1
0006220	1
0006221	6
0006226	1
0006231	1
0006241	1
0006259	2
0006260	20
0006261	3
0006265	10
0006268	1
0006269	1
0006270	2
0006275	1
0006281	24
0006282	1
0006284	4
0006289	3
0006298	2
0006302	2
0006304	5
0006306	2
0006308	2
0006310	27
0006313	20
0006351	4
0006352	15
0006353	3
0006354	3
0006355	122
0006364	9
0006396	6
0006400	8
0006402	3
0006412	58
0006413	3
0006414	5
0006415	4
0006418	1
0006419	2
0006420	1
0006421	1
0006423	1
0006424	1
0006425	1
0006426	1
0006427	1
0006428	1
0006429	1
0006430	1
0006431	1
0006432	2
0006433	1
0006434	1
0006435	1
0006436	1
0006437	1
0006438	1
0006457	7
0006465	3
0006468	4
0006470	2
0006486	15
0006508	36
0006520	4
0006522	1
0006525	1
0006526	3
0006529	3
0006535	3
0006537	2
0006541	1
0006542	1
0006556	1
0006561	1
0006564	1
0006565	2
0006567	3
0006568	1
0006569	1
0006571	1
0006592	2
0006605	1
0006614	1
0006633	11
0006654	1
0006730	3
0006741	1
0006747	1
0006772	1
0006777	4
0006779	2
0006797	1
0006799	2
0006801	1
0006808	1
0006810	5
0006811	3
0006812	6
0006813	1
0006814	4
0006817	4
0006824	1
0006826	4
0006855	7
0006865	9
0006886	2
0006935	1
0006950	1
0007059	3
0007165	25
0008033	9
0008047	2
0008080	10
0008094	1
0008097	1
0008135	1
0008137	1
0008152	11
0008168	15
0008170	4
0008171	1
0008172	1
0008173	5
0008176	1
0008186	1
0008194	1
0008219	3
0008233	3
0008234	1
0008236	10
0008237	2
0008251	1
0008253	1
0008254	1
0008270	29
0008289	7
0008299	4
0008311	1
0008324	5
0008360	10
0008374	2
0008381	1
0008408	4
0008409	1
0008410	1
0008444	1
0008448	1
0008460	1
0008478	1
0008479	1
0008483	7
0008484	1
0008610	1
0008615	2
0008643	20
0008649	3
0008652	1
0008654	7
0008655	1
0008658	5
0008661	1
0008662	2
0008679	1
0008685	1
0008690	1
0008703	1
0008716	1
0008721	1
0008725	1
0008728	2
0008730	1
0008742	1
0008743	1
0008745	3
0008754	2
0008755	2
0008757	9
0008760	1
0008761	2
0008762	1
0008763	1
0008764	2
0008765	1
0008767	1
0008776	1
0008782	1
0008784	1
0008788	1
0008800	1
0008804	1
0008808	2
0008818	1
0008830	1
0008831	1
0008832	1
0008836	1
0008837	1
0008839	2
0008840	2
0008841	1
0008855	2
0008861	2
0008878	4
0008879	1
0008887	1
0008888	2
0008890	1
0008893	1
0008897	1
0008902	1
0008929	2
0008930	1
0008939	1
0008948	1
0008955	6
0008961	1
0008962	1
0008963	1
0008965	2
0008966	1
0008968	1
0008972	1
0008973	1
0008976	2
0008977	1
0008982	4
0008984	1
0008993	1
0008998	2
0008999	1
0009001	1
0009002	3
0009007	1
0009009	4
0009035	1
0009052	1
0009055	16
0009058	8
0009073	3
0009081	1
0009082	6
0009086	3
0009088	1
0009089	9
0009094	1
0009098	3
0009103	4
0009113	3
0009116	4
0009117	1
0009152	2
0009164	1
0009220	1
0009225	1
0009228	9
0009236	10
0009240	1
0009243	1
0009244	1
0009245	1
0009249	1
0009252	18
0009253	6
0009254	1
0009263	1
0009264	1
0009265	2
0009273	1
0009290	1
0009294	1
0009297	2
0009306	8
0009307	4
0009311	1
0009316	2
0009317	5
0009318	2
0009320	1
0009330	1
0009331	1
0009358	2
0009360	3
0009368	1
0009372	1
0009378	2
0009379	1
0009380	2
0009381	1
0009398	1
0009399	1
0009401	9
0009403	1
0009408	2
0009423	1
0009432	2
0009435	4
0009443	1
0009451	6
0009847	1
0009898	2
0009927	1
0009972	2
0009982	10
0009986	2
0010124	3
0010181	20
0015031	3
0015035	3
0015074	12
0015078	3
0015079	3
0015081	2
0015093	2
0015095	2
0015112	3
0015136	1
0015171	1
0015205	2
0015233	1
0015293	8
0015297	17
0015412	2
0015415	3
0015419	1
0015424	4
0015450	3
0015562	2
0015574	1
0015648	3
0015658	2
0015662	3
0015689	2
0015693	2
0015739	1
0015740	1
0015771	1
0015803	2
0015826	1
0015851	2
0015887	1
0015930	1
0015934	8
0015935	6
0015937	3
0015941	1
0015949	2
0015969	1
0015970	1
0015976	1
0015986	7
0016020	154
0016024	1
0016032	2
0016051	1
0016052	1
0016075	1
0016114	1
0016149	3
0016154	1
0016163	1
0016226	2
0016301	12
0016310	17
0016311	2
0016407	2
0016430	1
0016433	1
0016434	1
0016462	2
0016485	1
0016491	46
0016610	1
0016616	3
0016620	2
0016639	1
0016692	1
0016695	1
0016703	1
0016740	20
0016746	16
0016747	9
0016757	32
0016758	1
0016763	1
0016765	5
0016773	4
0016776	1
0016779	5
0016780	4
0016782	2
0016783	2
0016787	54
0016788	3
0016790	2
0016791	5
0016793	1
0016798	1
0016799	2
0016805	1
0016810	6
0016811	1
0016818	2
0016829	2
0016831	4
0016832	2
0016836	4
0016853	7
0016857	1
0016866	1
0016868	1
0016874	6
0016879	1
0016887	94
0016891	1
0016903	1
0016987	15
0016989	1
0016994	1
0016998	3
0017000	1
0017004	1
0017013	2
0017038	1
0017103	1
0017136	2
0017148	1
0017150	2
0017168	3
0018104	1
0018117	1
0018339	1
0018364	1
0018455	4
0018580	1
0019068	1
0019104	3
0019156	1
0019200	8
0019205	1
0019239	2
0019242	2
0019264	1
0019277	1
0019288	3
0019301	1
0019305	4
0019346	2
0019350	1
0019354	2
0019388	1
0019430	1
0019509	1
0019546	1
0019569	1
0019632	1
0019674	1
0019700	1
0019829	4
0019835	1
0019843	3
0019867	1
0022625	5
0022627	3
0022857	40
0022900	2
0030001	6
0030145	1
0030151	3
0030152	2
0030170	20
0030234	2
0030246	1
0030261	2
0030272	1
0030288	1
0030388	3
0030420	1
0030429	1
0030435	2
0030436	12
0030488	2
0030552	4
0030554	10
0030604	1
0030643	1
0030655	1
0030699	2
0030700	2
0030788	1
0030789	1
0030955	1
0030973	1
0030976	3
0030983	3
0031071	1
0031167	2
0031179	1
0031317	2
0031522	1
0032049	2
0032196	1
0032259	10
0032329	1
0032508	5
0032549	1
0032778	1
0032784	3
0032955	2
0032993	2
0033014	1
0033232	2
0033730	1
0033818	1
0033862	1
0034220	2
0034301	1
0034979	1
0035673	2
0035870	1
0036211	4
0036222	1
0036361	1
0036376	2
0042026	2
0042173	1
0042174	1
0042242	1
0042254	5
0042274	1
0042450	2
0042578	8
0042586	1
0042625	3
0042626	99
0042732	1
0042780	1
0042803	5
0042834	1
0042853	2
0042910	12
0043022	5
0043038	1
0043039	1
0043093	1
0043094	1
0043101	2
0043115	1
0043139	1
0043169	1
0043190	10
0043365	3
0043424	1
0043546	1
0043565	11
0043571	5
0043687	1
0043751	1
0043768	1
0043805	1
0043811	1
0043856	1
0043937	2
0043952	3
0044341	1
0044423	2
0045182	1
0045184	1
0045227	2
0045261	5
0045263	2
0045892	6
0045910	1
0045927	1
0045936	1
0046026	1
0046081	1
0046110	1
0046118	1
0046168	1
0046416	1
0046429	1
0046487	1
0046500	1
0046537	1
0046654	1
0046677	5
0046835	1
0046872	90
0046873	1
0046914	2
0046933	5
0046961	1
0046983	3
0047355	1
0047475	3
0047480	1
0047661	1
0047952	1
0048030	1
0048040	1
0048472	1
0048473	2
0048500	1
0048501	1
0050002	2
0050194	1
0050242	1
0050380	1
0050485	4
0050500	1
0050511	1
0050515	1
0050518	1
0050570	1
0050660	12
0050661	6
0050992	1
0051073	1
0051082	5
0051083	2
0051087	1
0051117	2
0051156	1
0051287	14
0051301	18
0051302	1
0051304	1
0051353	1
0051536	11
0051537	3
0051539	29
0051540	1
0051606	1
0051607	1
0051745	1
0051775	1
0051920	1
0051989	2
0052381	1
0052621	1
0052906	1
0052913	1
0055052	30
0055085	77
0061710	1
0061712	1
0061799	1
0065007	1
0065009	1
0070006	4
0070007	5
0070040	1
0070063	2
0070085	1
0070395	2
0070401	2
0070402	1
0070403	12
0070475	1
0070567	1
0070573	2
0070726	2
0070733	1
0070905	1
0071555	11
0071586	4
0071705	1
0071949	8
0071951	1
0071972	1
0072344	1
0072592	1
0090729	4
0097351	1
0097367	5
0098847	1
0110001	5
0120225	1
0140098	1
0140110	2
0140327	2
0140358	1
0140359	109
0140662	2
0140673	3
0140741	1
0141098	1
0160105	1
1901135	2
1901137	1
1902600	4
1903424	1
1903425	1
1904047	38
1905887	2
1990107	1
1990112	1
1990204	1
1990610	2
