0000015	1
0000028	1
0000034	1
0000036	1
0000049	1
0000062	1
0000103	2
0000105	9
0000107	2
0000150	1
0000155	19
0000156	8
0000160	13
0000162	3
0000166	14
0000179	1
0000271	7
0000272	1
0000287	9
0000309	1
0000311	1
0000314	3
0000315	3
0000413	1
0000451	1
0000774	1
0000902	1
0000906	1
0000910	1
0000917	2
0001072	1
0001216	1
0001510	1
0001522	5
0002098	1
0002161	1
0002949	3
0003676	15
0003677	207
0003678	7
0003684	4
0003688	1
0003697	6
0003700	91
0003723	23
0003725	2
0003729	1
0003735	54
0003743	3
0003746	4
0003747	2
0003755	9
0003824	33
0003842	1
0003844	1
0003848	1
0003852	1
0003855	1
0003856	1
0003861	2
0003862	1
0003864	1
0003866	1
0003871	2
0003879	1
0003883	1
0003887	8
0003896	4
0003899	4
0003904	1
0003908	2
0003910	1
0003911	1
0003916	2
0003917	1
0003918	4
0003919	1
0003920	1
0003922	1
0003924	13
0003934	1
0003935	1
0003937	1
0003938	1
0003941	1
0003942	1
0003949	1
0003952	1
0003964	1
0003978	1
0003984	2
0003985	1
0003989	3
0003991	1
0003994	1
0004013	1
0004018	1
0004019	1
0004020	1
0004035	1
0004040	2
0004045	2
0004047	1
0004048	1
0004055	1
0004056	1
0004066	1
0004068	1
0004070	1
0004072	3
0004073	1
0004075	1
0004077	1
0004084	1
0004088	1
0004096	3
0004108	1
0004109	1
0004126	1
0004127	1
0004129	4
0004134	1
0004139	1
0004140	1
0004146	1
0004148	1
0004149	1
0004151	1
0004152	1
0004156	1
0004160	1
0004170	1
0004175	1
0004177	9
0004181	2
0004190	3
0004198	1
0004222	4
0004252	8
0004314	1
0004315	3
0004316	1
0004318	1
0004325	1
0004326	1
0004332	2
0004333	1
0004335	1
0004342	1
0004345	1
0004347	1
0004349	1
0004350	1
0004356	1
0004357	1
0004360	1
0004370	1
0004371	1
0004372	1
0004373	1
0004375	1
0004385	1
0004386	10
0004397	1
0004399	1
0004400	2
0004401	1
0004412	2
0004413	1
0004414	1
0004417	1
0004418	1
0004424	1
0004425	1
0004450	1
0004451	1
0004452	1
0004455	1
0004470	1
0004471	1
0004474	1
0004476	1
0004478	1
0004479	1
0004488	1
0004489	1
0004497	8
0004514	2
0004515	1
0004516	1
0004518	2
0004519	2
0004523	2
0004525	1
0004526	1
0004527	5
0004540	3
0004553	25
0004555	1
0004565	4
0004587	1
0004588	1
0004590	1
0004591	1
0004592	1
0004594	1
0004595	1
0004601	6
0004602	2
0004604	1
0004609	1
0004612	1
0004616	1
0004620	1
0004632	1
0004633	1
0004634	1
0004635	1
0004636	1
0004637	1
0004638	2
0004639	1
0004642	1
0004643	1
0004644	1
0004645	1
0004648	1
0004650	1
0004654	1
0004655	1
0004659	2
0004665	1
0004673	19
0004719	1
0004725	1
0004731	1
0004733	1
0004735	1
0004739	2
0004742	1
0004743	1
0004748	2
0004749	2
0004750	1
0004751	1
0004758	1
0004764	1
0004781	1
0004784	1
0004789	1
0004791	1
0004794	1
0004795	1
0004797	1
0004799	1
0004803	22
0004807	1
0004812	2
0004813	1
0004814	1
0004816	1
0004817	1
0004818	1
0004819	1
0004820	1
0004821	1
0004822	1
0004823	1
0004824	1
0004825	1
0004826	2
0004827	1
0004828	1
0004829	1
0004830	1
0004831	1
0004832	1
0004834	2
0004844	1
0004845	1
0004851	1
0004853	1
0004856	1
0004866	1
0004888	13
0005047	1
0005048	1
0005247	2
0005506	1
0005507	2
0005509	1
0005515	13
0005524	171
0005525	19
0005576	11
0005694	1
0005737	41
0005829	5
0005840	30
0005854	1
0005886	28
0005948	1
0005960	1
0005971	1
0005975	44
0005978	3
0005991	1
0005992	1
0005996	1
0005998	1
0006002	1
0006006	3
0006012	3
0006015	1
0006044	1
0006064	3
0006071	1
0006072	1
0006084	1
0006086	2
0006089	1
0006090	1
0006094	3
0006096	8
0006097	1
0006098	4
0006099	8
0006101	1
0006106	1
0006139	2
0006146	1
0006163	1
0006164	4
0006166	1
0006168	1
0006177	1
0006188	1
0006189	5
0006207	2
0006221	3
0006222	1
0006226	1
0006229	1
0006231	1
0006241	1
0006259	3
0006260	16
0006261	1
0006265	6
0006269	1
0006270	2
0006275	1
0006281	23
0006284	2
0006289	4
0006298	5
0006302	1
0006304	4
0006308	2
0006310	33
0006313	5
0006351	4
0006352	31
0006353	3
0006355	100
0006364	6
0006396	3
0006400	8
0006402	2
0006412	60
0006413	3
0006414	4
0006415	6
0006418	1
0006419	1
0006420	1
0006421	1
0006423	1
0006424	3
0006425	1
0006426	1
0006427	1
0006428	1
0006429	1
0006430	1
0006431	1
0006432	2
0006433	1
0006434	1
0006435	1
0006436	1
0006437	1
0006438	1
0006450	1
0006457	7
0006465	2
0006470	1
0006479	1
0006486	1
0006508	37
0006520	3
0006522	1
0006523	1
0006526	1
0006529	1
0006537	1
0006541	1
0006548	1
0006556	1
0006561	3
0006564	2
0006566	1
0006568	1
0006571	1
0006592	2
0006596	1
0006605	1
0006614	1
0006629	4
0006631	2
0006633	14
0006650	1
0006654	1
0006730	3
0006744	4
0006750	1
0006751	1
0006772	1
0006777	3
0006779	4
0006783	1
0006790	2
0006799	1
0006810	5
0006811	13
0006812	1
0006813	3
0006814	7
0006821	2
0006824	1
0006826	1
0006833	1
0006855	2
0006865	1
0006885	6
0006886	1
0006950	1
0006972	2
0006979	7
0007049	1
0007059	3
0007165	20
0008033	7
0008080	12
0008081	1
0008094	1
0008097	1
0008108	1
0008113	2
0008135	1
0008152	5
0008168	8
0008170	4
0008172	1
0008173	3
0008176	1
0008186	1
0008199	2
0008233	13
0008234	1
0008236	12
0008237	12
0008252	1
0008253	3
0008270	33
0008276	1
0008299	4
0008324	1
0008360	7
0008374	1
0008379	6
0008381	4
0008408	3
0008412	1
0008425	3
0008428	1
0008441	1
0008446	1
0008452	1
0008460	2
0008465	1
0008479	1
0008483	2
0008484	3
0008490	1
0008495	1
0008519	1
0008556	2
0008610	3
0008612	1
0008615	4
0008616	1
0008641	2
0008643	2
0008649	2
0008652	5
0008654	3
0008658	2
0008661	1
0008676	1
0008677	1
0008685	1
0008686	1
0008690	1
0008697	1
0008703	1
0008705	1
0008712	1
0008714	1
0008716	1
0008733	1
0008734	1
0008741	1
0008742	1
0008745	1
0008752	2
0008753	1
0008754	1
0008755	1
0008757	7
0008760	1
0008762	1
0008763	1
0008764	1
0008767	1
0008770	1
0008773	1
0008775	1
0008780	1
0008784	1
0008800	3
0008801	1
0008808	1
0008817	1
0008821	1
0008829	1
0008830	2
0008831	1
0008832	1
0008835	1
0008836	1
0008837	1
0008839	1
0008840	1
0008841	1
0008851	1
0008854	1
0008855	2
0008864	1
0008878	1
0008879	2
0008880	2
0008881	1
0008883	1
0008902	2
0008914	1
0008915	1
0008924	1
0008927	1
0008929	1
0008932	1
0008961	2
0008963	1
0008964	1
0008966	1
0008972	2
0008976	1
0008977	1
0008987	1
0009002	1
0009009	1
0009011	1
0009029	1
0009030	1
0009035	3
0009052	1
0009055	5
0009058	9
0009060	2
0009067	1
0009073	2
0009081	1
0009082	4
0009086	5
0009088	1
0009089	4
0009098	4
0009107	1
0009113	1
0009116	5
0009117	1
0009152	2
0009156	1
0009165	2
0009166	1
0009220	1
0009225	2
0009228	6
0009234	3
0009236	1
0009240	1
0009243	3
0009244	2
0009245	5
0009249	1
0009252	13
0009254	1
0009263	2
0009264	3
0009273	1
0009274	1
0009279	100
0009294	1
0009306	6
0009316	2
0009317	4
0009318	2
0009320	1
0009338	1
0009349	1
0009358	1
0009360	3
0009378	2
0009379	1
0009380	3
0009381	1
0009396	2
0009403	1
0009408	2
0009423	2
0009432	6
0009435	7
0009451	4
0009691	1
0009972	1
0009982	6
0010133	1
0010181	11
0010951	1
0015031	4
0015035	1
0015036	2
0015074	21
0015078	2
0015087	1
0015093	1
0015095	2
0015103	2
0015128	1
0015136	1
0015150	2
0015159	3
0015171	1
0015221	2
0015250	1
0015267	2
0015288	18
0015293	1
0015297	2
0015343	4
0015385	6
0015412	2
0015450	2
0015506	2
0015535	2
0015562	23
0015628	1
0015663	3
0015689	2
0015693	2
0015700	1
0015739	1
0015756	2
0015858	2
0015890	3
0015891	5
0015914	1
0015920	2
0015930	1
0015934	8
0015935	6
0015937	3
0015940	3
0015941	1
0015949	3
0015970	1
0015977	1
0015986	8
0016020	169
0016114	1
0016149	3
0016151	1
0016153	1
0016209	12
0016226	3
0016301	3
0016310	2
0016311	2
0016407	1
0016410	3
0016430	1
0016433	1
0016434	1
0016462	1
0016491	82
0016539	1
0016540	1
0016597	1
0016614	2
0016616	5
0016620	4
0016624	1
0016627	3
0016651	5
0016655	1
0016684	1
0016740	11
0016746	9
0016747	4
0016757	27
0016758	1
0016763	1
0016765	2
0016773	2
0016779	3
0016780	2
0016782	2
0016783	2
0016787	41
0016788	4
0016790	1
0016798	1
0016799	2
0016810	4
0016812	2
0016818	2
0016829	2
0016831	2
0016832	2
0016835	1
0016836	3
0016853	7
0016857	2
0016866	1
0016868	1
0016872	1
0016874	4
0016879	1
0016884	1
0016887	45
0016891	1
0016987	32
0016989	13
0016992	1
0017003	1
0017004	4
0017013	2
0017057	1
0017148	1
0017150	1
0018142	4
0018339	1
0018364	1
0019104	1
0019172	2
0019200	1
0019203	1
0019205	1
0019213	1
0019241	1
0019242	1
0019264	1
0019277	1
0019288	2
0019305	7
0019346	2
0019354	1
0019379	1
0019430	1
0019464	3
0019556	1
0019557	1
0019569	2
0019632	1
0019647	1
0019673	1
0019752	2
0019843	3
0019867	6
0020037	10
0022625	5
0022627	4
0022857	122
0030001	3
0030091	4
0030151	1
0030170	16
0030246	4
0030261	8
0030272	1
0030288	1
0030416	5
0030420	1
0030428	1
0030488	1
0030552	27
0030599	2
0030604	1
0030638	2
0030655	2
0030955	1
0030956	2
0030973	1
0030976	4
0030983	6
0031004	3
0031012	1
0031167	1
0031179	1
0031240	9
0031419	1
0032049	1
0032196	3
0032259	6
0032508	2
0032784	2
0032977	1
0032991	3
0033014	3
0033194	2
0033232	1
0033743	2
0033744	2
0033745	1
0033818	1
0033819	1
0033840	1
0033856	1
0033862	1
0033922	1
0034077	1
0034219	1
0034480	2
0035429	1
0035870	1
0036211	4
0036222	1
0036374	1
0036424	1
0038023	4
0042026	3
0042132	1
0042158	3
0042254	3
0042274	1
0042286	1
0042372	1
0042398	1
0042450	2
0042545	2
0042546	2
0042578	2
0042586	1
0042597	6
0042626	36
0042732	1
0042773	1
0042780	1
0042802	18
0042803	1
0042834	2
0042910	1
0043022	5
0043039	1
0043093	1
0043165	1
0043169	1
0043190	1
0043295	2
0043462	1
0043565	60
0043800	1
0043801	1
0043811	1
0043952	2
0044209	1
0044283	1
0045148	1
0045151	1
0045239	1
0045252	1
0045254	2
0045261	5
0045263	3
0045490	1
0045735	1
0045892	4
0045910	1
0046081	1
0046118	1
0046177	1
0046316	1
0046348	1
0046373	2
0046417	1
0046429	1
0046513	1
0046537	1
0046556	2
0046654	1
0046685	1
0046835	1
0046872	60
0046873	3
0046933	6
0046983	2
0047294	1
0047343	1
0047429	1
0047480	1
0047605	1
0047617	4
0047733	1
0048040	1
0048473	1
0048501	1
0050136	1
0050151	1
0050334	1
0050380	1
0050416	1
0050480	1
0050511	1
0050515	1
0050567	2
0050570	1
0050660	11
0050661	11
0051082	3
0051083	1
0051087	1
0051119	1
0051205	1
0051252	1
0051287	13
0051301	6
0051536	9
0051539	16
0051540	1
0051920	4
0051989	1
0052381	1
0052624	1
0052689	2
0052693	1
0052717	2
0052873	2
0052906	1
0055052	12
0055070	1
0055085	92
0061077	3
0061542	3
0061603	1
0061710	2
0061712	1
0070005	1
0070006	3
0070007	1
0070063	1
0070401	1
0070402	1
0070403	12
0070475	2
0070905	1
0071268	1
0071555	4
0071586	1
0071793	3
0071949	7
0071951	1
0072488	1
0102208	3
0103117	1
0120225	1
0140078	1
0140359	35
0140658	1
0140662	3
0140663	1
1901135	1
1901137	1
1902600	6
1904047	17
1905887	2
1990397	1
1990610	1
