0000015	1
0000049	2
0000098	1
0000103	1
0000104	2
0000105	9
0000107	2
0000150	2
0000155	11
0000156	9
0000160	19
0000162	8
0000166	29
0000175	1
0000179	1
0000210	1
0000256	2
0000270	4
0000271	11
0000287	20
0000302	2
0000311	1
0000314	3
0000315	4
0000413	1
0000451	1
0000774	1
0000902	3
0000906	1
0000910	2
0000917	1
0000918	2
0000921	1
0001216	2
0001510	5
0001522	10
0001530	1
0001671	1
0001680	2
0001727	1
0001882	1
0002098	1
0002100	1
0002143	1
0002161	2
0002943	1
0002949	3
0003333	3
0003676	20
0003677	150
0003678	5
0003684	5
0003688	1
0003697	4
0003700	74
0003723	47
0003724	2
0003725	2
0003729	2
0003735	58
0003743	3
0003746	5
0003747	1
0003755	10
0003756	2
0003824	27
0003842	1
0003848	2
0003852	1
0003855	1
0003856	1
0003861	2
0003862	1
0003864	1
0003871	1
0003879	1
0003882	1
0003883	1
0003885	1
0003886	1
0003887	11
0003899	6
0003906	1
0003908	2
0003911	1
0003913	1
0003916	1
0003917	1
0003918	4
0003919	1
0003922	1
0003924	16
0003934	1
0003935	2
0003937	1
0003938	1
0003942	1
0003949	1
0003951	1
0003952	1
0003954	1
0003955	1
0003957	1
0003960	1
0003964	2
0003977	1
0003978	1
0003983	1
0003984	1
0003987	1
0003988	1
0003989	3
0003991	1
0003994	1
0003995	4
0003998	1
0003999	1
0004013	2
0004015	1
0004017	1
0004018	1
0004019	1
0004022	1
0004029	2
0004037	1
0004039	1
0004042	1
0004044	1
0004045	3
0004048	1
0004049	2
0004055	1
0004056	1
0004057	1
0004065	1
0004068	2
0004070	1
0004072	1
0004073	1
0004075	1
0004076	1
0004077	1
0004084	1
0004088	2
0004096	1
0004107	1
0004108	2
0004109	2
0004115	1
0004124	2
0004127	1
0004140	1
0004141	1
0004143	2
0004146	1
0004148	1
0004149	1
0004150	1
0004151	1
0004152	1
0004156	2
0004160	1
0004170	1
0004176	4
0004177	1
0004190	2
0004222	14
0004252	9
0004309	1
0004314	1
0004315	1
0004316	1
0004318	1
0004324	2
0004325	1
0004326	1
0004332	1
0004333	1
0004347	1
0004349	1
0004350	1
0004356	2
0004357	1
0004358	1
0004360	1
0004363	1
0004364	1
0004366	1
0004368	1
0004370	1
0004371	1
0004372	1
0004385	1
0004386	4
0004399	1
0004400	2
0004412	1
0004413	1
0004416	1
0004417	1
0004418	1
0004424	1
0004425	1
0004427	1
0004450	1
0004451	2
0004462	1
0004470	3
0004471	3
0004474	1
0004478	1
0004479	1
0004489	2
0004497	8
0004514	1
0004516	1
0004518	3
0004519	8
0004520	1
0004521	1
0004523	1
0004525	1
0004526	1
0004527	1
0004536	2
0004540	5
0004550	1
0004553	2
0004585	1
0004588	1
0004590	1
0004591	1
0004592	1
0004594	1
0004595	2
0004601	3
0004602	2
0004604	2
0004605	1
0004609	1
0004611	1
0004618	1
0004619	1
0004632	1
0004633	1
0004634	1
0004635	1
0004636	1
0004637	1
0004638	2
0004639	1
0004640	2
0004641	1
0004642	1
0004643	1
0004644	2
0004648	1
0004654	1
0004655	1
0004657	1
0004659	2
0004664	1
0004672	4
0004673	8
0004674	4
0004722	1
0004725	4
0004733	1
0004735	1
0004738	1
0004748	1
0004749	2
0004750	1
0004751	1
0004764	1
0004765	1
0004781	1
0004784	2
0004789	1
0004791	1
0004794	1
0004795	1
0004798	1
0004799	1
0004801	1
0004802	1
0004803	80
0004806	2
0004807	1
0004810	2
0004812	5
0004813	1
0004814	1
0004817	1
0004818	1
0004819	1
0004820	2
0004821	1
0004822	1
0004823	1
0004824	3
0004825	1
0004826	2
0004827	1
0004828	2
0004829	1
0004830	1
0004831	1
0004832	2
0004834	3
0004844	1
0004845	1
0004846	1
0004847	2
0004851	3
0004852	1
0004853	1
0004857	1
0005047	1
0005048	1
0005198	5
0005215	13
0005254	2
0005283	3
0005298	3
0005319	1
0005375	1
0005488	1
0005506	8
0005507	3
0005515	25
0005524	196
0005525	36
0005548	1
0005694	3
0005737	50
0005739	1
0005829	4
0005840	35
0005854	1
0005886	62
0005960	1
0005975	9
0006006	2
0006011	1
0006012	1
0006015	2
0006020	1
0006040	1
0006048	1
0006068	2
0006071	1
0006072	2
0006081	2
0006082	1
0006084	1
0006086	1
0006090	1
0006094	3
0006096	6
0006097	1
0006098	2
0006099	10
0006106	1
0006108	1
0006109	1
0006116	1
0006120	1
0006139	1
0006144	1
0006147	1
0006163	1
0006164	4
0006166	1
0006177	1
0006188	1
0006189	6
0006203	1
0006207	4
0006212	1
0006221	2
0006222	1
0006226	1
0006229	1
0006231	1
0006233	1
0006241	1
0006259	1
0006260	14
0006261	1
0006265	5
0006269	2
0006270	6
0006275	1
0006281	23
0006282	1
0006284	4
0006289	3
0006298	2
0006302	1
0006304	4
0006308	2
0006310	20
0006313	49
0006351	5
0006352	4
0006353	3
0006355	84
0006364	12
0006396	9
0006397	1
0006400	8
0006402	2
0006412	63
0006413	3
0006414	5
0006415	4
0006418	2
0006419	1
0006420	1
0006423	1
0006424	5
0006425	1
0006426	2
0006427	1
0006428	1
0006429	1
0006430	3
0006431	1
0006432	2
0006433	1
0006434	2
0006435	1
0006436	1
0006437	1
0006438	2
0006450	2
0006457	11
0006465	2
0006468	4
0006470	3
0006486	16
0006508	30
0006520	5
0006522	1
0006523	2
0006526	4
0006535	4
0006537	4
0006541	3
0006542	2
0006556	1
0006561	4
0006564	2
0006568	1
0006592	2
0006605	2
0006614	1
0006629	6
0006631	8
0006633	11
0006636	1
0006644	1
0006654	2
0006662	1
0006730	3
0006741	1
0006744	5
0006747	1
0006749	6
0006750	2
0006760	1
0006772	1
0006777	5
0006779	5
0006780	1
0006782	1
0006790	7
0006796	2
0006798	1
0006799	1
0006801	1
0006808	1
0006810	18
0006811	2
0006812	7
0006813	3
0006814	6
0006817	7
0006825	1
0006826	2
0006833	1
0006835	2
0006847	1
0006855	2
0006864	1
0006865	27
0006869	1
0006886	3
0006935	2
0006950	3
0006974	3
0006979	7
0007030	1
0007059	5
0007155	3
0007165	16
0008033	13
0008080	19
0008081	2
0008094	1
0008106	1
0008113	1
0008126	1
0008135	1
0008137	6
0008138	1
0008152	12
0008168	20
0008170	1
0008171	1
0008172	1
0008173	6
0008176	1
0008177	1
0008186	1
0008198	2
0008219	1
0008233	5
0008236	2
0008237	7
0008251	1
0008252	1
0008270	22
0008276	1
0008289	7
0008299	4
0008320	1
0008324	5
0008360	10
0008374	2
0008375	2
0008379	3
0008381	4
0008408	4
0008409	1
0008410	1
0008412	1
0008428	1
0008441	1
0008444	1
0008446	1
0008479	1
0008483	3
0008490	2
0008495	1
0008519	3
0008534	1
0008556	3
0008610	2
0008615	6
0008616	4
0008641	1
0008649	2
0008652	1
0008654	8
0008658	2
0008661	1
0008662	1
0008666	1
0008676	1
0008681	1
0008684	2
0008685	1
0008686	3
0008690	1
0008695	4
0008696	1
0008701	2
0008703	1
0008705	1
0008710	1
0008716	1
0008725	1
0008726	1
0008728	2
0008734	1
0008745	1
0008750	1
0008752	2
0008753	2
0008755	1
0008757	14
0008760	1
0008762	1
0008763	1
0008764	1
0008767	1
0008773	1
0008774	2
0008775	1
0008780	1
0008784	1
0008785	2
0008794	1
0008797	1
0008803	1
0008813	1
0008817	1
0008821	1
0008829	1
0008832	1
0008835	1
0008836	1
0008837	1
0008839	1
0008840	1
0008851	1
0008854	1
0008855	2
0008860	1
0008864	1
0008881	1
0008882	1
0008883	2
0008887	1
0008892	1
0008893	2
0008897	1
0008899	1
0008902	1
0008907	2
0008914	1
0008915	1
0008926	1
0008932	2
0008933	5
0008934	1
0008939	1
0008941	1
0008942	2
0008955	1
0008961	1
0008963	1
0008964	1
0008965	1
0008966	1
0008967	1
0008972	1
0008976	1
0008977	1
0008982	1
0008986	1
0008987	1
0008988	2
0008990	2
0008999	1
0009001	2
0009007	1
0009009	1
0009014	1
0009016	1
0009022	1
0009029	1
0009030	1
0009035	3
0009037	2
0009052	1
0009055	12
0009056	4
0009058	7
0009073	6
0009081	1
0009082	3
0009086	7
0009088	3
0009089	9
0009094	1
0009097	2
0009098	4
0009102	5
0009107	1
0009113	2
0009116	4
0009117	1
0009132	4
0009146	1
0009152	3
0009156	2
0009165	2
0009190	1
0009220	1
0009228	7
0009229	1
0009236	3
0009240	1
0009244	3
0009245	5
0009249	3
0009252	18
0009253	2
0009254	1
0009263	1
0009267	1
0009268	1
0009273	1
0009274	2
0009276	1
0009279	38
0009289	2
0009290	1
0009294	1
0009297	3
0009306	11
0009307	4
0009316	2
0009317	4
0009318	2
0009320	1
0009331	1
0009338	1
0009340	1
0009349	1
0009358	1
0009360	2
0009368	3
0009378	2
0009379	1
0009380	2
0009381	1
0009396	5
0009398	1
0009401	2
0009408	2
0009423	2
0009432	1
0009435	5
0009451	7
0009486	3
0009636	1
0009691	2
0009898	3
0009966	3
0009975	4
0009982	10
0010038	1
0010124	1
0010181	21
0010340	1
0010945	1
0015031	10
0015035	5
0015036	2
0015074	5
0015078	6
0015079	2
0015093	1
0015095	2
0015098	1
0015103	4
0015109	1
0015136	1
0015159	2
0015171	11
0015205	3
0015218	1
0015221	4
0015250	1
0015252	2
0015267	14
0015288	13
0015291	1
0015293	12
0015297	5
0015343	5
0015411	2
0015412	1
0015415	3
0015419	3
0015424	2
0015450	3
0015501	1
0015562	13
0015616	1
0015627	13
0015628	16
0015658	1
0015663	1
0015689	3
0015693	2
0015700	2
0015703	1
0015734	1
0015739	1
0015774	2
0015803	1
0015813	1
0015824	3
0015826	1
0015833	2
0015837	2
0015840	5
0015851	3
0015890	1
0015891	4
0015914	1
0015920	4
0015930	4
0015934	8
0015935	6
0015937	5
0015940	2
0015941	1
0015949	2
0015970	2
0015976	1
0015977	1
0015986	8
0015990	2
0016020	269
0016024	1
0016032	1
0016042	5
0016114	2
0016149	2
0016159	1
0016208	1
0016226	9
0016301	8
0016310	17
0016311	4
0016407	1
0016410	2
0016433	1
0016434	1
0016436	2
0016462	2
0016491	61
0016597	1
0016598	1
0016600	1
0016615	1
0016616	6
0016620	4
0016627	9
0016638	3
0016639	1
0016645	1
0016651	2
0016655	2
0016682	2
0016703	1
0016705	1
0016706	2
0016709	4
0016717	3
0016740	10
0016746	34
0016747	6
0016757	20
0016763	2
0016765	1
0016772	3
0016773	1
0016774	1
0016776	3
0016779	5
0016780	3
0016782	2
0016783	3
0016787	69
0016788	4
0016790	10
0016791	6
0016799	2
0016810	3
0016811	2
0016817	5
0016818	1
0016829	6
0016830	1
0016832	2
0016836	5
0016846	1
0016853	8
0016857	1
0016868	1
0016874	4
0016879	1
0016881	1
0016884	2
0016887	52
0016896	1
0016901	1
0016987	5
0016992	1
0017000	1
0017038	2
0017076	1
0017136	1
0017148	1
0017150	3
0018104	1
0018177	1
0018339	1
0018364	2
0018498	1
0018576	1
0018738	1
0018849	1
0018850	1
0019068	4
0019082	1
0019104	2
0019134	1
0019171	1
0019213	1
0019239	4
0019243	1
0019264	1
0019277	1
0019288	3
0019290	2
0019346	3
0019354	3
0019379	2
0019380	5
0019427	1
0019430	1
0019464	1
0019538	1
0019593	1
0019615	1
0019619	1
0019627	3
0019628	2
0019629	3
0019632	1
0019646	2
0019673	1
0019679	2
0019752	3
0019825	2
0019829	1
0019835	1
0019843	3
0019856	1
0019867	5
0019899	1
0020037	9
0022625	6
0022627	3
0022857	75
0022877	1
0022900	1
0022904	2
0030001	4
0030091	2
0030145	3
0030163	1
0030170	18
0030234	1
0030253	2
0030255	1
0030256	1
0030261	2
0030272	1
0030288	2
0030366	1
0030420	1
0030488	1
0030497	1
0030527	1
0030552	2
0030554	1
0030604	1
0030612	2
0030643	1
0030697	1
0030956	4
0030964	1
0030973	1
0030976	2
0030977	1
0030983	2
0031004	2
0031012	1
0031071	1
0031167	4
0031402	3
0031418	1
0031419	1
0031522	2
0031992	2
0032150	1
0032259	9
0032297	1
0032300	1
0032329	1
0032775	1
0032784	6
0032955	1
0032977	1
0033014	3
0033103	13
0033104	6
0033219	1
0033221	5
0033232	4
0033711	2
0033739	1
0033743	1
0033744	1
0033819	2
0033856	1
0033862	1
0033890	1
0033971	1
0034040	1
0034204	1
0034220	2
0034480	1
0035438	2
0035556	1
0035870	1
0036211	6
0036222	1
0036424	1
0038023	5
0042026	3
0042128	1
0042132	1
0042158	1
0042254	5
0042273	1
0042286	1
0042351	1
0042450	2
0042546	1
0042578	3
0042586	2
0042597	8
0042626	43
0042710	1
0042773	3
0042780	2
0042802	9
0042803	6
0042834	9
0042884	1
0042908	6
0042910	2
0042918	1
0042952	2
0042953	4
0043022	4
0043024	1
0043039	2
0043093	3
0043101	1
0043107	2
0043115	3
0043165	1
0043190	9
0043213	1
0043295	2
0043335	1
0043531	1
0043565	11
0043571	2
0043633	1
0043683	7
0043684	1
0043708	1
0043752	1
0043867	1
0043934	1
0043952	3
0043953	1
0044097	1
0044205	1
0044423	3
0044571	2
0044877	1
0045017	2
0045182	1
0045239	1
0045252	1
0045254	1
0045259	4
0045271	1
0045273	2
0045454	2
0045892	5
0045893	1
0045900	2
0045936	1
0046081	1
0046110	1
0046118	1
0046294	1
0046421	1
0046429	1
0046654	2
0046656	1
0046677	5
0046685	7
0046688	1
0046872	113
0046873	3
0046914	1
0046930	1
0046933	5
0046942	2
0047134	1
0047429	1
0047456	1
0047480	1
0047570	1
0047617	4
0047834	2
0048034	1
0048038	3
0048473	4
0048501	1
0050084	1
0050136	5
0050151	1
0050269	2
0050311	1
0050334	1
0050380	2
0050427	1
0050440	1
0050446	1
0050511	1
0050515	2
0050518	1
0050567	4
0050570	1
0050577	1
0050660	24
0050661	12
0050992	1
0051073	1
0051082	7
0051083	1
0051087	2
0051139	2
0051213	2
0051252	1
0051262	1
0051266	3
0051287	23
0051301	10
0051409	1
0051536	10
0051537	8
0051539	18
0051540	1
0051596	1
0051604	1
0051745	1
0051903	1
0051920	6
0051989	1
0052381	1
0052621	13
0052689	3
0052693	2
0052873	1
0052906	1
0052913	1
0055052	17
0055085	110
0060567	1
0061024	1
0061503	1
0061542	1
0061599	1
0061603	1
0061710	2
0070006	4
0070007	1
0070063	5
0070069	1
0070206	1
0070401	4
0070402	2
0070403	10
0070475	2
0070733	1
0070905	1
0070968	1
0071111	4
0071268	1
0071555	8
0071586	1
0071709	1
0071805	1
0071949	11
0071951	1
0071972	1
0072488	3
0090529	1
0097163	2
0097347	1
0097367	2
0098567	2
0098662	1
0098869	1
0102039	2
0103117	1
0110001	3
0110142	1
0120010	1
0120225	3
0140078	1
0140098	1
0140110	1
0140327	2
0140358	1
0140359	38
0140657	1
0140658	2
0140662	4
0141098	2
1901137	3
1901891	1
1902358	2
1902495	3
1902600	5
1903424	1
1903425	1
1904047	30
1904680	2
1905039	2
1905887	1
1990107	1
1990531	1
1990610	1
1990817	1
1990961	1
