0000015	1
0000028	1
0000035	1
0000036	2
0000049	2
0000105	6
0000107	1
0000150	3
0000155	10
0000156	8
0000160	14
0000166	19
0000179	1
0000256	2
0000271	4
0000272	2
0000286	1
0000287	16
0000302	1
0000311	1
0000314	3
0000315	3
0000413	1
0000451	1
0000724	1
0000774	1
0000902	2
0000906	1
0000910	2
0001228	1
0001510	3
0001522	7
0001680	1
0001727	3
0001968	1
0002098	1
0002100	1
0002189	1
0002949	3
0003676	15
0003677	141
0003678	8
0003684	5
0003688	1
0003697	6
0003700	42
0003723	34
0003725	2
0003729	2
0003735	55
0003743	3
0003746	4
0003755	2
0003824	16
0003844	1
0003848	1
0003852	1
0003861	3
0003862	1
0003866	1
0003879	1
0003886	2
0003887	9
0003899	7
0003908	1
0003911	1
0003916	1
0003917	1
0003918	4
0003919	1
0003920	1
0003922	1
0003924	15
0003934	1
0003935	1
0003937	1
0003938	1
0003942	1
0003951	1
0003952	1
0003960	1
0003977	1
0003978	3
0003983	2
0003984	1
0003985	1
0003989	2
0003991	1
0003994	1
0003998	1
0003999	1
0004000	1
0004016	1
0004022	2
0004035	1
0004038	1
0004040	1
0004044	1
0004045	2
0004055	1
0004056	1
0004070	1
0004072	1
0004073	1
0004075	1
0004077	1
0004084	1
0004096	1
0004107	1
0004124	1
0004126	1
0004127	1
0004134	1
0004139	1
0004140	1
0004146	1
0004148	2
0004151	1
0004152	1
0004156	1
0004160	1
0004163	1
0004176	1
0004177	3
0004180	1
0004181	1
0004190	2
0004222	12
0004252	8
0004298	1
0004314	1
0004315	2
0004316	1
0004318	1
0004325	1
0004326	2
0004329	1
0004332	3
0004335	2
0004340	1
0004345	1
0004347	1
0004349	1
0004350	1
0004356	1
0004357	1
0004358	1
0004359	1
0004360	1
0004362	1
0004364	1
0004371	1
0004372	1
0004373	1
0004385	1
0004386	1
0004399	1
0004412	1
0004413	1
0004414	1
0004416	1
0004417	1
0004418	1
0004420	1
0004421	1
0004424	1
0004427	1
0004452	1
0004459	1
0004476	1
0004478	1
0004479	1
0004488	1
0004496	1
0004497	1
0004516	1
0004518	5
0004519	3
0004520	1
0004521	3
0004523	3
0004525	1
0004526	1
0004527	1
0004534	1
0004536	1
0004540	1
0004553	5
0004557	2
0004585	1
0004588	1
0004590	1
0004594	1
0004595	1
0004602	1
0004605	1
0004616	2
0004618	1
0004619	2
0004631	1
0004632	1
0004633	1
0004634	1
0004635	1
0004636	1
0004637	1
0004638	2
0004641	1
0004643	1
0004644	1
0004648	1
0004654	1
0004655	1
0004659	1
0004664	1
0004672	1
0004673	7
0004674	1
0004713	2
0004715	1
0004721	1
0004722	1
0004725	2
0004731	1
0004735	1
0004736	1
0004739	1
0004743	2
0004747	1
0004748	2
0004749	2
0004750	1
0004751	2
0004765	1
0004784	1
0004788	1
0004791	1
0004794	1
0004795	1
0004797	1
0004798	1
0004799	1
0004802	2
0004803	101
0004807	1
0004808	1
0004812	2
0004813	1
0004814	2
0004817	1
0004818	1
0004820	2
0004821	1
0004822	1
0004823	1
0004824	1
0004825	1
0004826	2
0004827	1
0004828	1
0004829	1
0004830	1
0004831	1
0004832	1
0004844	1
0004845	1
0004849	1
0004851	1
0004852	1
0004853	1
0005047	1
0005048	1
0005198	5
0005215	3
0005351	1
0005375	1
0005506	2
0005507	1
0005509	2
0005515	11
0005524	204
0005525	19
0005576	5
0005694	3
0005737	51
0005829	5
0005840	33
0005854	1
0005886	33
0005971	1
0005975	16
0005978	3
0005980	1
0005991	1
0006002	2
0006006	2
0006007	1
0006011	1
0006012	5
0006014	1
0006015	1
0006044	1
0006048	1
0006064	2
0006066	1
0006071	2
0006082	1
0006086	3
0006090	1
0006094	1
0006096	14
0006098	4
0006099	1
0006109	1
0006139	1
0006144	1
0006163	2
0006164	3
0006166	1
0006168	1
0006171	1
0006177	1
0006189	5
0006207	2
0006213	1
0006221	3
0006231	1
0006233	1
0006259	2
0006260	20
0006261	1
0006265	5
0006269	2
0006270	1
0006275	1
0006281	26
0006282	1
0006284	3
0006289	3
0006298	2
0006302	1
0006304	4
0006308	1
0006310	24
0006313	13
0006351	8
0006352	4
0006353	4
0006355	55
0006364	10
0006396	4
0006400	6
0006401	1
0006402	3
0006412	61
0006413	3
0006414	4
0006415	4
0006418	1
0006419	1
0006420	2
0006423	1
0006424	3
0006426	2
0006427	1
0006428	1
0006429	1
0006430	1
0006431	1
0006432	2
0006433	1
0006434	1
0006435	1
0006436	1
0006437	1
0006438	1
0006450	1
0006457	5
0006465	3
0006468	2
0006470	4
0006486	3
0006508	25
0006520	6
0006522	1
0006526	3
0006534	1
0006535	2
0006542	1
0006556	1
0006561	3
0006564	1
0006592	2
0006605	1
0006614	1
0006629	2
0006633	11
0006654	1
0006730	4
0006741	1
0006747	1
0006749	2
0006750	1
0006772	1
0006777	1
0006779	2
0006780	1
0006782	1
0006797	1
0006799	1
0006801	1
0006810	3
0006811	1
0006812	6
0006817	4
0006825	2
0006865	5
0006886	1
0006950	1
0006979	3
0007030	1
0007059	5
0007165	7
0008033	9
0008080	7
0008094	1
0008097	1
0008113	1
0008135	1
0008152	2
0008168	13
0008170	3
0008171	1
0008173	3
0008176	1
0008186	1
0008199	1
0008233	7
0008234	2
0008236	5
0008237	3
0008251	1
0008253	1
0008270	21
0008276	1
0008289	4
0008299	2
0008324	3
0008360	10
0008374	1
0008381	3
0008408	3
0008409	1
0008443	1
0008444	1
0008448	1
0008478	1
0008479	1
0008483	2
0008534	1
0008610	2
0008616	1
0008641	1
0008643	19
0008649	3
0008652	2
0008654	5
0008655	1
0008658	2
0008662	1
0008686	1
0008703	1
0008716	1
0008721	1
0008725	1
0008728	1
0008742	1
0008745	2
0008752	6
0008753	7
0008754	3
0008755	3
0008757	9
0008760	2
0008762	1
0008763	1
0008764	1
0008782	1
0008784	1
0008785	1
0008788	1
0008795	1
0008798	1
0008800	4
0008804	2
0008808	1
0008817	2
0008818	1
0008821	1
0008835	1
0008836	1
0008839	2
0008840	1
0008841	2
0008851	1
0008855	1
0008861	1
0008863	1
0008878	2
0008880	1
0008881	1
0008893	1
0008897	1
0008899	1
0008927	1
0008929	1
0008930	1
0008932	1
0008939	1
0008955	6
0008959	2
0008961	1
0008962	2
0008963	1
0008965	1
0008966	1
0008973	1
0008976	1
0008982	15
0008990	1
0008998	1
0008999	2
0009001	1
0009002	2
0009007	1
0009009	2
0009025	1
0009052	2
0009058	4
0009073	3
0009081	1
0009082	3
0009086	2
0009088	2
0009089	6
0009094	1
0009098	5
0009103	4
0009107	1
0009113	2
0009116	6
0009117	1
0009132	2
0009143	1
0009152	1
0009156	2
0009164	1
0009165	1
0009166	1
0009220	1
0009225	1
0009228	3
0009236	13
0009245	1
0009249	3
0009252	17
0009253	1
0009263	2
0009264	1
0009268	1
0009294	1
0009297	1
0009306	8
0009307	1
0009316	2
0009317	4
0009318	1
0009320	1
0009331	1
0009349	1
0009358	1
0009360	2
0009368	1
0009372	1
0009374	1
0009376	2
0009378	2
0009379	1
0009380	2
0009381	1
0009396	2
0009398	1
0009401	33
0009408	1
0009432	4
0009435	3
0009442	1
0009443	1
0009451	5
0009691	1
0009898	1
0009972	1
0009982	7
0009986	1
0010136	1
0010181	22
0015031	2
0015035	1
0015036	1
0015074	21
0015078	3
0015079	2
0015095	1
0015109	2
0015136	1
0015144	1
0015234	1
0015293	4
0015297	2
0015415	3
0015424	6
0015444	1
0015450	2
0015501	2
0015562	3
0015572	1
0015574	1
0015627	1
0015628	1
0015648	2
0015649	1
0015662	4
0015693	2
0015697	1
0015703	2
0015720	1
0015739	1
0015771	1
0015795	2
0015803	2
0015813	2
0015837	1
0015846	1
0015888	1
0015934	8
0015935	6
0015936	1
0015937	4
0015941	1
0015942	1
0015949	2
0015970	1
0015976	1
0015986	8
0016020	129
0016024	1
0016032	3
0016075	1
0016126	2
0016149	3
0016154	1
0016226	6
0016301	14
0016310	20
0016311	1
0016407	3
0016430	1
0016434	1
0016462	1
0016491	43
0016614	1
0016616	3
0016620	5
0016624	1
0016628	1
0016639	1
0016705	2
0016722	1
0016726	1
0016740	8
0016743	1
0016746	9
0016747	5
0016757	18
0016763	1
0016765	2
0016774	1
0016776	3
0016779	3
0016780	4
0016783	1
0016787	57
0016788	2
0016790	1
0016791	4
0016798	1
0016805	2
0016810	1
0016811	1
0016812	1
0016817	2
0016818	2
0016823	1
0016829	1
0016831	2
0016832	2
0016836	2
0016853	2
0016857	2
0016861	2
0016868	1
0016872	1
0016874	4
0016879	1
0016884	1
0016887	80
0016891	1
0016920	2
0016987	5
0016994	1
0017013	2
0017038	1
0017103	2
0017118	1
0017136	1
0017148	1
0017150	1
0017168	1
0018262	2
0018364	1
0018580	2
0019028	1
0019068	3
0019104	1
0019134	1
0019171	1
0019200	3
0019205	1
0019239	1
0019242	1
0019243	1
0019264	1
0019277	2
0019281	1
0019287	3
0019310	6
0019346	2
0019354	2
0019388	2
0019430	1
0019509	1
0019512	1
0019556	1
0019569	1
0019808	1
0019829	4
0019835	1
0019843	3
0019854	1
0020037	1
0022625	5
0022627	3
0022857	23
0022872	1
0022877	2
0030001	7
0030091	2
0030145	1
0030163	1
0030170	16
0030246	4
0030261	2
0030272	1
0030388	2
0030420	2
0030552	1
0030554	2
0030643	1
0030655	4
0030788	1
0030789	1
0030955	2
0030956	2
0030976	3
0030983	3
0031071	1
0031167	3
0031469	3
0031556	1
0032049	1
0032196	1
0032259	8
0032508	1
0032775	1
0032784	1
0032977	1
0033014	3
0033194	1
0033232	2
0033743	1
0033744	1
0033862	1
0034220	3
0034979	2
0035460	1
0036211	6
0042026	2
0042242	1
0042254	7
0042274	2
0042286	1
0042450	2
0042578	8
0042586	1
0042597	1
0042625	3
0042626	117
0042742	1
0042780	1
0042803	1
0042853	1
0043022	5
0043093	2
0043094	1
0043101	2
0043115	1
0043137	1
0043139	1
0043169	1
0043190	12
0043295	1
0043365	2
0043565	4
0043571	7
0043682	1
0043743	1
0043752	1
0043768	1
0043811	1
0043822	1
0043937	1
0043952	2
0044205	1
0044423	3
0045148	1
0045182	1
0045227	2
0045240	1
0045254	1
0045259	6
0045454	2
0045892	4
0045910	1
0045936	1
0045982	1
0046025	1
0046110	1
0046118	1
0046140	1
0046168	1
0046177	1
0046411	1
0046416	1
0046654	2
0046677	1
0046798	1
0046835	2
0046872	67
0046873	2
0046933	6
0046961	3
0046983	2
0047112	1
0047324	2
0047429	1
0047480	1
0047590	1
0047652	1
0047804	1
0047850	1
0047952	1
0048038	1
0048472	1
0048473	2
0048476	1
0048500	1
0048501	1
0050112	2
0050114	1
0050136	7
0050380	1
0050415	1
0050511	1
0050567	2
0050660	10
0050661	8
0051027	1
0051060	1
0051073	1
0051082	4
0051083	1
0051087	1
0051144	1
0051156	1
0051205	1
0051287	16
0051301	13
0051536	1
0051539	4
0051540	1
0051607	2
0051775	1
0051989	1
0052381	1
0052689	2
0052693	1
0052873	6
0052906	1
0052913	1
0055052	38
0055085	51
0061503	1
0061603	1
0061710	2
0070006	4
0070007	6
0070401	2
0070402	1
0070403	7
0070726	3
0070905	1
0071522	1
0071555	10
0071586	6
0071949	2
0071951	1
0072344	1
0090563	1
0097367	2
0102039	1
0106219	1
0110001	2
0140078	2
0140098	2
0140110	1
0140327	1
0140358	1
0140359	122
0140658	1
0140662	2
0140741	1
0141098	1
0160105	1
1901137	2
1902495	11
1902560	1
1902600	1
1904047	15
1905887	3
1990112	1
1990610	1
