0000015	1
0000035	1
0000036	1
0000049	2
0000098	3
0000105	10
0000107	2
0000155	9
0000156	3
0000160	9
0000162	4
0000166	19
0000175	1
0000179	1
0000210	1
0000270	2
0000271	4
0000287	20
0000311	1
0000314	2
0000315	3
0000413	2
0000451	1
0000502	1
0000774	1
0000902	1
0000906	1
0000910	3
0000917	1
0000976	1
0001510	2
0001514	2
0001522	6
0001727	1
0001887	1
0002161	2
0002949	3
0003676	31
0003677	102
0003678	7
0003684	5
0003688	1
0003697	4
0003700	55
0003723	33
0003724	1
0003725	1
0003729	1
0003735	53
0003743	3
0003746	5
0003747	1
0003755	4
0003824	20
0003825	1
0003848	1
0003849	1
0003852	1
0003855	1
0003856	1
0003857	1
0003860	1
0003861	2
0003862	1
0003864	1
0003866	1
0003871	1
0003879	1
0003883	1
0003887	6
0003899	5
0003905	1
0003906	3
0003908	1
0003911	1
0003916	1
0003917	1
0003918	2
0003919	1
0003922	1
0003924	11
0003934	1
0003935	1
0003937	1
0003938	2
0003941	1
0003942	1
0003949	1
0003951	1
0003952	1
0003954	1
0003960	1
0003977	1
0003978	1
0003983	1
0003984	1
0003989	3
0003991	1
0003993	1
0003998	1
0003999	1
0004013	1
0004018	1
0004019	1
0004022	1
0004042	1
0004044	1
0004045	3
0004047	1
0004048	1
0004049	1
0004055	1
0004056	1
0004066	1
0004067	1
0004070	1
0004072	1
0004073	1
0004075	2
0004076	1
0004077	1
0004084	1
0004088	1
0004096	1
0004107	1
0004108	1
0004113	1
0004124	1
0004125	1
0004127	1
0004129	1
0004140	1
0004146	1
0004148	1
0004150	1
0004152	1
0004156	2
0004160	1
0004163	1
0004169	1
0004170	1
0004175	1
0004176	2
0004177	5
0004180	3
0004190	2
0004222	4
0004252	9
0004325	1
0004326	1
0004328	1
0004329	1
0004332	1
0004333	1
0004335	1
0004340	1
0004342	1
0004345	1
0004347	1
0004349	1
0004350	1
0004356	2
0004357	2
0004358	1
0004359	2
0004360	1
0004368	1
0004370	1
0004371	1
0004372	1
0004375	1
0004385	1
0004386	8
0004397	1
0004399	1
0004400	2
0004401	1
0004412	1
0004413	1
0004414	1
0004418	1
0004424	1
0004425	1
0004427	1
0004450	1
0004452	1
0004459	1
0004471	1
0004473	1
0004476	1
0004478	1
0004479	1
0004488	1
0004489	1
0004496	1
0004497	4
0004512	1
0004514	1
0004516	1
0004518	4
0004519	8
0004520	1
0004521	3
0004523	1
0004525	1
0004526	1
0004527	2
0004534	1
0004536	1
0004540	4
0004550	1
0004553	6
0004585	1
0004588	1
0004590	1
0004591	2
0004592	2
0004594	1
0004595	1
0004601	3
0004604	1
0004605	1
0004611	1
0004616	1
0004617	1
0004618	1
0004619	1
0004631	1
0004632	1
0004633	1
0004634	1
0004635	1
0004636	1
0004637	1
0004638	2
0004639	1
0004640	2
0004641	1
0004642	2
0004643	1
0004644	2
0004648	1
0004654	1
0004655	1
0004658	1
0004659	3
0004664	1
0004665	1
0004672	2
0004673	8
0004674	1
0004722	1
0004725	1
0004729	1
0004731	1
0004735	1
0004736	1
0004738	1
0004743	1
0004748	3
0004749	1
0004750	1
0004756	1
0004764	2
0004765	1
0004781	2
0004784	1
0004791	1
0004794	1
0004795	1
0004798	1
0004799	1
0004801	1
0004802	1
0004803	2
0004805	1
0004806	3
0004807	1
0004812	4
0004813	1
0004814	1
0004817	1
0004818	1
0004820	1
0004821	1
0004822	1
0004823	1
0004824	1
0004825	1
0004826	2
0004827	1
0004828	1
0004829	1
0004830	1
0004831	1
0004832	1
0004834	2
0004844	1
0004845	1
0004851	1
0004852	1
0004853	1
0004856	2
0005047	1
0005048	1
0005198	1
0005215	5
0005283	2
0005298	1
0005315	1
0005351	1
0005381	1
0005436	1
0005506	1
0005507	1
0005515	7
0005524	199
0005525	17
0005543	1
0005576	3
0005694	1
0005737	38
0005739	1
0005829	3
0005840	31
0005854	1
0005886	38
0005960	1
0005971	2
0005975	15
0005992	2
0005996	1
0005997	1
0005998	1
0006006	2
0006012	3
0006021	1
0006044	1
0006048	1
0006064	1
0006071	2
0006072	3
0006083	1
0006085	1
0006086	1
0006089	1
0006090	1
0006094	5
0006096	8
0006098	5
0006099	7
0006106	1
0006108	2
0006116	1
0006139	2
0006163	1
0006164	4
0006166	1
0006177	1
0006189	7
0006203	1
0006207	3
0006221	3
0006226	1
0006229	1
0006231	2
0006233	1
0006241	1
0006259	1
0006260	14
0006261	2
0006265	3
0006269	1
0006275	1
0006281	19
0006282	1
0006284	6
0006289	3
0006302	1
0006308	2
0006310	11
0006313	3
0006351	4
0006352	3
0006353	3
0006355	50
0006364	7
0006396	9
0006400	5
0006402	1
0006412	58
0006413	3
0006414	4
0006415	3
0006418	3
0006419	1
0006420	1
0006423	1
0006424	3
0006426	1
0006427	1
0006428	1
0006429	1
0006430	1
0006431	1
0006432	2
0006433	1
0006434	1
0006435	1
0006436	1
0006437	1
0006438	1
0006450	1
0006457	4
0006465	1
0006468	2
0006470	2
0006486	5
0006508	25
0006520	6
0006522	1
0006525	3
0006526	4
0006527	1
0006528	1
0006529	1
0006534	1
0006535	2
0006541	1
0006542	2
0006548	2
0006555	1
0006556	1
0006561	3
0006564	3
0006568	1
0006571	1
0006592	2
0006605	2
0006614	1
0006629	2
0006631	3
0006633	3
0006635	1
0006730	2
0006734	1
0006741	1
0006742	1
0006760	1
0006777	6
0006779	3
0006783	2
0006790	2
0006793	2
0006796	1
0006801	1
0006808	1
0006810	5
0006812	5
0006813	1
0006814	3
0006817	6
0006820	1
0006826	6
0006855	2
0006857	1
0006865	12
0006873	1
0006886	4
0006950	1
0006979	3
0007059	4
0007165	11
0008033	6
0008080	9
0008081	2
0008094	1
0008108	1
0008113	1
0008135	1
0008137	1
0008152	6
0008168	10
0008171	1
0008173	6
0008176	1
0008186	1
0008233	7
0008234	2
0008236	4
0008237	4
0008270	27
0008299	6
0008320	1
0008324	3
0008360	4
0008375	1
0008381	2
0008408	5
0008441	1
0008443	1
0008444	1
0008448	1
0008460	1
0008478	1
0008479	1
0008483	1
0008495	1
0008509	1
0008534	2
0008615	1
0008641	1
0008643	5
0008649	1
0008652	4
0008654	5
0008658	3
0008661	1
0008666	1
0008668	1
0008685	1
0008686	1
0008687	1
0008703	2
0008714	1
0008716	1
0008725	1
0008728	2
0008730	1
0008733	1
0008745	1
0008752	1
0008753	1
0008757	8
0008760	1
0008762	1
0008763	1
0008764	1
0008767	1
0008776	1
0008784	1
0008795	1
0008797	1
0008804	1
0008808	1
0008821	1
0008829	1
0008830	1
0008831	1
0008832	1
0008835	1
0008836	1
0008837	1
0008839	1
0008840	1
0008841	1
0008849	1
0008854	1
0008855	2
0008863	1
0008879	1
0008880	1
0008881	1
0008882	1
0008883	1
0008887	1
0008893	1
0008897	1
0008909	2
0008924	1
0008927	1
0008932	1
0008935	1
0008939	1
0008940	3
0008942	2
0008955	4
0008961	1
0008963	1
0008964	1
0008965	1
0008966	1
0008976	2
0008977	1
0008982	5
0008998	1
0008999	1
0009001	1
0009002	3
0009009	2
0009014	1
0009022	1
0009030	1
0009037	1
0009039	2
0009055	4
0009056	1
0009058	7
0009073	5
0009081	1
0009082	3
0009086	3
0009088	2
0009089	5
0009094	1
0009098	4
0009102	1
0009107	2
0009113	2
0009116	6
0009117	1
0009132	3
0009146	1
0009152	3
0009190	1
0009220	1
0009225	2
0009228	4
0009234	3
0009236	1
0009240	1
0009243	1
0009245	1
0009249	3
0009252	18
0009253	1
0009263	4
0009265	1
0009267	1
0009273	1
0009294	1
0009303	1
0009306	8
0009307	1
0009316	2
0009317	2
0009318	1
0009320	1
0009325	3
0009326	1
0009331	2
0009336	1
0009338	1
0009349	1
0009360	2
0009374	1
0009378	2
0009379	1
0009380	2
0009381	1
0009396	4
0009401	11
0009408	2
0009423	3
0009432	3
0009435	3
0009443	1
0009451	6
0009691	1
0009898	1
0009975	1
0009982	6
0010125	4
0010126	2
0010127	1
0010181	9
0010468	1
0010498	4
0015031	2
0015035	3
0015036	2
0015075	1
0015078	3
0015095	1
0015112	1
0015128	1
0015129	1
0015136	1
0015144	1
0015171	7
0015204	1
0015205	2
0015267	1
0015293	7
0015295	1
0015297	4
0015412	1
0015415	4
0015416	1
0015450	2
0015486	2
0015556	1
0015558	1
0015562	2
0015573	1
0015628	2
0015645	1
0015648	1
0015658	1
0015662	2
0015689	1
0015693	1
0015716	1
0015727	1
0015739	1
0015740	1
0015759	1
0015803	1
0015824	1
0015833	4
0015851	2
0015891	3
0015934	8
0015935	6
0015937	4
0015940	3
0015941	1
0015942	1
0015949	2
0015969	1
0015970	1
0015977	1
0015986	6
0015995	1
0016020	158
0016024	1
0016042	4
0016052	1
0016114	1
0016117	1
0016126	2
0016149	1
0016151	4
0016153	1
0016166	1
0016209	1
0016226	7
0016301	3
0016310	6
0016311	3
0016407	2
0016410	1
0016421	2
0016433	1
0016434	1
0016462	1
0016491	32
0016530	1
0016531	1
0016597	1
0016614	1
0016615	1
0016616	6
0016620	3
0016627	1
0016639	1
0016647	1
0016703	1
0016722	1
0016740	5
0016746	13
0016747	2
0016757	10
0016758	5
0016765	3
0016773	1
0016779	4
0016780	3
0016782	1
0016783	5
0016787	51
0016788	2
0016790	3
0016791	1
0016793	1
0016798	1
0016799	1
0016810	1
0016812	2
0016817	3
0016818	2
0016829	3
0016836	2
0016853	2
0016868	1
0016874	4
0016879	2
0016881	1
0016884	2
0016887	68
0016987	4
0016989	1
0016990	1
0016992	1
0017000	3
0017004	4
0017038	2
0017057	1
0017076	1
0017136	1
0017148	1
0017150	1
0017168	1
0018104	2
0018364	1
0018480	1
0018817	1
0019104	3
0019134	1
0019172	1
0019200	1
0019205	1
0019239	1
0019264	1
0019277	1
0019287	3
0019288	4
0019290	1
0019305	4
0019346	1
0019354	1
0019379	1
0019430	1
0019464	3
0019546	1
0019556	2
0019627	2
0019629	1
0019645	1
0019674	1
0019677	1
0019829	2
0019835	1
0019843	3
0019941	4
0020037	6
0022625	5
0022627	2
0022857	41
0022877	2
0022900	1
0030001	3
0030091	2
0030145	1
0030151	2
0030170	11
0030234	1
0030261	1
0030272	1
0030288	1
0030366	1
0030420	1
0030488	1
0030494	1
0030554	1
0030604	1
0030643	1
0030955	1
0030956	2
0030973	1
0030976	3
0031071	1
0031167	2
0031386	1
0031402	1
0031522	2
0032049	1
0032259	8
0032508	1
0032549	1
0032784	2
0032977	1
0033014	4
0033212	1
0033232	2
0033573	1
0033743	1
0033744	1
0033819	1
0033862	1
0034204	1
0034220	2
0034755	1
0035429	1
0035435	2
0035446	1
0035447	1
0035529	1
0035550	1
0035556	1
0035595	1
0035673	1
0035870	1
0036211	5
0036222	1
0036297	1
0036424	1
0042026	3
0042126	2
0042128	1
0042132	1
0042158	1
0042245	2
0042254	2
0042274	1
0042286	1
0042301	1
0042398	2
0042450	2
0042578	4
0042586	2
0042597	1
0042626	69
0042732	1
0042773	1
0042802	4
0042803	2
0042823	2
0042910	2
0043022	3
0043039	1
0043093	2
0043190	12
0043365	1
0043419	2
0043546	1
0043565	2
0043571	8
0043743	1
0043858	1
0043937	1
0043952	3
0043953	1
0044209	1
0044341	1
0045151	1
0045182	1
0045252	1
0045254	1
0045259	5
0045454	3
0045550	1
0045892	1
0045893	1
0045900	1
0045936	1
0046081	1
0046118	1
0046167	1
0046177	1
0046316	1
0046349	1
0046417	1
0046421	1
0046428	1
0046429	1
0046496	1
0046654	3
0046677	1
0046688	1
0046835	1
0046872	78
0046873	2
0046912	1
0046914	1
0046933	5
0046983	3
0047111	1
0047330	1
0047429	1
0047480	1
0047547	1
0047605	1
0047617	1
0047804	1
0047834	1
0047952	1
0048034	1
0048038	1
0048473	2
0048501	1
0050136	1
0050151	1
0050311	1
0050380	1
0050415	1
0050440	1
0050480	1
0050511	1
0050515	1
0050518	1
0050567	2
0050607	1
0050627	1
0050660	11
0050661	6
0050797	1
0050896	1
0051082	3
0051083	1
0051087	1
0051119	1
0051131	1
0051139	1
0051219	1
0051287	9
0051301	13
0051304	1
0051353	1
0051536	10
0051537	2
0051539	12
0051540	1
0051607	2
0051731	1
0051745	1
0051920	1
0051989	1
0052381	1
0052636	1
0052689	3
0052855	1
0052856	1
0052873	1
0052906	1
0052913	1
0055052	16
0055085	68
0061599	1
0061603	1
0061710	1
0061799	1
0070006	5
0070007	1
0070063	1
0070204	1
0070401	1
0070402	2
0070403	3
0070475	1
0070490	2
0070501	1
0070628	1
0070726	2
0070814	1
0070905	1
0071555	8
0071586	1
0071704	1
0071705	5
0071766	1
0071768	3
0071918	1
0071949	9
0071951	1
0071972	2
0090529	1
0090563	1
0098662	1
0140078	2
0140098	1
0140110	2
0140359	78
0140662	2
0141098	1
1901023	1
1901137	1
1902495	2
1902600	3
1902604	1
1903826	1
1904047	15
1904680	1
1905887	2
1990107	1
1990397	1
1990586	2
1990610	1
