0000015	1
0000027	1
0000035	1
0000036	1
0000041	1
0000049	2
0000062	1
0000103	6
0000104	2
0000105	8
0000107	2
0000150	1
0000155	20
0000156	26
0000160	60
0000162	5
0000166	37
0000175	2
0000179	1
0000270	2
0000271	6
0000286	1
0000287	18
0000302	1
0000311	1
0000314	3
0000315	3
0000373	7
0000413	2
0000451	1
0000774	1
0000902	2
0000906	1
0000910	4
0000917	1
0000918	2
0001072	1
0001216	16
0001510	3
0001522	16
0001530	1
0001539	9
0001680	1
0002098	4
0002100	1
0002143	2
0002161	2
0002943	1
0002949	3
0002953	1
0003333	1
0003676	30
0003677	205
0003678	8
0003684	5
0003688	1
0003690	1
0003697	6
0003700	106
0003723	46
0003724	4
0003725	2
0003729	2
0003735	53
0003743	3
0003746	6
0003747	3
0003755	12
0003774	10
0003824	36
0003841	1
0003842	1
0003844	1
0003848	2
0003849	1
0003852	1
0003854	1
0003855	1
0003856	1
0003857	2
0003861	2
0003862	1
0003864	1
0003866	1
0003868	1
0003871	1
0003879	1
0003883	1
0003886	2
0003887	11
0003899	7
0003906	1
0003908	2
0003910	1
0003911	1
0003916	3
0003917	2
0003918	4
0003919	1
0003922	1
0003924	19
0003934	2
0003935	2
0003937	1
0003938	1
0003941	2
0003942	1
0003949	1
0003951	1
0003952	1
0003954	3
0003964	7
0003977	1
0003978	1
0003983	1
0003984	1
0003985	1
0003987	1
0003988	2
0003989	1
0003991	1
0003994	1
0003995	2
0003998	1
0003999	1
0004000	1
0004013	1
0004015	1
0004017	1
0004018	1
0004019	1
0004020	2
0004022	3
0004030	1
0004035	3
0004040	2
0004042	1
0004044	1
0004045	2
0004047	1
0004048	1
0004049	3
0004055	1
0004056	1
0004065	3
0004066	1
0004067	2
0004072	2
0004073	1
0004075	1
0004076	1
0004084	2
0004088	1
0004089	1
0004106	1
0004107	1
0004108	1
0004109	2
0004112	2
0004115	1
0004124	1
0004126	1
0004127	1
0004129	7
0004130	3
0004133	1
0004134	1
0004139	1
0004140	1
0004141	1
0004143	1
0004146	2
0004148	1
0004149	1
0004150	2
0004151	1
0004152	1
0004156	1
0004160	1
0004165	1
0004170	1
0004174	1
0004175	1
0004176	6
0004177	6
0004181	6
0004190	3
0004222	18
0004252	15
0004298	1
0004300	2
0004314	1
0004315	6
0004316	1
0004318	1
0004322	2
0004324	1
0004325	3
0004326	1
0004329	1
0004332	1
0004335	2
0004342	1
0004345	1
0004347	1
0004349	1
0004350	1
0004352	1
0004356	3
0004357	1
0004359	2
0004360	1
0004362	1
0004363	2
0004364	1
0004366	1
0004368	1
0004370	1
0004372	1
0004375	1
0004385	1
0004386	4
0004397	1
0004399	1
0004400	1
0004401	1
0004412	1
0004413	1
0004416	1
0004418	1
0004424	1
0004425	1
0004427	1
0004450	1
0004451	1
0004455	1
0004456	1
0004462	2
0004470	1
0004471	1
0004474	2
0004478	1
0004479	1
0004488	1
0004489	1
0004497	7
0004505	1
0004514	1
0004518	4
0004519	8
0004521	1
0004523	2
0004525	1
0004526	1
0004527	1
0004529	1
0004534	1
0004536	2
0004540	4
0004550	1
0004553	12
0004588	1
0004590	1
0004591	1
0004592	1
0004594	1
0004595	1
0004601	3
0004602	1
0004604	1
0004609	1
0004611	1
0004614	1
0004616	1
0004618	1
0004619	1
0004622	1
0004632	1
0004633	1
0004634	1
0004635	1
0004636	1
0004637	1
0004638	1
0004639	1
0004640	1
0004641	1
0004642	1
0004643	1
0004644	2
0004648	1
0004654	1
0004655	1
0004657	1
0004664	1
0004665	1
0004672	3
0004673	15
0004674	3
0004719	1
0004721	1
0004730	1
0004731	3
0004733	1
0004735	1
0004738	1
0004742	1
0004743	1
0004747	1
0004748	1
0004749	1
0004750	1
0004751	1
0004756	1
0004764	1
0004766	1
0004781	2
0004783	2
0004784	2
0004789	1
0004791	1
0004792	1
0004794	1
0004795	1
0004797	1
0004798	1
0004801	1
0004802	1
0004803	40
0004807	1
0004808	1
0004810	1
0004812	4
0004813	1
0004814	1
0004816	1
0004817	1
0004818	1
0004819	1
0004820	2
0004821	1
0004822	1
0004823	1
0004824	1
0004825	1
0004826	2
0004827	1
0004828	1
0004829	1
0004830	1
0004831	1
0004832	1
0004834	2
0004844	1
0004845	1
0004849	1
0004851	2
0004852	1
0004853	1
0004857	1
0004867	1
0004888	5
0005047	1
0005048	1
0005198	12
0005215	8
0005216	4
0005247	1
0005267	2
0005283	4
0005298	1
0005315	2
0005319	1
0005337	2
0005344	1
0005506	9
0005507	2
0005509	2
0005515	45
0005524	229
0005525	39
0005542	1
0005576	8
0005694	4
0005737	60
0005743	1
0005829	3
0005840	32
0005854	1
0005886	98
0005960	1
0005975	25
0005978	3
0005980	2
0006006	4
0006007	1
0006011	1
0006012	4
0006014	1
0006015	1
0006040	1
0006044	2
0006048	1
0006066	1
0006072	3
0006081	1
0006086	1
0006089	1
0006090	1
0006094	4
0006096	7
0006097	2
0006098	5
0006099	10
0006109	1
0006116	3
0006139	5
0006144	1
0006163	1
0006164	3
0006166	1
0006168	1
0006177	1
0006188	1
0006189	4
0006203	1
0006206	1
0006207	2
0006213	1
0006221	2
0006222	1
0006226	1
0006233	1
0006241	1
0006259	1
0006260	22
0006261	3
0006265	7
0006269	1
0006270	1
0006275	1
0006281	31
0006284	4
0006289	3
0006298	2
0006302	1
0006304	3
0006308	2
0006310	30
0006313	38
0006351	7
0006352	10
0006353	3
0006355	166
0006364	13
0006396	9
0006397	1
0006400	15
0006402	2
0006412	57
0006413	3
0006414	6
0006415	5
0006417	1
0006418	2
0006419	1
0006420	1
0006421	1
0006423	1
0006424	1
0006425	1
0006426	2
0006427	1
0006428	1
0006429	1
0006430	1
0006431	1
0006432	2
0006433	1
0006434	1
0006435	1
0006436	1
0006437	1
0006438	1
0006457	13
0006465	5
0006468	4
0006482	1
0006486	4
0006508	78
0006520	2
0006522	1
0006526	4
0006527	5
0006529	1
0006534	1
0006535	2
0006537	2
0006541	3
0006542	3
0006547	1
0006548	2
0006555	1
0006556	1
0006559	3
0006561	3
0006564	2
0006567	1
0006568	1
0006571	1
0006572	2
0006574	1
0006592	2
0006605	4
0006614	1
0006629	5
0006631	4
0006633	16
0006636	1
0006637	2
0006644	1
0006654	2
0006662	1
0006694	1
0006729	1
0006730	1
0006744	9
0006749	9
0006750	4
0006751	1
0006760	2
0006777	10
0006779	6
0006780	1
0006782	1
0006783	2
0006790	5
0006801	1
0006808	3
0006810	26
0006811	2
0006812	10
0006813	2
0006814	15
0006817	10
0006821	1
0006824	1
0006826	2
0006833	1
0006855	3
0006865	16
0006869	1
0006879	3
0006885	1
0006886	4
0006935	25
0006950	1
0006974	1
0006979	5
0007030	1
0007059	4
0007154	1
0007155	3
0007165	27
0008033	11
0008080	34
0008081	4
0008094	1
0008108	1
0008113	1
0008119	1
0008121	2
0008124	1
0008134	3
0008135	1
0008138	1
0008152	12
0008153	1
0008168	23
0008170	1
0008171	1
0008173	3
0008175	1
0008176	1
0008177	1
0008186	1
0008198	2
0008199	4
0008233	13
0008236	18
0008237	23
0008239	2
0008241	1
0008251	1
0008252	1
0008253	3
0008270	49
0008276	1
0008289	1
0008295	1
0008299	4
0008310	1
0008311	1
0008320	1
0008324	6
0008360	7
0008374	1
0008381	7
0008408	6
0008409	1
0008410	3
0008412	1
0008422	2
0008428	1
0008441	2
0008442	1
0008444	2
0008448	1
0008460	1
0008479	1
0008483	3
0008484	1
0008490	1
0008495	2
0008534	1
0008535	3
0008610	5
0008615	5
0008616	2
0008641	2
0008643	4
0008649	3
0008652	3
0008653	1
0008654	6
0008658	4
0008661	1
0008663	1
0008664	1
0008666	1
0008676	1
0008681	1
0008685	1
0008686	2
0008692	2
0008696	1
0008703	1
0008705	1
0008712	1
0008716	1
0008720	1
0008725	2
0008728	1
0008734	1
0008743	1
0008745	2
0008752	1
0008753	1
0008754	1
0008755	1
0008756	1
0008757	12
0008758	1
0008760	1
0008762	1
0008763	1
0008764	1
0008770	1
0008773	3
0008780	1
0008782	1
0008783	1
0008784	1
0008785	1
0008791	1
0008792	1
0008794	1
0008795	1
0008798	1
0008800	2
0008802	1
0008803	1
0008808	1
0008812	1
0008813	1
0008817	1
0008821	1
0008830	1
0008831	1
0008832	1
0008835	1
0008836	1
0008837	1
0008839	1
0008840	1
0008854	3
0008855	2
0008861	1
0008863	4
0008864	1
0008878	1
0008881	2
0008882	1
0008883	1
0008887	1
0008890	1
0008893	1
0008897	2
0008899	1
0008909	1
0008914	1
0008915	1
0008930	1
0008932	1
0008933	3
0008934	1
0008935	1
0008939	1
0008940	2
0008941	1
0008942	2
0008948	1
0008955	3
0008961	1
0008963	1
0008964	1
0008965	1
0008966	1
0008967	1
0008968	1
0008973	1
0008974	1
0008977	1
0008982	3
0008984	1
0008986	1
0008987	1
0008988	2
0008990	1
0008995	1
0008998	1
0008999	1
0009001	1
0009002	3
0009007	1
0009009	3
0009014	1
0009015	1
0009017	1
0009022	1
0009029	1
0009030	1
0009032	1
0009036	2
0009052	1
0009055	38
0009058	8
0009060	2
0009061	6
0009062	2
0009067	1
0009073	6
0009081	2
0009082	4
0009086	3
0009088	2
0009089	7
0009094	1
0009097	1
0009098	3
0009102	4
0009103	3
0009107	1
0009113	2
0009116	2
0009117	3
0009132	1
0009146	2
0009152	4
0009156	1
0009164	1
0009165	1
0009166	5
0009190	1
0009220	1
0009225	1
0009228	7
0009234	6
0009236	6
0009240	1
0009243	1
0009244	2
0009245	7
0009249	2
0009252	21
0009253	3
0009254	1
0009255	1
0009263	1
0009264	1
0009268	1
0009271	1
0009274	1
0009276	3
0009279	53
0009288	9
0009289	1
0009290	1
0009294	1
0009295	1
0009297	3
0009306	17
0009307	3
0009316	2
0009317	1
0009318	2
0009320	1
0009326	4
0009331	1
0009337	2
0009338	3
0009340	1
0009349	1
0009360	3
0009368	3
0009376	2
0009378	2
0009379	1
0009380	2
0009381	1
0009389	2
0009396	5
0009401	3
0009403	1
0009408	2
0009423	2
0009424	4
0009425	2
0009426	2
0009427	3
0009428	4
0009431	4
0009432	5
0009435	5
0009436	1
0009437	3
0009448	1
0009451	11
0009486	4
0009898	4
0009927	1
0009966	10
0009972	1
0009975	11
0009982	15
0010038	2
0010124	1
0010133	1
0010181	17
0010608	1
0010945	1
0010974	1
0015031	19
0015035	10
0015036	4
0015074	6
0015075	1
0015078	6
0015079	2
0015081	1
0015087	1
0015093	1
0015095	2
0015103	3
0015109	1
0015112	1
0015113	1
0015116	1
0015129	2
0015136	1
0015159	1
0015171	3
0015173	1
0015205	3
0015221	3
0015232	4
0015250	1
0015252	6
0015267	20
0015288	22
0015291	3
0015293	17
0015295	2
0015297	10
0015343	2
0015379	1
0015385	3
0015412	2
0015415	5
0015417	1
0015420	1
0015440	1
0015450	4
0015486	1
0015499	1
0015501	2
0015562	22
0015627	23
0015628	28
0015645	1
0015658	1
0015663	1
0015689	3
0015693	2
0015700	1
0015703	1
0015706	1
0015707	1
0015724	1
0015727	2
0015739	1
0015774	2
0015801	1
0015803	3
0015813	2
0015824	1
0015826	1
0015833	2
0015846	2
0015851	3
0015886	2
0015890	1
0015891	24
0015914	1
0015920	3
0015930	2
0015934	8
0015935	6
0015937	4
0015940	3
0015941	1
0015942	1
0015949	2
0015969	2
0015976	3
0015977	1
0015986	8
0015990	4
0016020	396
0016034	1
0016042	2
0016052	1
0016070	1
0016114	1
0016149	2
0016151	2
0016153	1
0016158	1
0016192	1
0016208	1
0016209	1
0016226	10
0016260	1
0016301	3
0016310	10
0016311	6
0016405	1
0016407	2
0016410	2
0016421	1
0016430	1
0016432	3
0016434	1
0016436	1
0016462	2
0016491	83
0016530	2
0016531	1
0016600	1
0016614	3
0016616	2
0016620	7
0016624	1
0016627	4
0016628	1
0016638	1
0016645	1
0016655	9
0016661	1
0016667	1
0016682	2
0016705	1
0016706	1
0016709	2
0016717	1
0016722	1
0016731	1
0016740	11
0016743	1
0016746	34
0016747	10
0016755	1
0016757	16
0016763	1
0016765	2
0016772	3
0016773	2
0016776	3
0016779	9
0016780	3
0016782	3
0016783	2
0016787	69
0016788	9
0016790	11
0016791	8
0016798	1
0016799	3
0016805	1
0016810	3
0016811	2
0016812	1
0016817	2
0016818	2
0016829	6
0016830	2
0016831	3
0016832	3
0016833	1
0016836	6
0016841	1
0016846	7
0016853	5
0016855	1
0016857	2
0016866	2
0016868	2
0016874	7
0016879	1
0016881	2
0016887	69
0016896	1
0016901	2
0016966	1
0016987	11
0016992	1
0017000	4
0017004	10
0017013	3
0017038	2
0017057	1
0017076	1
0017108	1
0017148	1
0017150	3
0018104	2
0018177	1
0018209	2
0018277	1
0018364	2
0018738	1
0019104	2
0019134	1
0019171	1
0019172	1
0019213	1
0019217	1
0019239	1
0019243	1
0019264	1
0019277	1
0019281	1
0019285	2
0019288	3
0019290	2
0019305	3
0019344	1
0019346	5
0019350	1
0019354	3
0019379	1
0019427	1
0019430	2
0019464	3
0019509	2
0019538	4
0019556	1
0019629	2
0019632	1
0019646	3
0019679	2
0019752	2
0019808	1
0019825	2
0019829	2
0019835	1
0019843	3
0019856	1
0019867	20
0020037	34
0022625	5
0022627	3
0022857	136
0022900	7
0022904	6
0030001	3
0030060	1
0030091	3
0030145	4
0030151	7
0030163	1
0030170	25
0030234	3
0030245	2
0030246	10
0030253	5
0030256	1
0030261	2
0030272	1
0030288	12
0030488	2
0030527	1
0030552	3
0030554	3
0030604	1
0030643	1
0030655	2
0030674	2
0030694	5
0030697	1
0030894	1
0030955	1
0030973	1
0030976	5
0030983	2
0031071	2
0031167	3
0031267	1
0031317	1
0031402	1
0031419	2
0031522	3
0031564	1
0031992	4
0032049	2
0032150	1
0032259	11
0032297	1
0032300	1
0032324	1
0032329	1
0032363	1
0032784	4
0032955	1
0032977	1
0032993	13
0033014	3
0033214	1
0033539	1
0033567	1
0033592	1
0033711	1
0033739	1
0033744	1
0033818	1
0033819	1
0033840	1
0033856	1
0033862	1
0033890	1
0034057	1
0034204	1
0034220	5
0034702	2
0035312	1
0035438	4
0035556	2
0035632	1
0035870	1
0036125	1
0036211	10
0036222	1
0036374	1
0036424	1
0038023	2
0042026	2
0042128	1
0042132	1
0042158	1
0042167	1
0042254	6
0042273	1
0042274	1
0042277	1
0042279	4
0042286	1
0042450	1
0042546	2
0042578	5
0042586	2
0042597	8
0042626	48
0042780	1
0042802	28
0042803	1
0042823	1
0042834	7
0042853	1
0042908	13
0042910	5
0042953	5
0043022	6
0043039	2
0043093	1
0043094	1
0043101	1
0043107	3
0043115	1
0043138	1
0043163	1
0043165	3
0043169	1
0043190	13
0043213	1
0043295	1
0043335	1
0043365	2
0043531	1
0043546	6
0043565	20
0043571	2
0043633	1
0043683	8
0043752	1
0043811	1
0043824	1
0043828	1
0043856	2
0043867	1
0043874	1
0043952	4
0043953	1
0044183	1
0044205	1
0044238	1
0044423	1
0044571	1
0044780	15
0044781	2
0044874	1
0044877	1
0045127	1
0045148	1
0045152	1
0045182	2
0045252	2
0045254	2
0045259	4
0045273	2
0045275	1
0045277	2
0045301	1
0045454	2
0045861	2
0045892	7
0045893	1
0045900	1
0046081	1
0046118	1
0046177	1
0046294	1
0046316	1
0046417	1
0046421	1
0046428	1
0046429	1
0046500	2
0046654	4
0046656	1
0046677	3
0046685	2
0046688	1
0046820	2
0046835	2
0046854	1
0046872	160
0046873	2
0046912	2
0046914	1
0046933	5
0046983	2
0047134	1
0047348	1
0047420	1
0047429	2
0047456	1
0047475	1
0047480	1
0047617	6
0047661	1
0047804	2
0047834	1
0047932	1
0047952	1
0048001	1
0048034	1
0048472	1
0048501	1
0050135	1
0050136	1
0050263	1
0050269	1
0050380	1
0050415	1
0050440	1
0050480	1
0050511	1
0050515	1
0050518	1
0050568	1
0050570	1
0050626	1
0050660	28
0050661	14
0050821	1
0050992	1
0051073	1
0051082	9
0051083	1
0051087	3
0051139	3
0051213	1
0051252	1
0051259	1
0051262	1
0051287	16
0051301	9
0051304	1
0051409	1
0051536	19
0051537	7
0051539	36
0051540	1
0051596	2
0051603	1
0051604	4
0051745	1
0051782	2
0051903	1
0051920	1
0051989	1
0052381	1
0052621	14
0052689	2
0052693	1
0052873	1
0052906	1
0052913	1
0055052	19
0055085	173
0060274	1
0061024	1
0061077	5
0061542	1
0061599	1
0061710	2
0061799	1
0070006	8
0070009	2
0070063	1
0070069	1
0070204	1
0070205	1
0070395	1
0070401	2
0070402	1
0070403	6
0070404	1
0070475	1
0070573	1
0070733	1
0070905	1
0070968	2
0071111	9
0071555	7
0071704	2
0071705	2
0071709	1
0071793	1
0071805	2
0071941	1
0071949	10
0071951	1
0071972	2
0071973	21
0071978	1
0075713	1
0090529	1
0097163	2
0097347	1
0097367	3
0097588	1
0097657	1
0098003	1
0098024	1
0098561	2
0098567	2
0098662	3
0098847	1
0101006	1
0102039	1
0103117	1
0106130	1
0106141	1
0106219	2
0106361	1
0110001	1
0110142	2
0120225	1
0140078	1
0140098	1
0140110	2
0140327	2
0140358	2
0140359	53
0140658	1
0140662	3
0140741	1
0141014	1
0141100	1
0160105	1
0170035	1
1901135	1
1901137	1
1901642	2
1901891	1
1902600	8
1903424	1
1903425	1
1904047	28
1904680	1
1905887	1
1990107	1
1990229	1
1990397	1
1990586	1
1990610	1
1990817	1
1990961	1
