0000015	1
0000030	1
0000035	2
0000036	2
0000049	8
0000098	1
0000103	1
0000104	2
0000105	11
0000107	3
0000154	2
0000155	14
0000156	20
0000160	30
0000162	6
0000166	31
0000179	1
0000210	1
0000270	1
0000271	7
0000286	1
0000287	21
0000302	1
0000311	1
0000314	3
0000315	3
0000413	4
0000451	1
0000701	1
0000724	2
0000774	1
0000902	2
0000906	1
0000910	2
0000917	1
0000921	1
0000976	1
0001216	1
0001510	3
0001522	6
0001530	1
0001539	6
0001727	3
0001932	1
0002098	1
0002161	1
0002949	3
0003676	20
0003677	166
0003678	9
0003684	5
0003688	1
0003697	7
0003700	56
0003723	34
0003725	1
0003735	54
0003743	3
0003746	4
0003747	2
0003755	11
0003774	6
0003824	36
0003825	1
0003842	1
0003848	1
0003849	1
0003852	1
0003855	1
0003856	1
0003858	1
0003861	2
0003862	1
0003864	1
0003866	1
0003868	1
0003870	1
0003879	1
0003883	1
0003886	1
0003887	10
0003899	7
0003906	1
0003910	1
0003911	2
0003913	1
0003916	1
0003917	3
0003918	4
0003919	1
0003922	1
0003924	13
0003934	1
0003935	1
0003937	1
0003938	1
0003941	2
0003942	1
0003949	1
0003951	1
0003952	1
0003960	1
0003963	1
0003964	1
0003977	1
0003978	1
0003983	1
0003984	1
0003985	3
0003987	2
0003989	5
0003991	1
0003994	1
0003995	8
0003999	1
0004013	1
0004015	1
0004018	1
0004019	1
0004022	1
0004035	2
0004040	1
0004044	1
0004045	1
0004047	1
0004048	1
0004049	2
0004055	1
0004056	1
0004057	1
0004061	1
0004066	1
0004067	2
0004070	1
0004072	1
0004073	1
0004075	2
0004076	1
0004077	1
0004084	1
0004088	1
0004089	3
0004096	2
0004107	1
0004109	2
0004124	1
0004126	1
0004129	6
0004140	1
0004141	1
0004146	2
0004148	2
0004149	1
0004150	1
0004151	2
0004152	1
0004156	1
0004160	1
0004170	1
0004174	1
0004176	3
0004177	4
0004180	3
0004181	1
0004185	1
0004190	5
0004197	1
0004222	6
0004252	11
0004298	1
0004314	1
0004315	3
0004316	1
0004318	1
0004322	1
0004325	1
0004326	1
0004332	1
0004333	1
0004340	2
0004345	1
0004347	1
0004349	2
0004350	1
0004352	1
0004356	1
0004357	1
0004358	1
0004359	1
0004360	1
0004362	1
0004363	1
0004364	1
0004368	1
0004370	1
0004372	1
0004375	2
0004385	1
0004386	3
0004392	1
0004397	1
0004399	1
0004400	1
0004401	1
0004412	1
0004413	1
0004416	1
0004418	1
0004424	1
0004425	1
0004427	1
0004450	1
0004451	1
0004456	1
0004467	1
0004470	1
0004471	1
0004474	1
0004475	1
0004476	1
0004478	1
0004479	1
0004488	1
0004489	1
0004494	1
0004497	13
0004505	1
0004514	1
0004518	7
0004519	12
0004521	1
0004523	4
0004525	1
0004526	1
0004527	1
0004534	1
0004536	1
0004540	4
0004550	1
0004553	4
0004585	1
0004588	1
0004590	1
0004591	1
0004592	1
0004594	1
0004595	1
0004601	2
0004602	1
0004604	1
0004605	1
0004609	2
0004612	1
0004617	1
0004618	1
0004619	1
0004632	1
0004633	1
0004634	1
0004635	1
0004636	1
0004637	1
0004638	1
0004639	1
0004640	1
0004641	1
0004642	2
0004643	1
0004644	2
0004648	1
0004654	1
0004655	1
0004657	1
0004659	3
0004664	1
0004673	14
0004674	2
0004719	1
0004721	1
0004725	2
0004733	3
0004735	1
0004739	2
0004742	1
0004743	1
0004748	2
0004749	1
0004750	1
0004764	1
0004781	1
0004784	1
0004789	2
0004791	1
0004793	1
0004794	1
0004795	1
0004797	1
0004798	2
0004799	2
0004802	1
0004803	2
0004805	1
0004807	1
0004812	3
0004813	1
0004814	1
0004817	1
0004818	2
0004820	3
0004821	1
0004822	1
0004823	1
0004824	1
0004825	1
0004826	2
0004827	1
0004828	1
0004829	1
0004830	1
0004831	1
0004832	1
0004833	1
0004834	2
0004844	1
0004851	1
0004852	1
0004853	1
0005047	1
0005048	1
0005198	12
0005215	4
0005216	3
0005267	1
0005283	1
0005298	1
0005337	2
0005344	1
0005375	3
0005506	8
0005507	5
0005509	1
0005515	27
0005524	166
0005525	30
0005536	1
0005542	3
0005576	4
0005694	3
0005737	50
0005829	3
0005840	30
0005854	1
0005886	45
0005960	1
0005975	13
0005992	2
0006006	2
0006011	1
0006012	1
0006015	1
0006044	1
0006048	1
0006064	1
0006071	2
0006072	1
0006081	1
0006086	2
0006090	2
0006091	1
0006094	4
0006096	8
0006097	1
0006098	2
0006099	9
0006102	1
0006120	2
0006139	1
0006163	1
0006164	4
0006168	2
0006177	1
0006189	7
0006203	1
0006207	4
0006220	1
0006221	3
0006226	1
0006229	1
0006231	2
0006233	2
0006241	1
0006259	1
0006260	25
0006261	2
0006265	7
0006269	1
0006270	1
0006275	1
0006281	28
0006282	1
0006284	5
0006289	3
0006298	2
0006304	2
0006306	2
0006308	3
0006310	26
0006313	2
0006351	6
0006352	10
0006353	3
0006355	83
0006364	7
0006396	10
0006397	1
0006400	6
0006402	2
0006412	60
0006413	3
0006414	4
0006415	5
0006418	2
0006419	1
0006420	1
0006423	1
0006424	4
0006426	3
0006427	1
0006428	1
0006429	1
0006430	1
0006431	1
0006432	2
0006433	1
0006434	1
0006435	1
0006436	1
0006437	1
0006438	1
0006450	1
0006457	9
0006465	4
0006468	1
0006470	2
0006486	8
0006493	1
0006508	52
0006520	5
0006522	1
0006526	3
0006527	1
0006528	1
0006529	1
0006534	1
0006535	2
0006537	2
0006541	1
0006542	1
0006546	3
0006548	2
0006556	1
0006559	3
0006561	3
0006564	3
0006567	1
0006568	1
0006569	2
0006572	2
0006574	1
0006592	1
0006605	4
0006614	1
0006629	5
0006631	6
0006633	16
0006637	1
0006654	1
0006665	1
0006720	2
0006729	1
0006730	3
0006741	1
0006744	6
0006749	7
0006750	4
0006751	2
0006777	7
0006779	5
0006780	1
0006782	1
0006783	1
0006788	1
0006790	3
0006793	1
0006796	1
0006799	1
0006801	2
0006808	4
0006810	15
0006811	1
0006812	8
0006813	1
0006814	4
0006817	5
0006825	3
0006826	2
0006855	2
0006865	4
0006869	1
0006879	1
0006885	2
0006886	3
0006935	10
0006950	1
0006974	1
0006979	8
0007059	4
0007154	1
0007155	3
0007165	19
0008033	11
0008080	23
0008081	2
0008094	2
0008097	1
0008113	2
0008121	3
0008124	1
0008134	3
0008135	1
0008137	9
0008146	4
0008152	6
0008153	1
0008168	26
0008170	5
0008172	1
0008173	4
0008176	1
0008177	1
0008186	1
0008195	1
0008198	4
0008199	3
0008219	1
0008233	10
0008236	11
0008237	19
0008239	1
0008241	1
0008252	1
0008270	35
0008299	5
0008311	2
0008320	1
0008324	6
0008360	7
0008374	2
0008379	3
0008381	6
0008408	6
0008409	2
0008410	3
0008412	1
0008441	2
0008442	1
0008443	1
0008444	1
0008448	1
0008452	2
0008479	1
0008483	3
0008484	3
0008495	1
0008519	1
0008534	1
0008535	2
0008610	5
0008615	5
0008616	3
0008643	3
0008649	1
0008652	1
0008654	10
0008658	3
0008661	1
0008664	1
0008666	1
0008675	1
0008685	1
0008686	1
0008700	1
0008703	1
0008705	1
0008710	1
0008714	1
0008716	2
0008728	1
0008734	1
0008745	2
0008750	1
0008753	4
0008754	1
0008755	1
0008757	11
0008758	1
0008760	1
0008761	2
0008762	1
0008763	1
0008764	1
0008773	2
0008784	1
0008785	1
0008794	1
0008798	1
0008800	4
0008817	1
0008821	1
0008829	1
0008832	1
0008835	1
0008836	1
0008837	1
0008839	1
0008840	1
0008841	1
0008855	2
0008864	1
0008880	1
0008881	1
0008882	1
0008887	1
0008893	1
0008897	1
0008902	1
0008914	1
0008927	1
0008932	3
0008933	1
0008940	3
0008955	5
0008961	1
0008963	1
0008964	1
0008965	1
0008966	1
0008972	1
0008976	2
0008982	1
0008984	1
0008987	1
0008998	1
0009001	1
0009002	2
0009007	1
0009009	2
0009014	1
0009022	1
0009030	1
0009037	1
0009055	24
0009058	5
0009060	2
0009073	4
0009081	1
0009082	3
0009085	1
0009086	4
0009088	2
0009089	7
0009094	1
0009098	4
0009102	4
0009103	1
0009107	1
0009113	2
0009116	3
0009117	2
0009132	2
0009146	2
0009152	3
0009156	1
0009165	1
0009228	7
0009229	1
0009236	3
0009240	1
0009245	3
0009246	1
0009249	2
0009252	22
0009255	2
0009263	2
0009265	1
0009271	1
0009274	1
0009279	37
0009288	6
0009294	1
0009297	3
0009298	2
0009303	1
0009306	16
0009307	3
0009316	2
0009317	6
0009318	1
0009320	1
0009325	3
0009331	2
0009340	1
0009349	1
0009358	1
0009360	2
0009368	1
0009376	2
0009378	2
0009379	1
0009380	2
0009381	1
0009396	3
0009399	1
0009401	2
0009408	2
0009423	2
0009424	2
0009425	3
0009426	2
0009427	2
0009428	3
0009431	3
0009432	3
0009435	5
0009446	1
0009451	3
0009678	1
0009691	2
0009851	1
0009898	1
0009966	5
0009975	5
0009982	6
0010038	1
0010124	1
0010133	1
0010181	24
0010257	2
0010945	1
0015031	7
0015035	2
0015036	4
0015074	7
0015078	6
0015079	2
0015093	1
0015095	1
0015103	2
0015136	1
0015150	1
0015159	1
0015171	2
0015221	2
0015232	2
0015252	1
0015267	6
0015288	6
0015291	2
0015293	8
0015297	6
0015343	1
0015385	2
0015415	3
0015439	1
0015450	4
0015535	1
0015558	1
0015562	8
0015628	3
0015645	1
0015648	1
0015662	2
0015693	1
0015739	1
0015756	1
0015774	1
0015824	1
0015833	1
0015886	2
0015891	7
0015914	1
0015920	3
0015930	2
0015934	8
0015935	6
0015937	3
0015940	2
0015941	1
0015949	1
0015970	1
0015977	1
0015986	8
0015990	1
0016020	195
0016024	1
0016032	1
0016034	1
0016042	3
0016052	1
0016114	1
0016117	1
0016149	2
0016153	1
0016158	1
0016208	2
0016226	9
0016301	4
0016310	13
0016311	2
0016407	2
0016410	1
0016421	1
0016433	1
0016434	1
0016462	1
0016491	66
0016531	1
0016597	2
0016598	1
0016614	2
0016616	5
0016620	4
0016627	12
0016628	1
0016638	1
0016639	1
0016646	1
0016651	4
0016655	3
0016682	1
0016702	2
0016703	5
0016705	9
0016706	1
0016709	5
0016717	1
0016722	1
0016740	7
0016746	30
0016747	7
0016757	14
0016763	1
0016765	1
0016773	1
0016776	2
0016779	4
0016780	4
0016782	2
0016783	2
0016787	85
0016788	1
0016790	14
0016791	3
0016793	1
0016798	5
0016799	5
0016810	4
0016812	1
0016817	2
0016818	2
0016829	8
0016832	1
0016836	7
0016840	1
0016846	7
0016853	7
0016857	1
0016868	1
0016874	9
0016879	1
0016881	2
0016884	1
0016887	45
0016901	2
0016987	11
0016989	1
0016992	1
0017000	2
0017004	5
0017038	2
0017061	1
0017136	1
0017148	1
0017150	1
0018104	2
0018339	1
0018364	1
0018454	1
0018580	1
0018738	1
0018826	1
0019068	4
0019082	1
0019104	3
0019134	1
0019171	1
0019200	1
0019205	1
0019239	1
0019243	1
0019264	1
0019277	1
0019288	2
0019346	6
0019354	1
0019379	1
0019427	2
0019430	1
0019441	1
0019464	1
0019509	1
0019538	1
0019556	1
0019557	1
0019632	1
0019645	1
0019646	1
0019674	1
0019752	1
0019825	1
0019829	1
0019843	3
0019856	2
0019867	9
0019899	1
0020037	18
0022625	5
0022627	3
0022857	45
0022900	2
0022904	3
0030001	4
0030091	5
0030145	2
0030151	2
0030163	1
0030170	20
0030234	3
0030246	1
0030255	3
0030257	1
0030261	3
0030272	1
0030288	6
0030366	1
0030416	1
0030420	2
0030429	1
0030435	4
0030488	1
0030527	2
0030552	2
0030604	1
0030643	1
0030655	3
0030674	2
0030694	3
0030955	1
0030956	2
0030976	4
0030983	2
0031071	1
0031167	2
0031402	1
0031419	2
0031522	2
0031992	2
0032259	11
0032300	1
0032775	1
0032784	3
0032977	1
0032981	1
0032993	2
0033014	3
0033739	1
0033743	2
0033744	2
0033818	1
0033819	1
0033856	1
0033862	1
0033890	2
0033897	1
0033922	1
0034204	1
0034220	6
0034702	2
0035438	10
0035596	1
0035870	1
0036211	3
0036222	1
0036374	2
0036382	1
0036424	1
0036431	1
0038023	1
0042026	2
0042126	2
0042132	1
0042158	1
0042254	3
0042450	2
0042578	3
0042586	1
0042597	3
0042619	1
0042626	20
0042773	4
0042776	1
0042780	1
0042802	6
0042803	3
0042823	1
0042834	11
0042853	1
0042908	1
0042910	3
0042953	1
0043022	5
0043093	3
0043137	1
0043139	1
0043165	1
0043190	8
0043213	1
0043295	1
0043335	1
0043461	1
0043565	9
0043684	2
0043687	1
0043805	1
0043811	1
0043824	1
0043934	1
0043952	4
0043953	1
0044097	2
0044205	1
0044209	1
0044238	1
0044423	3
0044780	10
0044781	4
0045017	1
0045182	1
0045227	1
0045240	2
0045252	1
0045254	2
0045259	6
0045271	1
0045273	2
0045275	1
0045277	1
0045436	1
0045454	2
0045892	3
0045893	1
0045900	1
0045936	1
0046081	1
0046118	1
0046167	1
0046294	1
0046417	1
0046429	1
0046654	4
0046656	1
0046677	3
0046685	1
0046820	1
0046857	1
0046872	150
0046873	1
0046912	1
0046914	1
0046933	4
0046983	2
0047429	2
0047434	1
0047480	1
0047617	9
0047661	2
0047804	1
0047952	1
0048027	1
0048034	1
0048038	5
0048501	1
0050126	1
0050129	1
0050136	5
0050242	1
0050269	1
0050311	1
0050380	1
0050446	3
0050480	1
0050511	1
0050515	1
0050518	1
0050567	2
0050570	1
0050656	4
0050660	29
0050661	8
0050992	1
0051082	5
0051083	1
0051087	1
0051116	2
0051131	1
0051205	1
0051213	2
0051262	1
0051287	19
0051301	11
0051353	1
0051536	13
0051537	7
0051539	23
0051603	1
0051745	1
0051903	1
0051920	4
0051983	1
0051989	1
0052381	1
0052547	2
0052621	10
0052693	1
0052699	2
0052706	1
0052906	1
0052913	1
0052929	1
0055052	5
0055085	78
0055129	1
0061542	1
0061599	1
0061603	1
0061710	1
0061799	1
0070006	4
0070007	1
0070009	1
0070063	1
0070064	1
0070069	1
0070401	1
0070402	3
0070403	14
0070475	1
0070573	2
0070905	1
0070968	2
0071111	7
0071513	1
0071555	14
0071705	3
0071709	1
0071805	2
0071949	6
0071951	1
0071972	2
0071973	15
0071978	2
0072344	1
0072488	1
0072570	1
0072593	1
0089714	1
0090729	3
0097347	1
0097367	1
0098662	1
0098797	2
0098869	2
0102039	1
0106219	2
0110001	4
0120225	2
0140078	1
0140098	1
0140110	3
0140327	3
0140358	2
0140359	21
0140662	1
0140663	1
0141098	1
1901137	1
1901642	2
1902209	1
1902495	1
1902600	7
1902604	1
1903424	1
1903425	1
1904047	30
1904680	1
1905887	3
1990063	1
1990610	1
